      4041.08  5.087598E-17
      4045.43  2.280522E-17
      4049.78  3.454227E-17
      4054.14  8.791541E-17
      4058.49  1.097261E-16
      4062.84  8.476744E-17
      4067.20  6.145647E-17
      4071.55  4.847652E-17
      4075.91  6.643688E-17
      4080.26  7.626378E-17
      4084.61  5.539463E-17
      4088.97  3.351594E-17
      4093.32  4.727563E-17
      4097.68  8.500088E-17
      4102.03  1.103714E-16
      4106.38  1.479671E-16
      4110.74  1.171080E-16
      4115.09  8.487663E-17
      4119.44  7.355539E-17
      4123.80  8.807908E-17
      4128.15  9.153698E-17
      4132.51  6.489873E-17
      4136.86  4.060928E-17
      4141.21  7.798934E-17
      4145.57  1.072299E-16
      4149.92  1.111833E-16
      4154.28  8.603814E-17
      4158.63  9.082999E-17
      4162.98  9.667029E-17
      4167.34  6.983506E-17
      4171.69  4.693075E-17
      4176.05  5.685392E-17
      4180.40  1.111477E-16
      4184.75  9.760111E-17
      4189.11  2.184485E-17
      4193.46 -3.608932E-18
      4197.81  4.136944E-17
      4202.17  4.810976E-17
      4206.52  1.265095E-17
      4210.88  3.501592E-17
      4215.23  2.125670E-17
      4219.58  3.818809E-17
      4223.94  1.077779E-16
      4228.29  1.100806E-16
      4232.65  7.139290E-17
      4237.00  8.057252E-17
      4241.35  1.372539E-16
      4245.71  1.140739E-16
      4250.06  5.552344E-17
      4254.41  7.429168E-17
      4258.77  1.341403E-16
      4263.12  9.433713E-17
      4267.48  6.728258E-17
      4271.83  7.820106E-17
      4276.18  5.071455E-17
      4280.54  8.779966E-18
      4284.89 -2.707908E-17
      4289.25 -1.466423E-17
      4293.60  9.844384E-19
      4297.95 -5.997026E-18
      4302.31  6.408818E-17
      4306.66  9.966260E-17
      4311.01  7.899765E-17
      4315.37  7.987639E-17
      4319.72  5.567056E-17
      4324.08  6.479054E-17
      4328.43  6.516742E-17
      4332.78  4.498483E-18
      4337.14  2.984319E-17
      4341.49  6.113798E-17
      4345.85  7.870274E-17
      4350.20  1.330302E-16
      4354.55  1.127602E-16
      4358.91  5.816928E-17
      4363.26  6.402551E-17
      4367.61  9.537053E-17
      4371.97  1.007315E-16
      4376.32  1.177601E-16
      4380.68  1.164043E-16
      4385.03  1.047074E-16
      4389.38  1.153646E-16
      4393.74  1.219606E-16
      4398.09  1.162609E-16
      4402.45  8.616492E-17
      4406.80  7.915186E-17
      4411.15  1.047641E-16
      4415.51  7.188217E-17
      4419.86  7.154928E-17
      4424.21  1.329217E-16
      4428.57  1.103668E-16
      4432.92  5.396436E-17
      4437.28  7.242194E-17
      4441.63  9.526564E-17
      4445.98  9.684289E-17
      4450.34  8.605290E-17
      4454.69  8.055584E-17
      4459.05  8.625676E-17
      4463.40  8.884691E-17
      4467.75  1.144815E-16
      4472.11  1.241493E-16
      4476.46  8.544835E-17
      4480.82  1.101323E-16
      4485.17  1.405277E-16
      4489.52  8.122059E-17
      4493.88  5.463903E-17
      4498.23  9.078348E-17
      4502.58  9.479864E-17
      4506.94  8.916032E-17
      4511.29  7.962822E-17
      4515.65  5.499564E-17
      4520.00  7.247412E-17
      4524.35  8.813970E-17
      4528.71  8.734325E-17
      4533.06  8.655109E-17
      4537.42  7.857523E-17
      4541.77  1.224528E-16
      4546.12  9.028151E-17
      4550.48  4.291365E-17
      4554.83  6.797157E-17
      4559.18  1.057969E-16
      4563.54  9.370240E-17
      4567.89  9.247255E-17
      4572.25  1.237749E-16
      4576.60  1.796011E-16
      4580.95  2.129241E-16
      4585.31  2.144829E-16
      4589.66  2.041700E-16
      4594.02  1.737346E-16
      4598.37  1.583129E-16
      4602.72  1.867423E-16
      4607.08  2.008764E-16
      4611.43  1.975738E-16
      4615.78  2.020146E-16
      4620.14  2.191662E-16
      4624.49  1.781392E-16
      4628.85  1.547647E-16
      4633.20  1.770975E-16
      4637.55  1.766960E-16
      4641.91  1.862967E-16
      4646.26  2.042252E-16
      4650.62  1.850776E-16
      4654.97  1.605898E-16
      4659.32  1.843581E-16
      4663.68  1.983445E-16
      4668.03  1.973232E-16
      4672.38  2.093905E-16
      4676.74  1.991815E-16
      4681.09  1.806076E-16
      4685.45  1.815593E-16
      4689.80  1.263103E-16
      4694.15  1.306776E-16
      4698.51  1.978340E-16
      4702.86  1.813998E-16
      4707.22  1.613793E-16
      4711.57  1.818775E-16
      4715.92  1.796225E-16
      4720.28  1.696781E-16
      4724.63  1.410264E-16
      4728.98  1.428095E-16
      4733.34  1.788568E-16
      4737.69  1.743445E-16
      4742.05  1.577730E-16
      4746.40  1.562430E-16
      4750.75  1.863234E-16
      4755.11  2.070736E-16
      4759.46  1.809794E-16
      4763.82  1.586937E-16
      4768.17  1.296705E-16
      4772.52  1.602746E-16
      4776.88  1.750859E-16
      4781.23  1.741685E-16
      4785.59  1.677252E-16
      4789.94  1.453670E-16
      4794.29  1.190113E-16
      4798.65  9.670080E-17
      4803.00  1.025872E-16
      4807.35  1.101409E-16
      4811.71  8.688564E-17
      4816.06  6.528571E-17
      4820.42  4.990924E-17
      4824.77  1.516794E-17
      4829.12  1.186558E-17
      4833.48  4.961564E-17
      4837.83  5.957469E-17
      4842.19  6.717440E-17
      4846.54  1.385313E-16
      4850.89  2.339790E-16
      4855.25  2.752338E-16
      4859.60  2.723193E-16
      4863.95  2.791553E-16
      4868.31  2.859428E-16
      4872.66  2.955691E-16
      4877.02  2.905396E-16
      4881.37  2.224964E-16
      4885.72  1.720808E-16
      4890.08  1.991008E-16
      4894.43  2.475366E-16
      4898.79  2.882688E-16
      4903.14  2.879600E-16
      4907.49  2.951049E-16
      4911.85  2.895824E-16
      4916.20  2.858600E-16
      4920.55  2.666867E-16
      4924.91  2.687847E-16
      4929.26  2.906488E-16
      4933.62  2.932315E-16
      4937.97  2.811622E-16
      4942.32  2.721748E-16
      4946.68  2.872099E-16
      4951.03  2.887965E-16
      4955.39  2.816125E-16
      4959.74  2.668325E-16
      4964.09  2.475018E-16
      4968.45  2.308121E-16
      4972.80  2.174501E-16
      4977.15  1.804452E-16
      4981.51  1.321704E-16
      4985.86  1.418666E-16
      4990.22  1.555204E-16
      4994.57  1.600588E-16
      4998.92  1.805807E-16
      5003.28  2.074268E-16
      5007.63  2.268909E-16
      5011.99  2.411987E-16
      5016.34  2.767501E-16
      5020.69  3.067148E-16
      5025.05  2.452256E-16
      5029.40  1.626831E-16
      5033.75  1.973662E-16
      5038.11  2.557317E-16
      5042.46  2.772504E-16
      5046.82  2.718793E-16
      5051.17  2.486231E-16
      5055.52  2.509877E-16
      5059.88  2.716274E-16
      5064.23  2.740998E-16
      5068.59  2.553711E-16
      5072.94  2.520992E-16
      5077.29  2.354325E-16
      5081.65  2.158201E-16
      5086.00  2.219802E-16
      5090.36  2.240585E-16
      5094.71  2.194590E-16
      5099.06  2.137430E-16
      5103.42  2.154256E-16
      5107.77  2.025609E-16
      5112.12  1.916611E-16
      5116.48  1.785711E-16
      5120.83  1.541819E-16
      5125.19  1.570038E-16
      5129.54  1.517224E-16
      5133.89  1.337111E-16
      5138.25  1.326310E-16
      5142.60  1.296310E-16
      5146.96  1.267643E-16
      5151.31  1.349778E-16
      5155.66  1.395195E-16
      5160.02  1.547701E-16
      5164.37  1.751637E-16
      5168.72  1.765039E-16
      5173.08  1.756857E-16
      5177.43  1.872307E-16
      5181.79  1.970672E-16
      5186.14  2.075845E-16
      5190.49  2.074353E-16
      5194.85  2.148516E-16
      5199.20  2.074908E-16
      5203.56  2.123766E-16
      5207.91  2.432191E-16
      5212.26  2.637445E-16
      5216.62  2.840263E-16
      5220.97  2.807991E-16
      5225.32  2.609162E-16
      5229.68  2.686044E-16
      5234.03  2.725076E-16
      5238.39  2.607856E-16
      5242.74  2.524488E-16
      5247.09  2.429564E-16
      5251.45  2.272874E-16
      5255.80  2.323164E-16
      5260.16  2.394842E-16
      5264.51  2.420782E-16
      5268.86  2.453958E-16
      5273.22  2.437192E-16
      5277.57  2.507005E-16
      5281.92  2.530165E-16
      5286.28  2.365236E-16
      5290.63  2.356603E-16
      5294.99  2.497423E-16
      5299.34  2.517240E-16
      5303.69  2.548964E-16
      5308.05  2.627785E-16
      5312.40  2.629299E-16
      5316.76  2.598275E-16
      5321.11  2.572465E-16
      5325.46  2.358176E-16
      5329.82  2.345567E-16
      5334.17  2.614111E-16
      5338.52  2.774749E-16
      5342.88  2.773105E-16
      5347.23  2.614511E-16
      5351.59  2.793146E-16
      5355.94  2.858237E-16
      5360.29  2.782166E-16
      5364.65  2.812793E-16
      5369.00  2.702557E-16
      5373.36  2.595107E-16
      5377.71  2.586827E-16
      5382.06  2.492535E-16
      5386.42  2.513807E-16
      5390.77  2.623152E-16
      5395.13  2.520224E-16
      5399.48  2.500351E-16
      5403.83  2.567993E-16
      5408.19  2.567060E-16
      5412.54  2.718007E-16
      5416.89  2.722739E-16
      5421.25  2.606604E-16
      5425.60  2.719667E-16
      5429.96  2.700832E-16
      5434.31  2.592257E-16
      5438.66  2.680474E-16
      5443.02  2.796527E-16
      5447.37  2.868373E-16
      5451.73  2.805726E-16
      5456.08  2.862583E-16
      5460.43  2.964890E-16
      5464.79  3.149206E-16
      5469.14  3.216743E-16
      5473.49  3.025147E-16
      5477.85  2.889827E-16
      5482.20  2.803262E-16
      5486.56  2.583347E-16
      5490.91  2.538580E-16
      5495.26  2.673429E-16
      5499.62  2.570754E-16
      5503.97  2.502923E-16
      5508.33  2.713550E-16
      5512.68  2.873686E-16
      5517.03  2.976981E-16
      5521.39  3.012873E-16
      5525.74  2.989913E-16
      5530.09  2.890200E-16
      5534.45  2.911297E-16
      5538.80  3.052455E-16
      5543.16  3.087718E-16
      5547.51  3.082099E-16
      5551.86  2.982524E-16
      5556.22  3.013873E-16
      5560.57  3.020302E-16
      5564.93  3.129041E-16
      5569.28  3.237209E-16
      5573.63  3.170304E-16
      5577.99  3.097932E-16
      5582.34  2.860022E-16
      5586.69  2.589747E-16
      5591.05  2.601245E-16
      5595.40  2.679810E-16
      5599.76  2.455229E-16
      5604.11  2.440521E-16
      5608.46  2.615610E-16
      5612.82  2.505020E-16
      5617.17  2.413292E-16
      5621.53  2.483439E-16
      5625.88  2.405585E-16
      5630.23  2.269532E-16
      5634.59  2.435837E-16
      5638.94  2.507189E-16
      5643.29  2.365321E-16
      5647.65  2.377463E-16
      5652.00  2.465205E-16
      5656.36  2.420243E-16
      5660.71  2.464674E-16
      5665.06  2.653562E-16
      5669.42  2.621738E-16
      5673.77  2.556030E-16
      5678.13  2.590664E-16
      5682.48  2.474464E-16
      5686.83  2.338861E-16
      5691.19  2.491207E-16
      5695.54  2.631378E-16
      5699.90  2.559322E-16
      5704.25  2.457025E-16
      5708.60  2.442656E-16
      5712.96  2.624419E-16
      5717.31  2.543189E-16
      5721.66  2.500678E-16
      5726.02  2.592876E-16
      5730.37  2.543428E-16
      5734.73  2.526248E-16
      5739.08  2.492312E-16
      5743.43  2.426000E-16
      5747.79  2.498295E-16
      5752.14  2.534361E-16
      5756.50  2.474774E-16
      5760.85  2.465882E-16
      5765.20  2.515356E-16
      5769.56  2.484176E-16
      5773.91  2.430202E-16
      5778.26  2.409146E-16
      5782.62  2.393499E-16
      5786.97  2.165143E-16
      5791.33  2.084032E-16
      5795.68  2.131078E-16
      5800.03  2.025610E-16
      5804.39  1.852825E-16
      5808.74  1.712936E-16
      5813.10  1.565906E-16
      5817.45  1.313465E-16
      5821.80  9.875998E-17
      5826.16  7.453931E-17
      5830.51  5.627434E-17
      5834.86  4.501074E-17
      5839.22  4.075955E-17
      5843.57  4.073581E-17
      5847.93  5.849920E-17
      5852.28  7.460290E-17
      5856.63  8.475515E-17
      5860.99  1.174617E-16
      5865.34  1.299392E-16
      5869.70  1.412827E-16
      5874.05  1.883062E-16
      5878.40  2.463042E-16
      5882.76  2.896262E-16
      5887.11  3.236101E-16
      5891.46  3.606296E-16
      5895.82  3.999862E-16
      5900.17  4.360174E-16
      5904.53  4.794395E-16
      5908.88  4.873198E-16
      5913.23  4.724259E-16
      5917.59  4.854713E-16
      5921.94  4.939094E-16
      5926.30  4.740670E-16
      5930.65  4.796383E-16
      5935.00  4.799736E-16
      5939.36  4.597205E-16
      5943.71  4.284502E-16
      5948.07  4.021213E-16
      5952.42  3.762682E-16
      5956.77  3.661739E-16
      5961.13  3.516782E-16
      5965.48  3.266905E-16
      5969.83  3.253006E-16
      5974.19  3.322600E-16
      5978.54  3.013680E-16
      5982.90  2.903558E-16
      5987.25  3.183332E-16
      5991.60  3.234883E-16
      5995.96  3.099096E-16
      6000.31  3.027378E-16
      6004.67  2.925987E-16
      6009.02  2.762033E-16
      6013.37  2.769058E-16
      6017.73  2.863944E-16
      6022.08  2.706615E-16
      6026.43  2.653828E-16
      6030.79  2.727802E-16
      6035.14  2.801040E-16
      6039.50  2.807077E-16
      6043.85  2.696647E-16
      6048.20  2.548319E-16
      6052.56  2.559741E-16
      6056.91  2.558590E-16
      6061.27  2.577602E-16
      6065.62  2.491136E-16
      6069.97  2.416174E-16
      6074.33  2.498632E-16
      6078.68  2.313649E-16
      6083.03  2.150255E-16
      6087.39  2.164904E-16
      6091.74  2.254542E-16
      6096.10  2.261664E-16
      6100.45  2.268933E-16
      6104.80  2.467872E-16
      6109.16  2.586681E-16
      6113.51  2.555740E-16
      6117.87  2.517773E-16
      6122.22  2.516509E-16
      6126.57  2.583934E-16
      6130.93  2.653631E-16
      6135.28  2.649835E-16
      6139.63  2.681372E-16
      6143.99  2.728211E-16
      6148.34  2.714291E-16
      6152.70  2.839672E-16
      6157.05  2.968303E-16
      6161.40  2.931137E-16
      6165.76  3.155212E-16
      6170.11  3.280254E-16
      6174.47  3.357516E-16
      6178.82  3.484895E-16
      6183.17  3.373861E-16
      6187.53  3.231712E-16
      6191.88  3.135889E-16
      6196.23  3.039692E-16
      6200.59  2.938858E-16
      6204.94  2.878884E-16
      6209.30  2.850490E-16
      6213.65  2.782184E-16
      6218.00  2.714668E-16
      6222.36  2.839669E-16
      6226.71  2.887690E-16
      6231.07  2.868844E-16
      6235.42  2.834976E-16
      6239.77  2.871595E-16
      6244.13  3.010203E-16
      6248.48  3.052241E-16
      6252.84  3.006783E-16
      6257.19  3.097928E-16
      6261.54  3.247576E-16
      6265.90  3.409605E-16
      6270.25  3.637851E-16
      6274.60  3.748362E-16
      6278.96  3.926479E-16
      6283.31  3.967010E-16
      6287.67  3.892831E-16
      6292.02  4.044501E-16
      6296.37  3.978021E-16
      6300.73  3.935495E-16
      6305.08  3.762733E-16
      6309.44  3.726594E-16
      6313.79  3.687209E-16
      6318.14  3.541113E-16
      6322.50  3.437700E-16
      6326.85  3.527091E-16
      6331.20  3.686622E-16
      6335.56  3.723535E-16
      6339.91  3.721171E-16
      6344.27  3.781758E-16
      6348.62  3.734314E-16
      6352.97  3.761499E-16
      6357.33  3.898874E-16
      6361.68  3.808845E-16
      6366.04  3.570117E-16
      6370.39  3.413925E-16
      6374.74  3.377829E-16
      6379.10  3.361077E-16
      6383.45  3.333096E-16
      6387.80  3.162590E-16
      6392.16  2.983145E-16
      6396.51  2.988705E-16
      6400.87  3.118996E-16
      6405.22  3.161877E-16
      6409.57  3.044239E-16
      6413.93  2.798396E-16
      6418.28  2.571619E-16
      6422.64  2.427759E-16
      6426.99  2.442841E-16
      6431.34  3.281264E-16
      6435.70  3.214667E-16
      6440.05  2.611685E-16
      6444.40  2.296185E-16
      6448.76  1.965883E-16
      6453.11  1.857286E-16
      6457.47  1.845997E-16
      6461.82  1.648260E-16
      6466.17  1.398939E-16
      6470.53  1.291925E-16
      6474.88  1.200668E-16
      6479.24  1.091196E-16
      6483.59  9.745227E-17
      6487.94  9.525359E-17
      6492.30  1.101180E-16
      6496.65  1.377724E-16
      6501.00  1.701420E-16
      6505.36  2.231602E-16
      6509.71  3.113336E-16
      6514.07  4.513702E-16
      6518.42  6.349630E-16
      6522.77  8.927867E-16
      6527.13  1.204970E-15
      6531.48  1.558411E-15
      6535.84  1.913111E-15
      6540.19  2.213100E-15
      6544.54  2.433306E-15
      6548.90  2.523238E-15
      6553.25  2.507895E-15
      6557.61  2.435519E-15
      6561.96  2.336902E-15
      6566.31  2.231488E-15
      6570.67  2.060384E-15
      6575.02  1.904276E-15
      6579.37  1.835846E-15
      6583.73  1.685685E-15
      6588.08  1.508889E-15
      6592.44  1.576140E-15
      6596.79  1.708334E-15
      6601.14  1.770413E-15
      6605.50  1.812372E-15
      6609.85  1.820371E-15
      6614.21  1.781029E-15
      6618.56  1.680661E-15
      6622.91  1.554494E-15
      6627.27  1.370305E-15
      6631.62  1.165579E-15
      6635.97  9.884365E-16
      6640.33  8.390036E-16
      6644.68  7.135138E-16
      6649.04  6.306256E-16
      6653.39  5.761484E-16
      6657.74  5.412219E-16
      6662.10  5.055209E-16
      6666.45  4.503491E-16
      6670.81  4.220280E-16
      6675.16  4.004910E-16
      6679.51  3.646884E-16
      6683.87  3.479912E-16
      6688.22  3.409841E-16
      6692.57  3.305442E-16
      6696.93  3.152137E-16
      6701.28  2.976099E-16
      6705.64  2.922626E-16
      6709.99  2.886133E-16
      6714.34  2.911203E-16
      6718.70  3.052506E-16
      6723.05  3.028005E-16
      6727.41  2.994782E-16
      6731.76  2.864913E-16
      6736.11  2.765244E-16
      6740.47  2.627527E-16
      6744.82  2.633831E-16
      6749.17  2.757177E-16
      6753.53  2.761692E-16
      6757.88  2.572572E-16
      6762.24  2.578129E-16
      6766.59  2.633445E-16
      6770.94  2.497175E-16
      6775.30  2.459386E-16
      6779.65  2.504560E-16
      6784.01  2.532997E-16
      6788.36  2.518083E-16
      6792.71  2.413366E-16
      6797.07  2.608988E-16
      6801.42  2.702283E-16
      6805.77  2.580537E-16
      6810.13  2.451367E-16
      6814.48  2.412635E-16
      6818.84  2.351344E-16
      6823.19  2.340436E-16
      6827.54  2.421187E-16
      6831.90  2.540722E-16
      6836.25  2.610043E-16
      6840.61  2.598613E-16
      6844.96  2.498930E-16
      6849.31  2.453712E-16
      6853.67  2.508750E-16
      6858.02  2.401052E-16
      6862.38  2.437774E-16
      6866.73  2.527973E-16
      6871.08  2.407506E-16
      6875.44  2.345270E-16
      6879.79  2.279547E-16
      6884.14  2.219994E-16
      6888.50  2.155358E-16
      6892.85  2.241412E-16
      6897.21  2.258321E-16
      6901.56  2.178892E-16
      6905.91  2.233646E-16
      6910.27  2.354487E-16
      6914.62  2.417729E-16
      6918.98  2.284694E-16
      6923.33  2.216182E-16
      6927.68  2.288421E-16
      6932.04  2.296900E-16
      6936.39  2.308281E-16
      6940.74  2.343352E-16
      6945.10  2.387057E-16
      6949.45  2.436972E-16
      6953.81  2.341875E-16
      6958.16  2.316306E-16
      6962.51  2.262181E-16
      6966.87  2.283499E-16
      6971.22  2.388059E-16
      6975.58  2.416817E-16
      6979.93  2.465367E-16
      6984.28  2.621308E-16
      6988.64  2.563952E-16
      6992.99  2.310336E-16
      6997.34  2.394986E-16
      7001.70  2.454066E-16
      7006.05  2.337984E-16
      7010.41  2.327866E-16
      7014.76  2.375081E-16
      7019.11  2.393614E-16
      7023.47  2.434878E-16
      7027.82  2.625838E-16
      7032.18  2.698382E-16
      7036.53  2.707508E-16
      7040.88  2.665683E-16
      7045.24  2.678199E-16
      7049.59  2.747014E-16
      7053.94  2.746587E-16
      7058.30  2.677137E-16
      7062.65  2.702550E-16
      7067.01  2.691490E-16
      7071.36  2.699498E-16
      7075.71  2.731134E-16
      7080.07  2.604064E-16
      7084.42  2.610208E-16
      7088.78  2.640818E-16
      7093.13  2.629557E-16
      7097.48  2.655753E-16
      7101.84  2.663194E-16
      7106.19  2.872598E-16
      7110.54  3.019624E-16
      7114.90  2.998361E-16
      7119.25  2.900215E-16
      7123.61  2.891686E-16
      7127.96  2.989422E-16
      7132.31  3.073021E-16
      7136.67  3.012790E-16
      7141.02  2.868779E-16
      7145.38  2.916830E-16
      7149.73  3.003089E-16
      7154.08  2.880335E-16
      7158.44  2.794048E-16
      7162.79  2.846361E-16
      7167.15  2.805218E-16
      7171.50  2.778971E-16
      7175.85  2.775614E-16
      7180.21  2.579458E-16
      7184.56  2.526872E-16
      7188.91  2.557004E-16
      7193.27  2.582383E-16
      7197.62  2.711664E-16
      7201.98  2.761860E-16
      7206.33  2.654323E-16
      7210.68  2.645528E-16
      7215.04  2.674560E-16
      7219.39  2.751391E-16
      7223.75  2.813988E-16
      7228.10  2.778495E-16
      7232.45  2.868990E-16
      7236.81  2.850928E-16
      7241.16  2.974754E-16
      7245.51  3.421057E-16
      7249.87  3.739533E-16
      7254.22  4.062773E-16
      7258.58  4.473008E-16
      7262.93  4.925865E-16
      7267.28  5.230099E-16
      7271.64  5.258756E-16
      7275.99  5.174910E-16
      7280.35  5.199151E-16
      7284.70  5.386004E-16
      7289.05  5.627754E-16
      7293.41  6.005856E-16
      7297.76  6.099776E-16
      7302.11  5.978754E-16
      7306.47  5.815338E-16
      7310.82  5.568768E-16
      7315.18  5.278367E-16
      7319.53  5.119958E-16
      7323.88  5.042322E-16
      7328.24  4.987326E-16
      7332.59  5.150195E-16
      7336.95  5.399069E-16
      7341.30  5.495968E-16
      7345.65  5.354109E-16
      7350.01  5.066227E-16
      7354.36  4.710469E-16
      7358.71  4.439119E-16
      7363.07  4.368056E-16
      7367.42  4.249659E-16
      7371.78  4.235224E-16
      7376.13  4.383757E-16
      7380.48  4.172017E-16
      7384.84  3.918292E-16
      7389.19  3.717371E-16
      7393.55  3.510863E-16
      7397.90  3.335355E-16
      7402.25  3.274603E-16
      7406.61  3.156235E-16
      7410.96  3.093115E-16
      7415.32  2.998391E-16
      7419.67  2.967741E-16
      7424.02  2.990272E-16
      7428.38  2.942570E-16
      7432.73  2.971989E-16
      7437.08  3.012701E-16
      7441.44  2.902407E-16
      7445.79  2.791721E-16
      7450.15  2.798251E-16
      7454.50  2.943791E-16
      7458.85  2.770941E-16
      7463.21  2.720700E-16
      7467.56  2.745403E-16
      7471.92  2.653379E-16
      7476.27  2.517885E-16
      7480.62  2.619244E-16
      7484.98  2.629960E-16
      7489.33  2.679756E-16
      7493.68  2.781141E-16
      7498.04  2.733522E-16
      7502.39  2.727026E-16
      7506.75  2.745694E-16
      7511.10  2.752191E-16
      7515.45  2.760721E-16
      7519.81  2.641636E-16
      7524.16  2.582615E-16
      7528.52  2.641204E-16
      7532.87  2.708599E-16
      7537.22  2.557423E-16
      7541.58  2.447941E-16
      7545.93  2.580117E-16
      7550.28  2.503751E-16
      7554.64  2.379769E-16
      7558.99  2.371935E-16
      7563.35  2.260418E-16
      7567.70  2.225058E-16
      7572.05  2.197513E-16
      7576.41  2.065959E-16
      7580.76  1.912345E-16
      7585.12  1.668361E-16
      7589.47  1.542126E-16
      7593.82  1.499184E-16
      7598.18  1.310556E-16
      7602.53  9.884739E-17
      7606.88  6.339841E-17
      7611.24  5.745919E-17
      7615.59  5.786044E-17
      7619.95  5.415278E-17
      7624.30  6.060696E-17
      7628.65  5.985775E-17
      7633.01  6.060217E-17
      7637.36  6.441385E-17
      7641.72  6.990753E-17
      7646.07  8.416572E-17
      7650.42  1.035289E-16
      7654.78  1.106851E-16
      7659.13  1.148752E-16
      7663.48  1.401669E-16
      7667.84  1.487904E-16
      7672.19  1.676742E-16
      7676.55  2.002957E-16
      7680.90  2.316749E-16
      7685.25  2.571356E-16
      7689.61  2.965996E-16
      7693.96  3.415071E-16
      7698.32  3.683529E-16
      7702.67  3.823261E-16
      7707.02  3.910449E-16
      7711.38  3.974083E-16
      7715.73  4.104650E-16
      7720.09  4.004653E-16
      7724.44  3.793719E-16
      7728.79  3.671783E-16
      7733.15  3.496458E-16
      7737.50  3.227158E-16
      7741.85  3.226487E-16
      7746.21  3.145674E-16
      7750.56  2.980790E-16
      7754.92  2.979131E-16
      7759.27  2.920250E-16
      7763.62  2.919851E-16
      7767.98  2.867017E-16
      7772.33  2.831440E-16
      7776.69  2.758813E-16
      7781.04  2.765339E-16
      7785.39  3.032087E-16
      7789.75  2.983816E-16
      7794.10  2.813141E-16
      7798.45  2.823872E-16
      7802.81  2.612138E-16
      7807.16  2.556762E-16
      7811.52  2.716338E-16
      7815.87  2.603869E-16
      7820.22  2.582689E-16
      7824.58  2.614804E-16
      7828.93  2.560598E-16
      7833.29  2.473877E-16
      7837.64  2.474388E-16
      7841.99  2.478221E-16
      7846.35  2.370383E-16
      7850.70  2.410323E-16
      7855.05  2.541251E-16
      7859.41  2.466530E-16
      7863.76  2.383665E-16
      7868.12  2.416242E-16
      7872.47  2.418045E-16
      7876.82  2.411573E-16
      7881.18  2.536837E-16
      7885.53  2.347943E-16
      7889.89  2.161464E-16
      7894.24  2.107430E-16
      7898.59  2.086415E-16
      7902.95  2.074128E-16
      7907.30  2.228356E-16
      7911.65  2.350583E-16
      7916.01  2.339708E-16
      7920.36  2.254465E-16
      7924.72  2.439342E-16
      7929.07  2.558014E-16
      7933.42  2.404101E-16
      7937.78  2.270363E-16
      7942.13  2.375008E-16
      7946.49  2.502457E-16
      7950.84  2.342480E-16
      7955.19  2.364240E-16
      7959.55  2.437696E-16
      7963.90  2.485165E-16
      7968.25  2.659219E-16
      7972.61  2.625067E-16
      7976.96  2.440247E-16
      7981.32  2.365809E-16
      7985.67  2.432457E-16
      7990.02  2.455505E-16
      7994.38  2.429276E-16
      7998.73  2.377714E-16
      8003.09  2.351442E-16
      8007.44  2.424819E-16
      8011.79  2.505233E-16
      8016.15  2.437195E-16
      8020.50  2.430268E-16
      8024.86  2.363870E-16
      8029.21  2.370502E-16
      8033.56  2.549330E-16
      8037.92  2.579837E-16
      8042.27  2.635427E-16
      8046.62  2.605106E-16
      8050.98  2.585512E-16
      8055.33  2.651505E-16
      8059.69  2.599635E-16
      8064.04  2.571435E-16
      8068.39  2.618883E-16
      8072.75  2.585195E-16
      8077.10  2.553653E-16
      8081.46  2.607225E-16
      8085.81  2.746709E-16
      8090.16  2.786097E-16
      8094.52  2.691474E-16
      8098.87  2.622215E-16
      8103.22  2.567287E-16
      8107.58  2.530321E-16
      8111.93  2.624715E-16
      8116.29  2.553660E-16
      8120.64  2.433000E-16
      8124.99  2.437983E-16
      8129.35  2.401787E-16
      8133.70  2.293086E-16
      8138.06  2.226491E-16
      8142.41  2.279851E-16
      8146.76  2.259858E-16
      8151.12  2.209831E-16
      8155.47  2.154191E-16
      8159.82  2.017002E-16
      8164.18  1.867597E-16
      8168.53  1.746413E-16
      8172.89  1.799318E-16
      8177.24  1.924312E-16
      8181.59  1.876225E-16
      8185.95  1.801875E-16
      8190.30  1.859152E-16
      8194.66  2.006036E-16
      8199.01  1.929232E-16
      8203.36  1.974793E-16
      8207.72  2.266106E-16
      8212.07  2.487383E-16
      8216.42  2.437860E-16
      8220.78  2.367954E-16
      8225.13  2.463045E-16
      8229.49  2.369358E-16
      8233.84  2.217133E-16
      8238.19  2.251429E-16
      8242.55  2.313368E-16
      8246.90  2.433080E-16
      8251.26  2.542311E-16
      8255.61  2.439110E-16
      8259.96  2.299174E-16
      8264.32  2.197026E-16
      8268.67  2.207780E-16
      8273.02  2.234357E-16
      8277.38  2.154519E-16
      8281.73  2.196520E-16
      8286.09  2.272754E-16
      8290.44  2.226284E-16
      8294.79  2.307661E-16
      8299.15  2.423425E-16
      8303.50  2.312170E-16
      8307.86  2.274365E-16
      8312.21  2.388113E-16
      8316.56  2.390504E-16
      8320.92  2.386989E-16
      8325.27  2.168040E-16
      8329.63  2.061396E-16
      8333.98  2.425807E-16
      8338.33  2.404166E-16
      8342.69  2.355347E-16
      8347.04  2.633930E-16
      8351.39  2.726274E-16
      8355.75  2.774577E-16
      8360.10  2.883029E-16
      8364.46  2.823829E-16
      8368.81  2.690645E-16
      8373.16  2.649837E-16
      8377.52  2.652705E-16
      8381.87  2.589162E-16
      8386.23  2.327940E-16
      8390.58  2.185475E-16
      8394.93  2.175171E-16
      8399.29  2.239448E-16
      8403.64  2.371883E-16
      8407.99  2.564081E-16
      8412.35  2.488638E-16
      8416.70  2.493304E-16
      8421.06  2.564051E-16
      8425.41  2.480249E-16
      8429.76  2.335464E-16
      8434.12  2.213359E-16
      8438.47  2.165749E-16
      8442.83  2.109250E-16
      8447.18  2.093692E-16
      8451.53  2.164807E-16
      8455.89  2.250852E-16
      8460.24  2.523173E-16
      8464.59  2.857461E-16
      8468.95  2.887317E-16
      8473.30  2.942253E-16
      8477.66  3.035184E-16
      8482.01  3.424502E-16
      8486.36  3.755921E-16
      8490.72  4.230172E-16
      8495.07  5.281925E-16
      8499.43  6.528794E-16
      8503.78  7.514111E-16
      8508.13  8.415619E-16
      8512.49  9.437055E-16
      8516.84  1.021917E-15
      8521.19  1.060281E-15
      8525.55  1.081069E-15
      8529.90  1.061856E-15
      8534.26  1.050787E-15
      8538.61  1.041724E-15
      8542.96  1.008126E-15
      8547.32  9.678326E-16
      8551.67  9.342913E-16
      8556.03  9.163494E-16
      8560.38  8.707682E-16
      8564.73  8.457467E-16
      8569.09  7.856306E-16
      8573.44  7.125055E-16
      8577.79  6.669981E-16
      8582.15  6.297218E-16
      8586.50  5.890022E-16
      8590.86  5.411060E-16
      8595.21  5.039706E-16
      8599.56  4.661068E-16
      8603.92  4.127511E-16
      8608.27  3.999008E-16
      8612.63  4.258172E-16
      8616.98  4.802611E-16
      8621.33  5.485471E-16
      8625.69  6.014088E-16
      8630.04  6.515983E-16
      8634.40  6.877686E-16
      8638.75  7.159823E-16
      8643.10  7.257790E-16
      8647.46  7.135785E-16
      8651.81  7.055419E-16
      8656.16  7.129940E-16
      8660.52  7.276237E-16
      8664.87  7.513475E-16
      8669.23  7.758227E-16
      8673.58  8.072636E-16
      8677.93  8.088280E-16
      8682.29  8.040976E-16
      8686.64  8.084463E-16
      8691.00  8.210985E-16
      8695.35  8.140056E-16
      8699.70  8.180504E-16
      8704.06  7.955758E-16
      8708.41  7.876415E-16
      8712.76  8.073970E-16
      8717.12  8.190781E-16
      8721.47  8.167909E-16
      8725.83  8.149667E-16
      8730.18  8.052483E-16
      8734.53  7.562630E-16
      8738.89  7.147981E-16
      8743.24  6.882382E-16
      8747.60  6.378665E-16
      8751.95  5.812766E-16
      8756.30  5.473211E-16
      8760.66  4.860396E-16
      8765.01  4.404372E-16
      8769.36  4.109544E-16
      8773.72  3.943718E-16
      8778.07  3.877912E-16
      8782.43  3.969517E-16
      8786.78  3.988971E-16
      8791.13  3.760283E-16
      8795.49  3.590056E-16
      8799.84  3.250183E-16
      8804.20  3.087797E-16
      8808.55  3.294239E-16
      8812.90  3.386602E-16
      8817.26  3.439796E-16
      8821.61  3.278854E-16
      8825.96  3.494854E-16
      8830.32  3.537503E-16
      8834.67  3.329396E-16
      8839.03  3.086751E-16
      8843.38  3.309792E-16
      8847.73  3.416589E-16
      8852.09  3.316339E-16
      8856.44  3.206583E-16
      8860.80  3.112243E-16
      8865.15  3.208714E-16
      8869.50  3.238773E-16
      8873.86  3.150317E-16
      8878.21  3.127785E-16
      8882.56  3.207964E-16
      8886.92  3.258705E-16
      8891.27  2.870257E-16
      8895.63  2.610795E-16
      8899.98  2.497427E-16
      8904.33  2.212591E-16
      8908.69  2.462125E-16
      8913.04  2.679366E-16
      8917.40  2.597511E-16
      8921.75  2.419226E-16
      8926.10  2.329187E-16
      8930.46  2.341019E-16
      8934.81  2.270951E-16
      8939.17  2.399319E-16
      8943.52  2.539978E-16
      8947.87  2.440158E-16
      8952.23  2.188669E-16
      8956.58  2.228049E-16
      8960.93  2.213805E-16
      8965.29  2.088854E-16
      8969.64  2.054769E-16
      8974.00  2.079539E-16
      8978.35  2.072883E-16
      8982.70  1.968341E-16
      8987.06  2.016818E-16
      8991.41  1.969415E-16
      8995.77  1.728906E-16
      9000.12  1.848088E-16
      9004.47  2.142790E-16
      9008.83  2.180738E-16
      9013.18  2.134883E-16
      9017.53  2.180137E-16
      9021.89  2.206613E-16
      9026.24  2.276912E-16
      9030.60  2.409094E-16
      9034.95  2.397903E-16
      9039.30  2.400006E-16
      9043.66  2.418717E-16
      9048.01  2.383845E-16
      9052.37  2.520604E-16
      9056.72  2.579315E-16
      9061.07  2.494473E-16
      9065.43  2.440305E-16
      9069.78  2.436710E-16
      9074.13  2.386981E-16
      9078.49  2.280063E-16
      9082.84  2.302177E-16
      9087.20  2.389318E-16
      9091.55  2.369640E-16
      9095.90  2.150120E-16
      9100.26  2.015834E-16
      9104.61  2.132024E-16
      9108.97  2.341175E-16
      9113.32  2.549314E-16
      9117.67  2.627542E-16
      9122.03  2.546711E-16
      9126.38  2.492566E-16
      9130.73  2.807857E-16
      9135.09  2.769253E-16
      9139.44  2.579716E-16
      9143.80  2.635897E-16
      9148.15  2.622813E-16
      9152.50  2.566873E-16
      9156.86  2.554768E-16
      9161.21  2.466577E-16
      9165.57  2.345599E-16
      9169.92  2.228945E-16
      9174.27  2.062304E-16
      9178.63  1.964648E-16
      9182.98  2.077993E-16
      9187.34  2.285394E-16
      9191.69  2.162280E-16
      9196.04  2.045747E-16
      9200.40  2.145263E-16
      9204.75  2.185321E-16
      9209.10  2.062174E-16
      9213.46  2.028020E-16
      9217.81  2.007056E-16
      9222.17  2.041326E-16
      9226.52  2.135616E-16
      9230.87  2.401906E-16
      9235.23  2.367910E-16
      9239.58  2.248531E-16
      9243.94  2.352382E-16
      9248.29  2.314344E-16
      9252.64  2.163522E-16
      9257.00  2.179623E-16
      9261.35  2.586345E-16
      9265.70  2.637699E-16
      9270.06  2.527826E-16
      9274.41  2.871253E-16
      9278.77  2.847658E-16
      9283.12  2.562806E-16
      9287.47  2.441233E-16
      9291.83  2.568532E-16
      9296.18  2.695564E-16
      9300.54  2.919608E-16
      9304.89  2.654642E-16
      9309.24  2.266223E-16
      9313.60  2.069763E-16
      9317.95  1.929837E-16
      9322.30  1.750926E-16
      9326.66  1.844758E-16
      9331.01  1.913912E-16
      9335.37  1.670320E-16
      9339.72  1.564681E-16
      9344.07  1.512797E-16
      9348.43  1.295098E-16
      9352.78  1.217821E-16
      9357.14  1.266606E-16
      9361.49  1.398863E-16
      9365.84  1.558364E-16
      9370.20  1.771638E-16
      9374.55  1.915392E-16
      9378.90  1.852301E-16
      9383.26  1.646467E-16
      9387.61  1.682683E-16
      9391.97  1.895350E-16
      9396.32  2.194185E-16
      9400.67  2.286221E-16
      9405.03  2.210824E-16
      9409.38  2.294674E-16
      9413.74  1.902097E-16
      9418.09  1.849358E-16
      9422.44  2.222422E-16
      9426.80  2.095339E-16
      9431.15  1.915615E-16
      9435.50  1.701677E-16
      9439.86  1.762109E-16
      9444.21  2.183462E-16
      9448.57  1.959086E-16
      9452.92  1.656355E-16
      9457.27  1.714942E-16
      9461.63  1.885988E-16
      9465.98  1.622085E-16
      9470.34  1.438737E-16
      9474.69  1.836139E-16
      9479.04  2.151833E-16
      9483.40  1.836210E-16
      9487.75  1.662971E-16
      9492.11  1.720388E-16
      9496.46  1.824175E-16
      9500.81  1.600803E-16
      9505.17  1.529525E-16
      9509.52  1.873004E-16
      9513.87  1.750166E-16
      9518.23  1.642360E-16
      9522.58  1.645318E-16
      9526.94  2.013889E-16
      9531.29  2.260040E-16
      9535.64  1.944493E-16
      9540.00  1.653851E-16
      9544.35  1.801535E-16
      9548.71  1.823831E-16
      9553.06  1.549768E-16
      9557.41  1.575087E-16
      9561.77  1.658294E-16
      9566.12  1.259965E-16
      9570.47  1.093650E-16
      9574.83  1.408958E-16
      9579.18  1.734784E-16
      9583.54  1.726700E-16
      9587.89  1.522254E-16
      9592.24  1.539797E-16
      9596.60  1.722258E-16
      9600.95  1.668950E-16
      9605.31  1.628918E-16
      9609.66  1.473898E-16
      9614.01  1.178315E-16
      9618.37  1.190454E-16
      9622.72  1.349461E-16
      9627.07  1.345451E-16
      9631.43  1.312464E-16
      9635.78  1.370687E-16
      9640.14  1.382321E-16
      9644.49  1.287866E-16
      9648.84  1.353620E-16
      9653.20  1.616636E-16
      9657.55  1.622796E-16
      9661.91  1.240231E-16
      9666.26  1.302679E-16
      9670.61  1.346546E-16
      9674.97  1.345498E-16
      9679.32  1.584997E-16
      9683.67  1.771447E-16
      9688.03  1.479792E-16
      9692.38  1.267990E-16
      9696.74  1.357655E-16
      9701.09  1.456349E-16
      9705.44  1.479870E-16
      9709.80  1.436052E-16
      9714.15  1.348615E-16
      9718.51  1.284480E-16
      9722.86  1.100449E-16
      9727.21  8.669626E-17
      9731.57  9.848463E-17
      9735.92  1.120687E-16
      9740.27  1.137867E-16
      9744.63  8.390391E-17
      9748.98  9.109113E-17
      9753.34  1.016031E-16
      9757.69  9.141127E-17
      9762.04  9.609088E-17
      9766.40  1.102527E-16
      9770.75  1.320118E-16
      9775.11  1.375509E-16
      9779.46  1.077191E-16
      9783.81  7.029642E-17
      9788.17  6.077142E-17
      9792.52  6.926810E-17
      9796.88  7.546302E-17
      9801.23  8.487282E-17
      9805.58  9.248011E-17
      9809.94  9.463068E-17
      9814.29  1.203424E-16
      9818.64  1.241191E-16
      9823.00  9.841323E-17
      9827.35  9.478112E-17
      9831.71  7.339821E-17
      9836.06  7.398769E-17
      9840.41  7.898596E-17
      9844.77  9.816980E-17
      9849.12  1.245196E-16
      9853.48  1.211173E-16
      9857.83  1.088565E-16
      9862.18  9.346946E-17
      9866.54  9.777142E-17
      9870.89  1.045066E-16
      9875.24  8.703084E-17
      9879.60  6.807988E-17
      9883.95  7.709178E-17
      9888.31  1.166103E-16
      9892.66  1.241051E-16
      9897.01  9.853516E-17
      9901.37  8.363641E-17
      9905.72  5.474765E-17
      9910.08  7.182213E-17
      9914.43  5.561763E-17
      9918.78  8.652333E-17
      9923.14  1.028355E-16
      9927.49  1.031184E-16
      9931.84  8.633905E-17
      9936.20  1.140293E-16
      9940.55  1.613573E-16
      9944.91  1.778150E-16
      9949.26  1.758305E-16
      9953.61  1.393241E-16
      9957.97  7.187450E-17
      9962.32  5.577069E-17
      9966.68  8.407814E-17
      9971.03  7.941910E-17
      9975.38  1.016901E-16
      9979.74  1.030585E-16
      9984.09  8.528557E-17
      9988.44  5.425573E-17
      9992.80  6.330030E-17
      9997.15  6.870852E-17
