      3722.92  3.460273E-15
      3725.21  3.335126E-15
      3727.51  2.612154E-15
      3729.80  2.422152E-15
      3732.09  3.210420E-15
      3734.38  4.449342E-15
      3736.67  5.492692E-15
      3738.97  7.957093E-15
      3741.26  7.887941E-15
      3743.55  5.870606E-15
      3745.84  5.806213E-15
      3748.14  5.415312E-15
      3750.43  6.696554E-15
      3752.72  6.200699E-15
      3755.01  5.259147E-15
      3757.30  5.448834E-15
      3759.60  6.094274E-15
      3761.89  5.652092E-15
      3764.18  8.694771E-15
      3766.47  8.668230E-15
      3768.76  7.574715E-15
      3771.06  7.139071E-15
      3773.35  6.522684E-15
      3775.64  4.752851E-15
      3777.93  3.505974E-15
      3780.23  4.842141E-15
      3782.52  6.052507E-15
      3784.81  5.371356E-15
      3787.10  6.335404E-15
      3789.39  5.118435E-15
      3791.69  4.769921E-15
      3793.98  3.734436E-15
      3796.27  3.360602E-15
      3798.56  4.628297E-15
      3800.85  5.678924E-15
      3803.15  6.807583E-15
      3805.44  7.643029E-15
      3807.73  6.760226E-15
      3810.02  5.380394E-15
      3812.32  6.838342E-15
      3814.61  7.221476E-15
      3816.90  6.376721E-15
      3819.19  5.757415E-15
      3821.48  6.245749E-15
      3823.78  6.728440E-15
      3826.07  7.018787E-15
      3828.36  6.833102E-15
      3830.65  6.767533E-15
      3832.95  6.899650E-15
      3835.24  6.717483E-15
      3837.53  5.818534E-15
      3839.82  4.839036E-15
      3842.11  6.164587E-15
      3844.41  5.322521E-15
      3846.70  4.626881E-15
      3848.99  4.514914E-15
      3851.28  2.956610E-15
      3853.57  2.674179E-15
      3855.87  2.512251E-15
      3858.16  2.081916E-15
      3860.45  2.688826E-15
      3862.74  2.214983E-15
      3865.04  2.335782E-15
      3867.33  3.432516E-15
      3869.62  3.400852E-15
      3871.91  2.985758E-15
      3874.20  3.128125E-15
      3876.50  3.733177E-15
      3878.79  4.436484E-15
      3881.08  3.797086E-15
      3883.37  3.118673E-15
      3885.66  2.644397E-15
      3887.96  2.654281E-15
      3890.25  3.303299E-15
      3892.54  3.376846E-15
      3894.83  4.216989E-15
      3897.13  3.869292E-15
      3899.42  3.122066E-15
      3901.71  5.001565E-15
      3904.00  5.413208E-15
      3906.29  3.836446E-15
      3908.59  2.992757E-15
      3910.88  3.332055E-15
      3913.17  2.672955E-15
      3915.46  3.643073E-15
      3917.75  4.845172E-15
      3920.05  4.752225E-15
      3922.34  6.655347E-15
      3924.63  6.322247E-15
      3926.92  4.892972E-15
      3929.22  5.621615E-15
      3931.51  7.160066E-15
      3933.80  7.249346E-15
      3936.09  7.151660E-15
      3938.38  7.667344E-15
      3940.68  8.924592E-15
      3942.97  9.920815E-15
      3945.26  1.057963E-14
      3947.55  1.114985E-14
      3949.85  1.003813E-14
      3952.14  9.920835E-15
      3954.43  1.093985E-14
      3956.72  1.100988E-14
      3959.01  1.001693E-14
      3961.31  9.850034E-15
      3963.60  1.042306E-14
      3965.89  9.663456E-15
      3968.18  9.305440E-15
      3970.47  1.066236E-14
      3972.77  1.003674E-14
      3975.06  1.025190E-14
      3977.35  1.019279E-14
      3979.64  8.387621E-15
      3981.94  8.226603E-15
      3984.23  1.028417E-14
      3986.52  9.914634E-15
      3988.81  9.133345E-15
      3991.10  1.048717E-14
      3993.40  1.106799E-14
      3995.69  1.063068E-14
      3997.98  8.666341E-15
      4000.27  7.370699E-15
      4002.56  7.662631E-15
      4004.86  8.807848E-15
      4007.15  1.076987E-14
      4009.44  1.123176E-14
      4011.73  1.055480E-14
      4014.03  1.022169E-14
      4016.32  1.135421E-14
      4018.61  9.588805E-15
      4020.90  7.779293E-15
      4023.19  7.141806E-15
      4025.49  7.782208E-15
      4027.78  8.784135E-15
      4030.07  9.136944E-15
      4032.36  5.910822E-15
      4034.65  7.744864E-15
      4036.95  1.020774E-14
      4039.24  7.733012E-15
      4041.53  7.521651E-15
      4043.82  8.105273E-15
      4046.12  8.146661E-15
      4048.41  7.037519E-15
      4050.70  6.723991E-15
      4052.99  6.064301E-15
      4055.28  5.939131E-15
      4057.58  7.724655E-15
      4059.87  9.270559E-15
      4062.16  1.034416E-14
      4064.45  9.770894E-15
      4066.75  1.070316E-14
      4069.04  8.235822E-15
      4071.33  7.794880E-15
      4073.62  1.030275E-14
      4075.91  1.121298E-14
      4078.21  9.848471E-15
      4080.50  1.016032E-14
      4082.79  1.195027E-14
      4085.08  1.295068E-14
      4087.37  1.404140E-14
      4089.67  1.267854E-14
      4091.96  1.189847E-14
      4094.25  1.089010E-14
      4096.54  1.046018E-14
      4098.84  1.052948E-14
      4101.13  1.029357E-14
      4103.42  1.041067E-14
      4105.71  1.054941E-14
      4108.00  9.641583E-15
      4110.30  1.062842E-14
      4112.59  1.161783E-14
      4114.88  1.112266E-14
      4117.17  9.770155E-15
      4119.46  9.295439E-15
      4121.76  1.045246E-14
      4124.05  1.071266E-14
      4126.34  9.298158E-15
      4128.63  8.347118E-15
      4130.93  9.344798E-15
      4133.22  1.157487E-14
      4135.51  8.426236E-15
      4137.80  8.422729E-15
      4140.09  1.019939E-14
      4142.39  1.083657E-14
      4144.68  8.702098E-15
      4146.97  9.219316E-15
      4149.26  1.076225E-14
      4151.55  9.917202E-15
      4153.85  8.889469E-15
      4156.14  8.473511E-15
      4158.43  9.774098E-15
      4160.72  9.530002E-15
      4163.02  9.072891E-15
      4165.31  9.754111E-15
      4167.60  1.003036E-14
      4169.89  1.049128E-14
      4172.18  1.137930E-14
      4174.48  1.071413E-14
      4176.77  9.549001E-15
      4179.06  9.189884E-15
      4181.35  7.994909E-15
      4183.65  6.782467E-15
      4185.94  7.185248E-15
      4188.23  7.466913E-15
      4190.52  6.994599E-15
      4192.81  7.027588E-15
      4195.11  7.562674E-15
      4197.40  7.265959E-15
      4199.69  7.432297E-15
      4201.98  9.534444E-15
      4204.27  9.927314E-15
      4206.57  7.756592E-15
      4208.86  8.138225E-15
      4211.15  9.296779E-15
      4213.44  9.119418E-15
      4215.74  9.020194E-15
      4218.03  8.554514E-15
      4220.32  7.840362E-15
      4222.61  6.212160E-15
      4224.90  7.132262E-15
      4227.20  7.647949E-15
      4229.49  6.832035E-15
      4231.78  5.719714E-15
      4234.07  5.743281E-15
      4236.36  7.304389E-15
      4238.66  6.569585E-15
      4240.95  5.520555E-15
      4243.24  6.139464E-15
      4245.53  5.553652E-15
      4247.83  5.788126E-15
      4250.12  6.267049E-15
      4252.41  4.602896E-15
      4254.70  3.325001E-15
      4256.99  3.537895E-15
      4259.29  3.924187E-15
      4261.58  4.029932E-15
      4263.87  3.879943E-15
      4266.16  3.735239E-15
      4268.45  3.594088E-15
      4270.75  2.949136E-15
      4273.04  2.256661E-15
      4275.33  2.478112E-15
      4277.62  2.819994E-15
      4279.92  3.508897E-15
      4282.21  4.387570E-15
      4284.50  4.018115E-15
      4286.79  3.872009E-15
      4289.08  4.039080E-15
      4291.38  4.567979E-15
      4293.67  4.480468E-15
      4295.96  4.314363E-15
      4298.25  5.386291E-15
      4300.55  6.061948E-15
      4302.84  6.260080E-15
      4305.13  6.693811E-15
      4307.42  7.853450E-15
      4309.71  7.854066E-15
      4312.01  7.666800E-15
      4314.30  8.042939E-15
      4316.59  7.629410E-15
      4318.88  7.258924E-15
      4321.17  7.344455E-15
      4323.47  8.153127E-15
      4325.76  8.271020E-15
      4328.05  8.645477E-15
      4330.34  9.159307E-15
      4332.64  7.989867E-15
      4334.93  6.890882E-15
      4337.22  7.740281E-15
      4339.51  7.900999E-15
      4341.80  7.374787E-15
      4344.10  7.535424E-15
      4346.39  8.185853E-15
      4348.68  8.921163E-15
      4350.97  7.476076E-15
      4353.26  7.131446E-15
      4355.56  7.749388E-15
      4357.85  7.263307E-15
      4360.14  9.012896E-15
      4362.43  8.748588E-15
      4364.73  6.581482E-15
      4367.02  7.080252E-15
      4369.31  7.969376E-15
      4371.60  8.555938E-15
      4373.89  9.524677E-15
      4376.19  9.038212E-15
      4378.48  7.131434E-15
      4380.77  7.505662E-15
      4383.06  8.766496E-15
      4385.35  8.584089E-15
      4387.65  8.015770E-15
      4389.94  6.540536E-15
      4392.23  7.148904E-15
      4394.52  7.899107E-15
      4396.82  7.112758E-15
      4399.11  7.246214E-15
      4401.40  7.079468E-15
      4403.69  7.107057E-15
      4405.98  7.877819E-15
      4408.28  7.574221E-15
      4410.57  7.722723E-15
      4412.86  9.060350E-15
      4415.15  8.979084E-15
      4417.45  7.904666E-15
      4419.74  7.291580E-15
      4422.03  7.761547E-15
      4424.32  8.572326E-15
      4426.61  8.644207E-15
      4428.91  8.184375E-15
      4431.20  7.119217E-15
      4433.49  5.398011E-15
      4435.78  6.749332E-15
      4438.07  8.522611E-15
      4440.37  7.467459E-15
      4442.66  7.161632E-15
      4444.95  6.943895E-15
      4447.24  6.516761E-15
      4449.54  6.916015E-15
      4451.83  7.993107E-15
      4454.12  9.019956E-15
      4456.41  8.244466E-15
      4458.70  6.739577E-15
      4461.00  6.864970E-15
      4463.29  7.277253E-15
      4465.58  6.963550E-15
      4467.87  6.867063E-15
      4470.16  6.265490E-15
      4472.46  6.201723E-15
      4474.75  6.976679E-15
      4477.04  7.042952E-15
      4479.33  6.966400E-15
      4481.63  7.108172E-15
      4483.92  6.031072E-15
      4486.21  5.251993E-15
      4488.50  6.106515E-15
      4490.79  5.754493E-15
      4493.09  5.644681E-15
      4495.38  6.521983E-15
      4497.67  6.406287E-15
      4499.96  5.780037E-15
      4502.25  5.853770E-15
      4504.55  6.508190E-15
      4506.84  7.288100E-15
      4509.13  7.476864E-15
      4511.42  8.068713E-15
      4513.72  7.738638E-15
      4516.01  6.407952E-15
      4518.30  6.800822E-15
      4520.59  7.059411E-15
      4522.88  6.283173E-15
      4525.18  6.984583E-15
      4527.47  7.946173E-15
      4529.76  7.288752E-15
      4532.05  7.434576E-15
      4534.35  8.020685E-15
      4536.64  7.724151E-15
      4538.93  7.796889E-15
      4541.22  8.847153E-15
      4543.51  8.726853E-15
      4545.81  8.163783E-15
      4548.10  9.176746E-15
      4550.39  9.487520E-15
      4552.68  8.919516E-15
      4554.97  9.895573E-15
      4557.27  9.360562E-15
      4559.56  9.244359E-15
      4561.85  1.157445E-14
      4564.14  1.156475E-14
      4566.44  9.818237E-15
      4568.73  9.458035E-15
      4571.02  9.637946E-15
      4573.31  9.821455E-15
      4575.60  1.009290E-14
      4577.90  9.691432E-15
      4580.19  9.500920E-15
      4582.48  9.867947E-15
      4584.77  1.022485E-14
      4587.06  9.997648E-15
      4589.36  9.302548E-15
      4591.65  9.586538E-15
      4593.94  9.687704E-15
      4596.23  8.886065E-15
      4598.53  8.831302E-15
      4600.82  8.122524E-15
      4603.11  7.936818E-15
      4605.40  9.194281E-15
      4607.69  8.934409E-15
      4609.99  8.051279E-15
      4612.28  8.373174E-15
      4614.57  8.948493E-15
      4616.86  1.011917E-14
      4619.15  1.041678E-14
      4621.45  9.710979E-15
      4623.74  8.541634E-15
      4626.03  8.458997E-15
      4628.32  9.340009E-15
      4630.62  8.870522E-15
      4632.91  8.863222E-15
      4635.20  8.779752E-15
      4637.49  8.804752E-15
      4639.78  9.721188E-15
      4642.08  9.511674E-15
      4644.37  9.341772E-15
      4646.66  1.009000E-14
      4648.95  9.728656E-15
      4651.25  9.757266E-15
      4653.54  9.786837E-15
      4655.83  9.909511E-15
      4658.12  1.000564E-14
      4660.41  9.137443E-15
      4662.71  9.761435E-15
      4665.00  9.386540E-15
      4667.29  8.472392E-15
      4669.58  9.089123E-15
      4671.87  9.097994E-15
      4674.17  8.989948E-15
      4676.46  9.404725E-15
      4678.75  9.710058E-15
      4681.04  9.386525E-15
      4683.34  9.000505E-15
      4685.63  9.298069E-15
      4687.92  1.038811E-14
      4690.21  1.010041E-14
      4692.50  9.356009E-15
      4694.80  9.391766E-15
      4697.09  9.291221E-15
      4699.38  8.833005E-15
      4701.67  8.296343E-15
      4703.96  8.868551E-15
      4706.26  8.795175E-15
      4708.55  8.190029E-15
      4710.84  8.390625E-15
      4713.13  7.847627E-15
      4715.43  7.661351E-15
      4717.72  8.006282E-15
      4720.01  7.857880E-15
      4722.30  7.472602E-15
      4724.59  6.962638E-15
      4726.89  6.865015E-15
      4729.18  6.502077E-15
      4731.47  5.836330E-15
      4733.76  6.039456E-15
      4736.05  6.272122E-15
      4738.35  6.935354E-15
      4740.64  6.775269E-15
      4742.93  6.266291E-15
      4745.22  6.351680E-15
      4747.52  5.608883E-15
      4749.81  5.491544E-15
      4752.10  5.999647E-15
      4754.39  6.032537E-15
      4756.68  4.899025E-15
      4758.98  4.991507E-15
      4761.27  5.118867E-15
      4763.56  4.309477E-15
      4765.85  4.597290E-15
      4768.15  4.689488E-15
      4770.44  4.736727E-15
      4772.73  4.462022E-15
      4775.02  4.981922E-15
      4777.31  4.967381E-15
      4779.61  3.921371E-15
      4781.90  3.926910E-15
      4784.19  3.418885E-15
      4786.48  3.419252E-15
      4788.77  3.482517E-15
      4791.07  3.821142E-15
      4793.36  3.188498E-15
      4795.65  2.962628E-15
      4797.94  4.331364E-15
      4800.24  4.531587E-15
      4802.53  4.319734E-15
      4804.82  4.058329E-15
      4807.11  4.460708E-15
      4809.40  5.901910E-15
      4811.70  6.375075E-15
      4813.99  6.965949E-15
      4816.28  7.131480E-15
      4818.57  7.767477E-15
      4820.86  8.146995E-15
      4823.16  8.013003E-15
      4825.45  7.288559E-15
      4827.74  7.923293E-15
      4830.03  8.908799E-15
      4832.33  9.846470E-15
      4834.62  1.080258E-14
      4836.91  1.098205E-14
      4839.20  1.071677E-14
      4841.49  1.013490E-14
      4843.79  1.049992E-14
      4846.08  1.122826E-14
      4848.37  1.143334E-14
      4850.66  1.121450E-14
      4852.95  1.081026E-14
      4855.25  1.137294E-14
      4857.54  1.192734E-14
      4859.83  1.135667E-14
      4862.12  1.085837E-14
      4864.42  1.036553E-14
      4866.71  1.051849E-14
      4869.00  1.110479E-14
      4871.29  1.136365E-14
      4873.58  1.239054E-14
      4875.88  1.222701E-14
      4878.17  1.162174E-14
      4880.46  1.105390E-14
      4882.75  1.030322E-14
      4885.05  1.004155E-14
      4887.34  1.014876E-14
      4889.63  1.004932E-14
      4891.92  1.027181E-14
      4894.21  1.109295E-14
      4896.51  1.092686E-14
      4898.80  1.160478E-14
      4901.09  1.113963E-14
      4903.38  1.040135E-14
      4905.67  1.216114E-14
      4907.97  1.206159E-14
      4910.26  1.055966E-14
      4912.55  1.116391E-14
      4914.84  1.169968E-14
      4917.14  1.076538E-14
      4919.43  1.067503E-14
      4921.72  1.117246E-14
      4924.01  1.074954E-14
      4926.30  1.048885E-14
      4928.60  1.040846E-14
      4930.89  9.959329E-15
      4933.18  1.107536E-14
      4935.47  1.015723E-14
      4937.76  9.565538E-15
      4940.06  9.773035E-15
      4942.35  9.856245E-15
      4944.64  8.959079E-15
      4946.93  8.218640E-15
      4949.23  8.866837E-15
      4951.52  8.977670E-15
      4953.81  7.903177E-15
      4956.10  7.497520E-15
      4958.39  6.895724E-15
      4960.69  7.556688E-15
      4962.98  7.692506E-15
      4965.27  6.960818E-15
      4967.56  7.791932E-15
      4969.85  9.350668E-15
      4972.15  9.127425E-15
      4974.44  8.095359E-15
      4976.73  6.543138E-15
      4979.02  7.220852E-15
      4981.32  8.385236E-15
      4983.61  7.843263E-15
      4985.90  7.927754E-15
      4988.19  8.267576E-15
      4990.48  9.021341E-15
      4992.78  8.510798E-15
      4995.07  8.579274E-15
      4997.36  9.091496E-15
      4999.65  8.547713E-15
      5001.95  9.643620E-15
      5004.24  9.965416E-15
      5006.53  8.828873E-15
      5008.82  9.027891E-15
      5011.11  9.730145E-15
      5013.41  1.006631E-14
      5015.70  1.323035E-14
      5017.99  1.530201E-14
      5020.28  1.402863E-14
      5022.57  1.358318E-14
      5024.87  1.304046E-14
      5027.16  1.234577E-14
      5029.45  1.084864E-14
      5031.74  9.164858E-15
      5034.04  8.382690E-15
      5036.33  9.484856E-15
      5038.62  9.374190E-15
      5040.91  7.999607E-15
      5043.20  8.087338E-15
      5045.50  8.846447E-15
      5047.79  9.411804E-15
      5050.08  8.933964E-15
      5052.37  8.271377E-15
      5054.66  7.908882E-15
      5056.96  8.127955E-15
      5059.25  8.400902E-15
      5061.54  7.739468E-15
      5063.83  7.725444E-15
      5066.13  7.572266E-15
      5068.42  7.267038E-15
      5070.71  7.477591E-15
      5073.00  7.155559E-15
      5075.29  7.308110E-15
      5077.59  8.320383E-15
      5079.88  8.216900E-15
      5082.17  7.637649E-15
      5084.46  7.311364E-15
      5086.75  7.108451E-15
      5089.05  6.620217E-15
      5091.34  5.927185E-15
      5093.63  6.151576E-15
      5095.92  6.087903E-15
      5098.22  5.992189E-15
      5100.51  5.770519E-15
      5102.80  5.515259E-15
      5105.09  5.963815E-15
      5107.38  5.744400E-15
      5109.68  5.008495E-15
      5111.97  5.152627E-15
      5114.26  5.952146E-15
      5116.55  5.571104E-15
      5118.84  5.333102E-15
      5121.14  6.069573E-15
      5123.43  5.984725E-15
      5125.72  5.664421E-15
      5128.01  5.713907E-15
      5130.31  6.343535E-15
      5132.60  6.091752E-15
      5134.89  6.133291E-15
      5137.18  6.382487E-15
      5139.47  7.068613E-15
      5141.77  6.919827E-15
      5144.06  6.594604E-15
      5146.35  6.673337E-15
      5148.64  6.682216E-15
      5150.94  7.050018E-15
      5153.23  8.001130E-15
      5155.52  7.894667E-15
      5157.81  7.276480E-15
      5160.10  7.427114E-15
      5162.40  7.285350E-15
      5164.69  7.306554E-15
      5166.98  7.212050E-15
      5169.27  7.358292E-15
      5171.56  7.090772E-15
      5173.86  6.897353E-15
      5176.15  7.934457E-15
      5178.44  7.567688E-15
      5180.73  7.213857E-15
      5183.03  7.605320E-15
      5185.32  7.866442E-15
      5187.61  7.553532E-15
      5189.90  7.783270E-15
      5192.19  8.166315E-15
      5194.49  7.644070E-15
      5196.78  8.343686E-15
      5199.07  8.104895E-15
      5201.36  8.425039E-15
      5203.65  8.957286E-15
      5205.95  7.864781E-15
      5208.24  6.729908E-15
      5210.53  7.556949E-15
      5212.82  7.984937E-15
      5215.12  7.596280E-15
      5217.41  7.846600E-15
      5219.70  8.005311E-15
      5221.99  8.165994E-15
      5224.28  7.822322E-15
      5226.58  7.400493E-15
      5228.87  8.361023E-15
      5231.16  8.831234E-15
      5233.45  8.155153E-15
      5235.74  8.421763E-15
      5238.04  9.024509E-15
      5240.33  8.665493E-15
      5242.62  8.336358E-15
      5244.91  8.031876E-15
      5247.21  7.728188E-15
      5249.50  7.355503E-15
      5251.79  7.357517E-15
      5254.08  7.602963E-15
      5256.37  7.653465E-15
      5258.67  7.926435E-15
      5260.96  7.345258E-15
      5263.25  6.731709E-15
      5265.54  7.101591E-15
      5267.84  7.181678E-15
      5270.13  7.302869E-15
      5272.42  7.698754E-15
      5274.71  7.674600E-15
      5277.00  7.999755E-15
      5279.30  8.531206E-15
      5281.59  8.764971E-15
      5283.88  8.298130E-15
      5286.17  7.616120E-15
      5288.46  7.465614E-15
      5290.76  7.814618E-15
      5293.05  8.217878E-15
      5295.34  8.423644E-15
      5297.63  8.175615E-15
      5299.93  7.971790E-15
      5302.22  8.395406E-15
      5304.51  7.153596E-15
      5306.80  6.615351E-15
      5309.09  7.919305E-15
      5311.39  8.063194E-15
      5313.68  7.886242E-15
      5315.97  8.319449E-15
      5318.26  8.633016E-15
      5320.55  8.007900E-15
      5322.85  8.104515E-15
      5325.14  8.167338E-15
      5327.43  7.906333E-15
      5329.72  8.223513E-15
      5332.02  8.342591E-15
      5334.31  8.292918E-15
      5336.60  8.065559E-15
      5338.89  8.677711E-15
      5341.18  9.636162E-15
      5343.48  8.955759E-15
      5345.77  8.345648E-15
      5348.06  8.260520E-15
      5350.35  8.003713E-15
      5352.64  7.556261E-15
      5354.94  8.037595E-15
      5357.23  8.328502E-15
      5359.52  8.159352E-15
      5361.81  8.176477E-15
      5364.11  7.808443E-15
      5366.40  7.431763E-15
      5368.69  7.577052E-15
      5370.98  8.305350E-15
      5373.27  8.644120E-15
      5375.57  8.635686E-15
      5377.86  8.488414E-15
      5380.15  8.585825E-15
      5382.44  8.448174E-15
      5384.74  8.484600E-15
      5387.03  8.833846E-15
      5389.32  8.228682E-15
      5391.61  8.320978E-15
      5393.90  9.089425E-15
      5396.20  8.894291E-15
      5398.49  8.363244E-15
      5400.78  7.833492E-15
      5403.07  7.500816E-15
      5405.36  8.095727E-15
      5407.66  9.171985E-15
      5409.95  8.546398E-15
      5412.24  8.093972E-15
      5414.53  7.697071E-15
      5416.83  7.653493E-15
      5419.12  8.467974E-15
      5421.41  8.325360E-15
      5423.70  7.939573E-15
      5425.99  7.528936E-15
      5428.29  8.090761E-15
      5430.58  8.829286E-15
      5432.87  9.012991E-15
      5435.16  8.264107E-15
      5437.45  8.184449E-15
      5439.75  7.368960E-15
      5442.04  7.243127E-15
      5444.33  7.445343E-15
      5446.62  7.731574E-15
      5448.92  7.284721E-15
      5451.21  7.206609E-15
      5453.50  7.847698E-15
      5455.79  7.478628E-15
      5458.08  6.864138E-15
      5460.38  7.761064E-15
      5462.67  7.174640E-15
      5464.96  6.473958E-15
      5467.25  6.638989E-15
      5469.54  7.265651E-15
      5471.84  7.186683E-15
      5474.13  7.335382E-15
      5476.42  6.845445E-15
      5478.71  7.203261E-15
      5481.01  6.759395E-15
      5483.30  8.021275E-15
      5485.59  8.550433E-15
      5487.88  8.280221E-15
      5490.17  8.276067E-15
      5492.47  8.422459E-15
      5494.76  8.475931E-15
      5497.05  8.075820E-15
      5499.34  7.799523E-15
      5501.64  8.323331E-15
      5503.93  8.358018E-15
      5506.22  7.921585E-15
      5508.51  7.351708E-15
      5510.80  7.979925E-15
      5513.10  8.153836E-15
      5515.39  7.916858E-15
      5517.68  8.244465E-15
      5519.97  8.468192E-15
      5522.26  8.221251E-15
      5524.56  8.350567E-15
      5526.85  7.340273E-15
      5529.14  7.635494E-15
      5531.43  8.876496E-15
      5533.73  8.612895E-15
      5536.02  7.798763E-15
      5538.31  8.185844E-15
      5540.60  8.353859E-15
      5542.89  7.984655E-15
      5545.19  8.199643E-15
      5547.48  7.820237E-15
      5549.77  7.792546E-15
      5552.06  7.968582E-15
      5554.35  8.646510E-15
      5556.65  8.433046E-15
      5558.94  8.244755E-15
      5561.23  7.882456E-15
      5563.52  7.472235E-15
      5565.82  8.046833E-15
      5568.11  7.836129E-15
      5570.40  7.850909E-15
      5572.69  7.578859E-15
      5574.98  7.016925E-15
      5577.28  6.856467E-15
      5579.57  7.018390E-15
      5581.86  7.367839E-15
      5584.15  6.905378E-15
      5586.44  6.723253E-15
      5588.74  6.211799E-15
      5591.03  6.380872E-15
      5593.32  6.973463E-15
      5595.61  6.812427E-15
      5597.91  6.162018E-15
      5600.20  6.511710E-15
      5602.49  6.740262E-15
      5604.78  6.810023E-15
      5607.07  6.212857E-15
      5609.37  6.143286E-15
      5611.66  6.652410E-15
      5613.95  6.548811E-15
      5616.24  5.857448E-15
      5618.54  6.385684E-15
      5620.83  7.249212E-15
      5623.12  7.251193E-15
      5625.41  6.762180E-15
      5627.70  7.225184E-15
      5630.00  6.350900E-15
      5632.29  6.977041E-15
      5634.58  7.733578E-15
      5636.87  7.678828E-15
      5639.16  7.562166E-15
      5641.46  7.574820E-15
      5643.75  7.272722E-15
      5646.04  7.097265E-15
      5648.33  7.585425E-15
      5650.63  8.140187E-15
      5652.92  7.405735E-15
      5655.21  6.925349E-15
      5657.50  7.389340E-15
      5659.79  8.128851E-15
      5662.09  7.635306E-15
      5664.38  7.228112E-15
      5666.67  7.118619E-15
      5668.96  7.463735E-15
      5671.25  7.482586E-15
      5673.55  7.085665E-15
      5675.84  6.908593E-15
      5678.13  7.789818E-15
      5680.42  8.520237E-15
      5682.72  8.019207E-15
      5685.01  8.046629E-15
      5687.30  8.271191E-15
      5689.59  7.830926E-15
      5691.88  7.556084E-15
      5694.18  7.058141E-15
      5696.47  7.046747E-15
      5698.76  6.832350E-15
      5701.05  7.060801E-15
      5703.34  6.811055E-15
      5705.64  7.882088E-15
      5707.93  7.905659E-15
      5710.22  7.362947E-15
      5712.51  6.854632E-15
      5714.81  7.297740E-15
      5717.10  7.498850E-15
      5719.39  7.396139E-15
      5721.68  7.300513E-15
      5723.97  7.217493E-15
      5726.27  7.291677E-15
      5728.56  7.107265E-15
      5730.85  7.462784E-15
      5733.14  7.264901E-15
      5735.44  7.421349E-15
      5737.73  7.502516E-15
      5740.02  7.659464E-15
      5742.31  7.199499E-15
      5744.60  7.668052E-15
      5746.90  6.406738E-15
      5749.19  6.509446E-15
      5751.48  6.741692E-15
      5753.77  6.494188E-15
      5756.06  7.029555E-15
      5758.36  6.791124E-15
      5760.65  6.393269E-15
      5762.94  7.024474E-15
      5765.23  6.744358E-15
      5767.53  7.288666E-15
      5769.82  7.454723E-15
      5772.11  6.256268E-15
      5774.40  6.119137E-15
      5776.69  6.977755E-15
      5778.99  6.496753E-15
      5781.28  6.854745E-15
      5783.57  6.896259E-15
      5785.86  6.426743E-15
      5788.15  6.320782E-15
      5790.45  6.451171E-15
      5792.74  6.312951E-15
      5795.03  6.845944E-15
      5797.32  6.543053E-15
      5799.62  6.209223E-15
      5801.91  6.715606E-15
      5804.20  6.906750E-15
      5806.49  7.366851E-15
      5808.78  7.579473E-15
      5811.08  6.855760E-15
      5813.37  6.208825E-15
      5815.66  6.189557E-15
      5817.95  6.544440E-15
      5820.24  6.265954E-15
      5822.54  6.728161E-15
      5824.83  6.389952E-15
      5827.12  5.588586E-15
      5829.41  6.117188E-15
      5831.71  6.313506E-15
      5834.00  6.008777E-15
      5836.29  5.983199E-15
      5838.58  6.421084E-15
      5840.87  6.882476E-15
      5843.17  7.577342E-15
      5845.46  7.803294E-15
      5847.75  7.934424E-15
      5850.04  6.853568E-15
      5852.34  6.703369E-15
      5854.63  7.014183E-15
      5856.92  7.157608E-15
      5859.21  7.220463E-15
      5861.50  7.054372E-15
      5863.80  6.714209E-15
      5866.09  6.939140E-15
      5868.38  6.393723E-15
      5870.67  6.011606E-15
      5872.96  6.558898E-15
      5875.26  7.139498E-15
      5877.55  7.958639E-15
      5879.84  7.772893E-15
      5882.13  6.851125E-15
      5884.43  6.803685E-15
      5886.72  7.212781E-15
      5889.01  6.619206E-15
      5891.30  6.651199E-15
      5893.59  6.806120E-15
      5895.89  6.908569E-15
      5898.18  6.883726E-15
      5900.47  6.956452E-15
      5902.76  7.106677E-15
      5905.05  7.207579E-15
      5907.35  7.034260E-15
      5909.64  6.724687E-15
      5911.93  6.873838E-15
      5914.22  7.189071E-15
      5916.52  7.085612E-15
      5918.81  6.562752E-15
      5921.10  6.275582E-15
      5923.39  6.723424E-15
      5925.68  7.168691E-15
      5927.98  6.447317E-15
      5930.27  6.231399E-15
      5932.56  7.279536E-15
      5934.85  7.320878E-15
      5937.14  6.815314E-15
      5939.44  6.627521E-15
      5941.73  6.541436E-15
      5944.02  6.483759E-15
      5946.31  7.053315E-15
      5948.61  6.644420E-15
      5950.90  6.113293E-15
      5953.19  6.537776E-15
      5955.48  6.912843E-15
      5957.77  6.924196E-15
      5960.07  6.319408E-15
      5962.36  6.094211E-15
      5964.65  5.896358E-15
      5966.94  5.508428E-15
      5969.24  6.086333E-15
      5971.53  6.181092E-15
      5973.82  6.072501E-15
      5976.11  6.570372E-15
      5978.40  7.068613E-15
      5980.70  6.451451E-15
      5982.99  6.096621E-15
      5985.28  6.889793E-15
      5987.57  7.141133E-15
      5989.86  6.641757E-15
      5992.16  6.266132E-15
      5994.45  6.159257E-15
      5996.74  6.335271E-15
      5999.03  6.444974E-15
      6001.33  6.320679E-15
      6003.62  6.189722E-15
      6005.91  6.328915E-15
      6008.20  6.629596E-15
      6010.49  6.984377E-15
      6012.79  6.662826E-15
      6015.08  6.959510E-15
      6017.37  6.911701E-15
      6019.66  6.382840E-15
      6021.95  6.288556E-15
      6024.25  6.324120E-15
      6026.54  6.262441E-15
      6028.83  6.573599E-15
      6031.12  7.026125E-15
      6033.42  6.885481E-15
      6035.71  6.518024E-15
      6038.00  6.422871E-15
      6040.29  6.526052E-15
      6042.58  7.084589E-15
      6044.88  7.245965E-15
      6047.17  6.497104E-15
      6049.46  6.294083E-15
      6051.75  6.585918E-15
      6054.04  6.928426E-15
      6056.34  6.418703E-15
      6058.63  6.080780E-15
      6060.92  6.649783E-15
      6063.21  6.572233E-15
      6065.51  6.074050E-15
      6067.80  6.292884E-15
      6070.09  5.978251E-15
      6072.38  6.515820E-15
      6074.67  6.900359E-15
      6076.97  6.165864E-15
      6079.26  6.327005E-15
      6081.55  6.694254E-15
      6083.84  7.007513E-15
      6086.14  6.419839E-15
      6088.43  6.708153E-15
      6090.72  6.057400E-15
      6093.01  7.033033E-15
      6095.30  6.957214E-15
      6097.60  6.429119E-15
      6099.89  7.235225E-15
      6102.18  7.053735E-15
      6104.47  6.482318E-15
      6106.76  6.516800E-15
      6109.06  6.750648E-15
      6111.35  7.361740E-15
      6113.64  6.504349E-15
      6115.93  6.498890E-15
      6118.23  6.660390E-15
      6120.52  6.623349E-15
      6122.81  6.451388E-15
      6125.10  5.804365E-15
      6127.39  6.421783E-15
      6129.69  6.751822E-15
      6131.98  6.570794E-15
      6134.27  6.430676E-15
      6136.56  6.131246E-15
      6138.85  6.400965E-15
      6141.15  6.592114E-15
      6143.44  7.067492E-15
      6145.73  6.562017E-15
      6148.02  6.603877E-15
      6150.32  6.594329E-15
      6152.61  6.233691E-15
      6154.90  6.184811E-15
      6157.19  6.470823E-15
      6159.48  5.783431E-15
      6161.78  6.217993E-15
      6164.07  6.681055E-15
      6166.36  6.330482E-15
      6168.65  6.221072E-15
      6170.94  5.611818E-15
      6173.24  5.654032E-15
      6175.53  5.427427E-15
      6177.82  5.423773E-15
      6180.11  5.586703E-15
      6182.41  5.754330E-15
      6184.70  6.058362E-15
      6186.99  5.906218E-15
      6189.28  6.333007E-15
      6191.57  6.317501E-15
      6193.87  5.507551E-15
      6196.16  5.507337E-15
      6198.45  5.757773E-15
      6200.74  5.833729E-15
      6203.04  6.366421E-15
      6205.33  6.633892E-15
      6207.62  6.667306E-15
      6209.91  6.460605E-15
      6212.20  6.376644E-15
      6214.50  5.856467E-15
      6216.79  5.726174E-15
      6219.08  5.556308E-15
      6221.37  5.720737E-15
      6223.66  6.001472E-15
      6225.96  6.414245E-15
      6228.25  6.167891E-15
      6230.54  6.671305E-15
      6232.83  6.302696E-15
      6235.13  6.841926E-15
      6237.42  6.293708E-15
      6239.71  5.967689E-15
      6242.00  5.552702E-15
      6244.29  5.840745E-15
      6246.59  5.947691E-15
      6248.88  6.007089E-15
      6251.17  5.804416E-15
      6253.46  5.447314E-15
      6255.75  5.591274E-15
      6258.05  6.204564E-15
      6260.34  6.270025E-15
      6262.63  6.423291E-15
      6264.92  6.100202E-15
      6267.22  5.731063E-15
      6269.51  5.486819E-15
      6271.80  6.044045E-15
      6274.09  6.126749E-15
      6276.38  5.934226E-15
      6278.68  5.821001E-15
      6280.97  5.842597E-15
      6283.26  5.500756E-15
      6285.55  5.402932E-15
      6287.84  5.680310E-15
      6290.14  6.039879E-15
      6292.43  5.821055E-15
      6294.72  5.207235E-15
      6297.01  5.102892E-15
      6299.31  5.291275E-15
      6301.60  5.570267E-15
      6303.89  5.743696E-15
      6306.18  5.739499E-15
      6308.47  5.522444E-15
      6310.77  5.306138E-15
      6313.06  5.631518E-15
      6315.35  5.869783E-15
      6317.64  5.661041E-15
      6319.94  6.060772E-15
      6322.23  6.115511E-15
      6324.52  5.907320E-15
      6326.81  6.321362E-15
      6329.10  6.060527E-15
      6331.40  6.231064E-15
      6333.69  6.553463E-15
      6335.98  6.036232E-15
      6338.27  5.676535E-15
      6340.56  6.036499E-15
      6342.86  6.249598E-15
      6345.15  5.704613E-15
      6347.44  5.791367E-15
      6349.73  6.268281E-15
      6352.03  6.308080E-15
      6354.32  5.964708E-15
      6356.61  5.796391E-15
      6358.90  5.777855E-15
      6361.19  5.256299E-15
      6363.49  5.245100E-15
      6365.78  5.620723E-15
      6368.07  5.657799E-15
      6370.36  5.595041E-15
      6372.65  5.233188E-15
      6374.95  5.430293E-15
      6377.24  5.653467E-15
      6379.53  5.201652E-15
      6381.82  5.155049E-15
      6384.12  5.456905E-15
      6386.41  5.272958E-15
      6388.70  4.846016E-15
      6390.99  4.927305E-15
      6393.28  5.154367E-15
      6395.58  4.831308E-15
      6397.87  4.399966E-15
      6400.16  4.234835E-15
      6402.45  3.873436E-15
      6404.74  3.734574E-15
      6407.04  3.570712E-15
      6409.33  3.119974E-15
      6411.62  3.355152E-15
      6413.91  3.650112E-15
      6416.21  3.636082E-15
      6418.50  3.604773E-15
      6420.79  3.169927E-15
      6423.08  3.196680E-15
      6425.37  3.236348E-15
      6427.67  2.900648E-15
      6429.96  3.068311E-15
      6432.25  3.386050E-15
      6434.54  3.151492E-15
      6436.84  3.202099E-15
      6439.13  2.892574E-15
      6441.42  2.749887E-15
      6443.71  2.529586E-15
      6446.00  2.599417E-15
      6448.30  3.176541E-15
      6450.59  3.360839E-15
      6452.88  3.194521E-15
      6455.17  3.634108E-15
      6457.46  4.133975E-15
      6459.76  3.472269E-15
      6462.05  3.649366E-15
      6464.34  3.758517E-15
      6466.63  3.868852E-15
      6468.93  4.100191E-15
      6471.22  4.111541E-15
      6473.51  4.288937E-15
      6475.80  4.936536E-15
      6478.09  5.339931E-15
      6480.39  4.982408E-15
      6482.68  5.532487E-15
      6484.97  5.869855E-15
      6487.26  5.682246E-15
      6489.55  6.392218E-15
      6491.85  6.724730E-15
      6494.14  7.712603E-15
      6496.43  8.065221E-15
      6498.72  8.606687E-15
      6501.02  8.890878E-15
      6503.31  8.923744E-15
      6505.60  9.414121E-15
      6507.89  9.780552E-15
      6510.18  9.266296E-15
      6512.48  9.816025E-15
      6514.77  1.025535E-14
      6517.06  1.061543E-14
      6519.35  1.074421E-14
      6521.64  1.098892E-14
      6523.94  1.130407E-14
      6526.23  1.134039E-14
      6528.52  1.098669E-14
      6530.81  1.119396E-14
      6533.11  1.097572E-14
      6535.40  1.112761E-14
      6537.69  1.157325E-14
      6539.98  1.177226E-14
      6542.27  1.206661E-14
      6544.57  1.206007E-14
      6546.86  1.220245E-14
      6549.15  1.242777E-14
      6551.44  1.223782E-14
      6553.74  1.194892E-14
      6556.03  1.217360E-14
      6558.32  1.256679E-14
      6560.61  1.248272E-14
      6562.90  1.225310E-14
      6565.20  1.259776E-14
      6567.49  1.261048E-14
      6569.78  1.258044E-14
      6572.07  1.299559E-14
      6574.36  1.506232E-14
      6576.66  1.575097E-14
      6578.95  1.568179E-14
      6581.24  1.541090E-14
      6583.53  1.495679E-14
      6585.83  1.357778E-14
      6588.12  1.245173E-14
      6590.41  1.216216E-14
      6592.70  1.146751E-14
      6594.99  1.155162E-14
      6597.29  1.189716E-14
      6599.58  1.120498E-14
      6601.87  1.097487E-14
      6604.16  1.089858E-14
      6606.45  1.045018E-14
      6608.75  1.014919E-14
      6611.04  1.004404E-14
      6613.33  1.012605E-14
      6615.62  1.020133E-14
      6617.92  1.031712E-14
      6620.21  9.845858E-15
      6622.50  9.369154E-15
      6624.79  9.321043E-15
      6627.08  9.139483E-15
      6629.38  9.273353E-15
      6631.67  9.424582E-15
      6633.96  9.074912E-15
      6636.25  8.876166E-15
      6638.54  8.986957E-15
      6640.84  8.818989E-15
      6643.13  8.383868E-15
      6645.42  7.999336E-15
      6647.71  7.974631E-15
      6650.01  8.486014E-15
      6652.30  8.185505E-15
      6654.59  7.581680E-15
      6656.88  8.536695E-15
      6659.17  8.769459E-15
      6661.47  8.315040E-15
      6663.76  7.936496E-15
      6666.05  8.022945E-15
      6668.34  8.520459E-15
      6670.64  8.163732E-15
      6672.93  8.045873E-15
      6675.22  8.366270E-15
      6677.51  7.666117E-15
      6679.80  6.980110E-15
      6682.10  6.491779E-15
      6684.39  6.828079E-15
      6686.68  7.059037E-15
      6688.97  6.801547E-15
      6691.26  6.431341E-15
      6693.56  6.924560E-15
      6695.85  6.831674E-15
      6698.14  6.984760E-15
      6700.43  6.495860E-15
      6702.73  6.396725E-15
      6705.02  6.416800E-15
      6707.31  6.514929E-15
      6709.60  7.044884E-15
      6711.89  6.938302E-15
      6714.19  7.110126E-15
      6716.48  6.675963E-15
      6718.77  6.255471E-15
      6721.06  6.037638E-15
      6723.35  5.872136E-15
      6725.65  5.977431E-15
      6727.94  6.384683E-15
      6730.23  6.431166E-15
      6732.52  6.662404E-15
      6734.82  6.684006E-15
      6737.11  6.524351E-15
      6739.40  6.267824E-15
      6741.69  5.858614E-15
      6743.98  5.770123E-15
      6746.28  5.338244E-15
      6748.57  5.390106E-15
      6750.86  5.837301E-15
      6753.15  5.849017E-15
      6755.44  5.560179E-15
      6757.74  5.280653E-15
      6760.03  5.499405E-15
      6762.32  5.589193E-15
      6764.61  5.980496E-15
      6766.91  6.056863E-15
      6769.20  5.688082E-15
      6771.49  5.344640E-15
      6773.78  5.175212E-15
      6776.07  5.717663E-15
      6778.37  5.646385E-15
      6780.66  5.447808E-15
      6782.95  5.463885E-15
      6785.24  5.152612E-15
      6787.54  5.529094E-15
      6789.83  6.166518E-15
      6792.12  5.929230E-15
      6794.41  5.124162E-15
      6796.70  4.889759E-15
      6799.00  4.934536E-15
      6801.29  5.135376E-15
      6803.58  5.374924E-15
      6805.87  5.526057E-15
      6808.16  5.487799E-15
      6810.46  5.068218E-15
      6812.75  5.329201E-15
      6815.04  5.716439E-15
      6817.33  5.595099E-15
      6819.63  5.894858E-15
      6821.92  5.627381E-15
      6824.21  6.021337E-15
      6826.50  5.588105E-15
      6828.79  5.148412E-15
      6831.09  4.839243E-15
      6833.38  4.780838E-15
      6835.67  5.206593E-15
      6837.96  5.045212E-15
      6840.25  5.206223E-15
      6842.55  6.154401E-15
      6844.84  5.979766E-15
      6847.13  5.625236E-15
      6849.42  4.821147E-15
      6851.72  4.827722E-15
      6854.01  5.102159E-15
      6856.30  5.450500E-15
      6858.59  5.079193E-15
      6860.88  5.280298E-15
      6863.18  4.948052E-15
      6865.47  4.319165E-15
      6867.76  4.029093E-15
      6870.05  4.170446E-15
      6872.34  4.224704E-15
      6874.64  4.589834E-15
      6876.93  4.865465E-15
      6879.22  4.504383E-15
      6881.51  4.828791E-15
      6883.81  4.715958E-15
      6886.10  4.429347E-15
      6888.39  4.167837E-15
      6890.68  4.246699E-15
      6892.97  4.460816E-15
      6895.27  4.625192E-15
      6897.56  4.385226E-15
      6899.85  4.224952E-15
      6902.14  4.743998E-15
      6904.44  4.576928E-15
      6906.73  4.677695E-15
      6909.02  5.221546E-15
      6911.31  5.474171E-15
      6913.60  5.098066E-15
      6915.90  5.101940E-15
      6918.19  4.984246E-15
      6920.48  4.628878E-15
      6922.77  4.466039E-15
      6925.06  4.400247E-15
      6927.36  4.455882E-15
      6929.65  4.672055E-15
      6931.94  5.070694E-15
      6934.23  5.167530E-15
      6936.53  4.893350E-15
      6938.82  4.761004E-15
      6941.11  4.649781E-15
      6943.40  4.480351E-15
      6945.69  4.799420E-15
      6947.99  5.173635E-15
      6950.28  5.294276E-15
      6952.57  5.292776E-15
      6954.86  5.414442E-15
      6957.15  5.502948E-15
      6959.45  5.098317E-15
      6961.74  5.196830E-15
      6964.03  5.357045E-15
      6966.32  5.482836E-15
      6968.62  5.308397E-15
      6970.91  5.902125E-15
      6973.20  6.384468E-15
      6975.49  5.905075E-15
      6977.78  5.234821E-15
      6980.08  4.861383E-15
      6982.37  5.021792E-15
      6984.66  5.166056E-15
      6986.95  5.342592E-15
      6989.24  5.597700E-15
      6991.54  5.046569E-15
      6993.83  4.473442E-15
      6996.12  4.555314E-15
      6998.41  4.700922E-15
      7000.71  5.245782E-15
      7003.00  5.766073E-15
      7005.29  5.724200E-15
      7007.58  5.245285E-15
      7009.87  5.324863E-15
      7012.17  5.005308E-15
      7014.46  4.690213E-15
      7016.75  5.114814E-15
      7019.04  5.161506E-15
      7021.34  4.890885E-15
      7023.63  4.383918E-15
      7025.92  4.796567E-15
      7028.21  4.775054E-15
      7030.50  4.728544E-15
      7032.80  4.790122E-15
      7035.09  4.499669E-15
      7037.38  4.408874E-15
      7039.67  4.857609E-15
      7041.96  5.081861E-15
      7044.26  4.598924E-15
      7046.55  4.393244E-15
      7048.84  5.001217E-15
      7051.13  5.327130E-15
      7053.43  4.750634E-15
      7055.72  4.453069E-15
      7058.01  4.708194E-15
      7060.30  4.574060E-15
      7062.59  4.810129E-15
      7064.89  5.035113E-15
      7067.18  4.999110E-15
      7069.47  5.026351E-15
      7071.76  4.796531E-15
      7074.05  4.726581E-15
      7076.35  4.812492E-15
      7078.64  4.803970E-15
      7080.93  5.071608E-15
      7083.22  5.287053E-15
      7085.52  4.962251E-15
      7087.81  4.851900E-15
      7090.10  4.268353E-15
      7092.39  4.388608E-15
      7094.68  4.757299E-15
      7096.98  4.874414E-15
      7099.27  4.777905E-15
      7101.56  4.859173E-15
      7103.85  4.864102E-15
      7106.14  4.926807E-15
      7108.44  5.063585E-15
      7110.73  4.958944E-15
      7113.02  5.034707E-15
      7115.31  4.941616E-15
      7117.61  5.112881E-15
      7119.90  5.589599E-15
      7122.19  5.007347E-15
      7124.48  4.540218E-15
      7126.77  4.274885E-15
      7129.07  4.822298E-15
      7131.36  4.969772E-15
      7133.65  4.837888E-15
      7135.94  4.253515E-15
      7138.24  4.826810E-15
      7140.53  4.837201E-15
      7142.82  4.542784E-15
      7145.11  4.354506E-15
      7147.40  4.660487E-15
      7149.70  4.607711E-15
      7151.99  4.900654E-15
      7154.28  5.298000E-15
      7156.57  5.132376E-15
      7158.86  5.002327E-15
      7161.16  4.978664E-15
      7163.45  4.356666E-15
      7165.74  4.746191E-15
      7168.03  4.751158E-15
      7170.33  4.556655E-15
      7172.62  4.856405E-15
      7174.91  4.760115E-15
      7177.20  4.671763E-15
      7179.49  4.602502E-15
      7181.79  3.754957E-15
      7184.08  3.562318E-15
      7186.37  4.250759E-15
      7188.66  4.726325E-15
      7190.95  4.803324E-15
      7193.25  4.651086E-15
      7195.54  4.347106E-15
      7197.83  4.102909E-15
      7200.12  4.341397E-15
      7202.42  4.739854E-15
      7204.71  4.916257E-15
      7207.00  4.907920E-15
      7209.29  4.628971E-15
      7211.58  4.446128E-15
      7213.88  4.770702E-15
      7216.17  4.798476E-15
      7218.46  4.593255E-15
      7220.75  4.855824E-15
      7223.04  5.100214E-15
      7225.34  5.020889E-15
      7227.63  4.697351E-15
      7229.92  4.415977E-15
      7232.21  4.647003E-15
      7234.51  4.530987E-15
      7236.80  4.567741E-15
      7239.09  4.487532E-15
      7241.38  4.672116E-15
      7243.67  4.632683E-15
      7245.97  4.425545E-15
      7248.26  4.743357E-15
      7250.55  5.200953E-15
      7252.84  4.432590E-15
      7255.14  4.067174E-15
      7257.43  4.749535E-15
      7259.72  4.685152E-15
      7262.01  4.396602E-15
      7264.30  4.307031E-15
      7266.60  4.493434E-15
      7268.89  4.207014E-15
      7271.18  4.212531E-15
      7273.47  4.304837E-15
      7275.76  4.145579E-15
      7278.06  4.229447E-15
      7280.35  4.086782E-15
      7282.64  4.168795E-15
      7284.93  4.555542E-15
      7287.23  4.721792E-15
      7289.52  4.948886E-15
      7291.81  4.643795E-15
      7294.10  4.917208E-15
      7296.39  5.184522E-15
      7298.69  4.895673E-15
      7300.98  4.893764E-15
      7303.27  5.129749E-15
      7305.56  4.855995E-15
      7307.85  4.536800E-15
      7310.15  4.387892E-15
      7312.44  4.337394E-15
      7314.73  4.304158E-15
      7317.02  4.146674E-15
      7319.32  4.298170E-15
      7321.61  4.778652E-15
      7323.90  4.960817E-15
      7326.19  5.207279E-15
      7328.48  5.342110E-15
      7330.78  4.710449E-15
      7333.07  4.660757E-15
      7335.36  4.945342E-15
      7337.65  5.370788E-15
      7339.94  5.038998E-15
      7342.24  3.584927E-15
      7344.53  3.438399E-15
      7346.82  4.270806E-15
      7349.11  4.547844E-15
      7351.41  4.679552E-15
      7353.70  4.234819E-15
      7355.99  4.174501E-15
      7358.28  5.042110E-15
      7360.57  4.721388E-15
      7362.87  4.304404E-15
      7365.16  4.489078E-15
      7367.45  3.953710E-15
      7369.74  4.164360E-15
      7372.04  5.036826E-15
      7374.33  4.822012E-15
      7376.62  4.353199E-15
      7378.91  3.960670E-15
      7381.20  4.361801E-15
      7383.50  4.886877E-15
      7385.79  4.568505E-15
      7388.08  4.326854E-15
      7390.37  4.123767E-15
      7392.66  4.685992E-15
      7394.96  4.899154E-15
      7397.25  4.819199E-15
      7399.54  4.702364E-15
      7401.83  4.089460E-15
      7404.13  4.297588E-15
      7406.42  4.511506E-15
      7408.71  4.603570E-15
      7411.00  4.685330E-15
      7413.29  4.663035E-15
      7415.59  4.345167E-15
      7417.88  4.205201E-15
      7420.17  4.632002E-15
      7422.46  4.375670E-15
      7424.75  4.245373E-15
      7427.05  4.520301E-15
      7429.34  4.766817E-15
      7431.63  5.074168E-15
      7433.92  4.874072E-15
      7436.22  4.406546E-15
      7438.51  4.274224E-15
      7440.80  4.293287E-15
      7443.09  4.539464E-15
      7445.38  4.622374E-15
      7447.68  4.095271E-15
      7449.97  4.216998E-15
      7452.26  4.788165E-15
      7454.55  4.978771E-15
      7456.84  4.446234E-15
      7459.14  4.752250E-15
      7461.43  4.618488E-15
      7463.72  4.218291E-15
      7466.01  4.450349E-15
      7468.31  4.494566E-15
      7470.60  4.359248E-15
      7472.89  4.234842E-15
      7475.18  4.076936E-15
      7477.47  4.357924E-15
      7479.77  4.240147E-15
      7482.06  3.974864E-15
      7484.35  4.581511E-15
      7486.64  4.677505E-15
      7488.94  4.639182E-15
      7491.23  4.490718E-15
      7493.52  4.369108E-15
      7495.81  4.472165E-15
      7498.10  4.752518E-15
      7500.40  4.627349E-15
      7502.69  4.701150E-15
      7504.98  4.774149E-15
      7507.27  4.418597E-15
      7509.56  4.516405E-15
      7511.86  4.764805E-15
      7514.15  4.399323E-15
      7516.44  4.705085E-15
      7518.73  4.760742E-15
      7521.03  4.378816E-15
      7523.32  4.254711E-15
      7525.61  3.868602E-15
      7527.90  4.385069E-15
      7530.19  4.801722E-15
      7532.49  4.668783E-15
      7534.78  4.433707E-15
      7537.07  4.519871E-15
      7539.36  4.374582E-15
      7541.65  4.326878E-15
      7543.95  4.647455E-15
      7546.24  4.412976E-15
      7548.53  3.797839E-15
      7550.82  3.805712E-15
      7553.12  4.126789E-15
      7555.41  4.258261E-15
      7557.70  4.533697E-15
      7559.99  4.325854E-15
      7562.28  4.122434E-15
      7564.58  4.417581E-15
      7566.87  4.672836E-15
      7569.16  4.628181E-15
      7571.45  4.665756E-15
      7573.74  4.191627E-15
      7576.04  4.102548E-15
      7578.33  4.076569E-15
      7580.62  3.980300E-15
      7582.91  4.352283E-15
      7585.21  4.430743E-15
      7587.50  3.817504E-15
      7589.79  3.861912E-15
      7592.08  3.339479E-15
      7594.37  2.195526E-15
      7596.67  1.497741E-15
      7598.96  1.118333E-15
      7601.25  1.081706E-15
      7603.54  1.451364E-15
      7605.84  1.533625E-15
      7608.13  1.518280E-15
      7610.42  1.996417E-15
      7612.71  2.832422E-15
      7615.00  3.262304E-15
      7617.30  2.629194E-15
      7619.59  2.198334E-15
      7621.88  1.846224E-15
      7624.17  1.478793E-15
      7626.46  1.348021E-15
      7628.76  1.119236E-15
      7631.05  1.580183E-15
      7633.34  2.398267E-15
      7635.63  2.692241E-15
      7637.93  2.621777E-15
      7640.22  2.243558E-15
      7642.51  2.694696E-15
      7644.80  2.824082E-15
      7647.09  2.764289E-15
      7649.39  3.141991E-15
      7651.68  3.746204E-15
      7653.97  4.184502E-15
      7656.26  4.025647E-15
      7658.55  3.500848E-15
      7660.85  3.032395E-15
      7663.14  3.238518E-15
      7665.43  3.826475E-15
      7667.72  3.722306E-15
      7670.02  3.498980E-15
      7672.31  3.867870E-15
      7674.60  3.677316E-15
      7676.89  3.256038E-15
      7679.18  3.513031E-15
      7681.48  3.642971E-15
      7683.77  3.093077E-15
      7686.06  2.914692E-15
      7688.35  3.067561E-15
      7690.64  3.059243E-15
      7692.94  2.968031E-15
      7695.23  2.794735E-15
      7697.52  3.002549E-15
      7699.81  3.541746E-15
      7702.11  3.476196E-15
      7704.40  3.159303E-15
      7706.69  2.798976E-15
      7708.98  2.605386E-15
      7711.27  3.001356E-15
      7713.57  3.431472E-15
      7715.86  3.550957E-15
      7718.15  3.584090E-15
      7720.44  3.508012E-15
      7722.74  3.855845E-15
      7725.03  3.523888E-15
      7727.32  3.934855E-15
      7729.61  3.997292E-15
      7731.90  4.089218E-15
      7734.20  4.230856E-15
      7736.49  3.838954E-15
      7738.78  3.782109E-15
      7741.07  3.891666E-15
      7743.36  4.049490E-15
      7745.66  4.231379E-15
      7747.95  3.967895E-15
      7750.24  3.976818E-15
      7752.53  4.332207E-15
      7754.83  4.387479E-15
      7757.12  4.238027E-15
      7759.41  3.897794E-15
      7761.70  3.926911E-15
      7763.99  4.188768E-15
      7766.29  3.578234E-15
      7768.58  3.408364E-15
      7770.87  3.731666E-15
      7773.16  3.720966E-15
      7775.45  3.707858E-15
      7777.75  3.885926E-15
      7780.04  4.110146E-15
      7782.33  3.923374E-15
      7784.62  3.921148E-15
      7786.92  3.616735E-15
      7789.21  3.661643E-15
      7791.50  3.715199E-15
      7793.79  3.419245E-15
      7796.08  3.625353E-15
      7798.38  3.856324E-15
      7800.67  3.896344E-15
