      3392.86  3.741669E-15
      3397.14  3.577509E-15
      3401.43  2.233033E-15
      3405.71  2.109727E-15
      3410.00  3.024318E-15
      3414.29  2.989116E-15
      3418.57  1.187241E-15
      3422.86  8.333354E-16
      3427.14  1.753519E-15
      3431.43  1.835209E-15
      3435.71  1.274410E-15
      3440.00  1.489463E-15
      3444.29  1.527546E-15
      3448.57  1.330994E-15
      3452.86  2.058053E-15
      3457.14  3.002179E-15
      3461.43  3.206786E-15
      3465.71  3.028359E-15
      3470.00  2.950232E-15
      3474.29  3.234617E-15
      3478.57  2.681959E-15
      3482.86  2.628401E-15
      3487.14  2.825416E-15
      3491.43  3.106408E-15
      3495.71  3.222710E-15
      3500.00  3.247419E-15
      3504.29  3.494986E-15
      3508.57  3.495870E-15
      3512.86  2.968086E-15
      3517.14  2.534111E-15
      3521.43  2.450036E-15
      3525.71  2.387199E-15
      3530.00  2.182817E-15
      3534.29  1.882412E-15
      3538.57  1.777577E-15
      3542.86  1.749650E-15
      3547.14  1.981579E-15
      3551.43  2.292361E-15
      3555.71  2.141985E-15
      3560.00  1.910835E-15
      3564.29  2.307167E-15
      3568.57  2.684290E-15
      3572.86  2.402010E-15
      3577.14  2.212915E-15
      3581.43  2.148451E-15
      3585.71  2.168790E-15
      3590.00  2.414186E-15
      3594.29  2.453215E-15
      3598.57  2.273988E-15
      3602.86  2.219773E-15
      3607.14  2.475284E-15
      3611.43  2.786404E-15
      3615.71  2.974310E-15
      3620.00  2.921145E-15
      3624.29  2.564664E-15
      3628.57  2.356605E-15
      3632.86  2.525104E-15
      3637.14  2.646638E-15
      3641.43  2.373427E-15
      3645.71  2.440283E-15
      3650.00  2.624170E-15
      3654.29  2.765384E-15
      3658.57  2.834247E-15
      3662.86  2.920423E-15
      3667.14  2.731969E-15
      3671.43  2.324725E-15
      3675.71  2.295281E-15
      3680.00  2.419551E-15
      3684.29  2.267840E-15
      3688.57  2.051491E-15
      3692.86  1.971399E-15
      3697.14  1.957152E-15
      3701.43  1.969141E-15
      3705.71  2.076607E-15
      3710.00  2.115381E-15
      3714.29  2.161995E-15
      3718.57  2.276523E-15
      3722.86  2.555109E-15
      3727.14  3.207566E-15
      3731.43  4.122875E-15
      3735.71  4.882417E-15
      3740.00  5.074547E-15
      3744.29  4.891760E-15
      3748.57  4.862502E-15
      3752.86  4.950628E-15
      3757.14  5.066232E-15
      3761.43  5.025967E-15
      3765.71  4.982309E-15
      3770.00  4.832257E-15
      3774.29  4.381374E-15
      3778.57  3.983600E-15
      3782.86  3.854251E-15
      3787.14  3.734831E-15
      3791.43  3.684378E-15
      3795.71  3.890228E-15
      3800.00  4.149730E-15
      3804.29  4.348834E-15
      3808.57  4.735278E-15
      3812.86  5.130792E-15
      3817.14  5.326887E-15
      3821.43  5.449273E-15
      3825.71  5.419399E-15
      3830.00  5.158632E-15
      3834.29  4.846279E-15
      3838.57  4.585590E-15
      3842.86  4.302932E-15
      3847.14  3.838022E-15
      3851.43  3.316110E-15
      3855.71  2.885065E-15
      3860.00  2.550273E-15
      3864.29  2.365789E-15
      3868.57  2.176790E-15
      3872.86  2.134687E-15
      3877.14  2.261122E-15
      3881.43  2.299197E-15
      3885.71  2.260729E-15
      3890.00  2.225025E-15
      3894.29  2.130318E-15
      3898.57  2.145833E-15
      3902.86  2.372975E-15
      3907.14  2.573598E-15
      3911.43  2.627592E-15
      3915.71  2.766715E-15
      3920.00  3.048520E-15
      3924.29  3.435338E-15
      3928.57  3.892653E-15
      3932.86  4.417080E-15
      3937.14  5.100813E-15
      3941.43  5.946724E-15
      3945.71  6.753915E-15
      3950.00  7.368736E-15
      3954.29  7.928524E-15
      3958.57  8.592778E-15
      3962.86  8.891880E-15
      3967.14  8.828010E-15
      3971.43  8.778266E-15
      3975.71  8.850525E-15
      3980.00  8.924779E-15
      3984.29  8.784418E-15
      3988.57  8.513800E-15
      3992.86  8.370696E-15
      3997.14  8.248718E-15
      4001.43  8.020440E-15
      4005.71  7.938494E-15
      4010.00  8.032151E-15
      4014.29  7.974103E-15
      4018.57  7.832971E-15
      4022.86  7.679744E-15
      4027.14  7.291837E-15
      4031.43  6.820145E-15
      4035.71  6.496827E-15
      4040.00  6.255713E-15
      4044.29  6.021414E-15
      4048.57  5.802210E-15
      4052.86  5.625831E-15
      4057.14  5.572412E-15
      4061.43  5.672827E-15
      4065.71  6.054350E-15
      4070.00  6.697164E-15
      4074.29  7.407456E-15
      4078.57  8.221176E-15
      4082.86  9.083505E-15
      4087.14  9.565865E-15
      4091.43  9.858037E-15
      4095.71  1.025553E-14
      4100.00  1.041236E-14
      4104.29  1.023206E-14
      4108.57  9.964301E-15
      4112.86  9.614708E-15
      4117.14  9.334744E-15
      4121.43  8.918900E-15
      4125.71  8.414250E-15
      4130.00  8.135642E-15
      4134.29  8.015615E-15
      4138.57  8.113543E-15
      4142.86  8.281143E-15
      4147.14  8.322295E-15
      4151.43  8.459709E-15
      4155.71  8.801986E-15
      4160.00  8.967156E-15
      4164.29  8.776452E-15
      4168.57  8.562526E-15
      4172.86  8.232541E-15
      4177.14  7.833696E-15
      4181.43  7.631834E-15
      4185.71  7.234251E-15
      4190.00  6.758955E-15
      4194.29  6.590008E-15
      4198.57  6.655765E-15
      4202.86  6.774541E-15
      4207.14  6.952192E-15
      4211.43  7.184522E-15
      4215.71  7.316356E-15
      4220.00  7.219315E-15
      4224.29  6.921528E-15
      4228.57  6.464176E-15
      4232.86  6.035766E-15
      4237.14  5.716849E-15
      4241.43  5.361524E-15
      4245.71  4.970458E-15
      4250.00  4.576148E-15
      4254.29  4.169105E-15
      4258.57  3.814901E-15
      4262.86  3.493664E-15
      4267.14  3.157381E-15
      4271.43  2.938625E-15
      4275.71  2.861628E-15
      4280.00  2.906154E-15
      4284.29  3.040645E-15
      4288.57  3.310668E-15
      4292.86  3.707715E-15
      4297.14  4.232242E-15
      4301.43  4.818936E-15
      4305.71  5.443321E-15
      4310.00  6.029034E-15
      4314.29  6.521219E-15
      4318.57  6.993127E-15
      4322.86  7.382759E-15
      4327.14  7.601842E-15
      4331.43  7.567702E-15
      4335.71  7.401932E-15
      4340.00  7.218833E-15
      4344.29  7.081380E-15
      4348.57  6.901917E-15
      4352.86  6.738562E-15
      4357.14  6.617267E-15
      4361.43  6.594946E-15
      4365.71  6.750450E-15
      4370.00  6.995038E-15
      4374.29  7.197445E-15
      4378.57  7.236064E-15
      4382.86  7.224083E-15
      4387.14  7.347354E-15
      4391.43  7.453876E-15
      4395.71  7.291915E-15
      4400.00  7.115577E-15
      4404.29  7.081109E-15
      4408.57  7.080260E-15
      4412.86  7.051785E-15
      4417.14  7.102079E-15
      4421.43  7.220843E-15
      4425.71  7.248177E-15
      4430.00  7.246546E-15
      4434.29  7.315400E-15
      4438.57  7.497078E-15
      4442.86  7.605250E-15
      4447.14  7.604625E-15
      4451.43  7.518334E-15
      4455.71  7.335900E-15
      4460.00  7.301717E-15
      4464.29  7.230174E-15
      4468.57  6.887681E-15
      4472.86  6.554953E-15
      4477.14  6.386005E-15
      4481.43  6.206432E-15
      4485.71  5.969355E-15
      4490.00  5.818404E-15
      4494.29  5.667822E-15
      4498.57  5.546383E-15
      4502.86  5.376342E-15
      4507.14  5.267083E-15
      4511.43  5.323461E-15
      4515.71  5.407068E-15
      4520.00  5.484480E-15
      4524.29  5.678124E-15
      4528.57  5.992961E-15
      4532.86  6.317883E-15
      4537.14  6.623204E-15
      4541.43  7.040862E-15
      4545.71  7.617819E-15
      4550.00  8.298060E-15
      4554.29  8.942536E-15
      4558.57  9.651325E-15
      4562.86  1.018259E-14
      4567.14  1.049955E-14
      4571.43  1.066539E-14
      4575.71  1.065247E-14
      4580.00  1.047689E-14
      4584.29  1.024571E-14
      4588.57  1.015585E-14
      4592.86  1.013058E-14
      4597.14  1.013479E-14
      4601.43  1.014353E-14
      4605.71  1.010965E-14
      4610.00  9.914190E-15
      4614.29  9.677435E-15
      4618.57  9.629605E-15
      4622.86  9.688691E-15
      4627.14  9.857834E-15
      4631.43  1.021397E-14
      4635.71  1.060237E-14
      4640.00  1.085725E-14
      4644.29  1.090664E-14
      4648.57  1.086556E-14
      4652.86  1.078072E-14
      4657.14  1.068814E-14
      4661.43  1.058448E-14
      4665.71  1.052822E-14
      4670.00  1.044420E-14
      4674.29  1.048924E-14
      4678.57  1.057128E-14
      4682.86  1.052638E-14
      4687.14  1.056722E-14
      4691.43  1.064755E-14
      4695.71  1.051663E-14
      4700.00  1.028923E-14
      4704.29  9.992524E-15
      4708.57  9.664514E-15
      4712.86  9.272205E-15
      4717.14  8.826382E-15
      4721.43  8.535516E-15
      4725.71  8.344864E-15
      4730.00  8.024893E-15
      4734.29  7.559309E-15
      4738.57  7.133768E-15
      4742.86  6.725241E-15
      4747.14  6.222509E-15
      4751.43  5.907246E-15
      4755.71  5.774767E-15
      4760.00  5.528710E-15
      4764.29  5.215508E-15
      4768.57  4.968133E-15
      4772.86  4.697289E-15
      4777.14  4.397414E-15
      4781.43  4.064912E-15
      4785.71  3.815779E-15
      4790.00  3.777920E-15
      4794.29  3.857394E-15
      4798.57  3.991968E-15
      4802.86  4.238775E-15
      4807.14  4.605831E-15
      4811.43  5.148656E-15
      4815.71  5.987473E-15
      4820.00  7.044789E-15
      4824.29  8.162551E-15
      4828.57  9.281691E-15
      4832.86  1.039833E-14
      4837.14  1.139828E-14
      4841.43  1.223059E-14
      4845.71  1.294151E-14
      4850.00  1.343853E-14
      4854.29  1.356145E-14
      4858.57  1.337165E-14
      4862.86  1.316800E-14
      4867.14  1.299014E-14
      4871.43  1.267813E-14
      4875.71  1.224274E-14
      4880.00  1.177826E-14
      4884.29  1.158116E-14
      4888.57  1.164064E-14
      4892.86  1.185853E-14
      4897.14  1.222127E-14
      4901.43  1.252447E-14
      4905.71  1.275241E-14
      4910.00  1.306675E-14
      4914.29  1.322672E-14
      4918.57  1.317472E-14
      4922.86  1.313492E-14
      4927.14  1.299797E-14
      4931.43  1.268757E-14
      4935.71  1.236135E-14
      4940.00  1.195890E-14
      4944.29  1.135392E-14
      4948.57  1.057053E-14
      4952.86  9.808557E-15
      4957.14  9.239175E-15
      4961.43  8.785032E-15
      4965.71  8.440398E-15
      4970.00  8.216552E-15
      4974.29  8.117413E-15
      4978.57  8.102309E-15
      4982.86  8.359541E-15
      4987.14  8.861974E-15
      4991.43  9.505794E-15
      4995.71  1.018954E-14
      5000.00  1.067668E-14
      5004.29  1.093789E-14
      5008.57  1.135502E-14
      5012.86  1.206146E-14
      5017.14  1.264154E-14
      5021.43  1.278842E-14
      5025.71  1.224298E-14
      5030.00  1.140061E-14
      5034.29  1.103745E-14
      5038.57  1.093688E-14
      5042.86  1.080550E-14
      5047.14  1.069457E-14
      5051.43  1.068314E-14
      5055.71  1.055959E-14
      5060.00  1.020214E-14
      5064.29  9.823233E-15
      5068.57  9.441587E-15
      5072.86  9.100341E-15
      5077.14  8.840222E-15
      5081.43  8.645968E-15
      5085.71  8.572150E-15
      5090.00  8.352096E-15
      5094.29  7.985911E-15
      5098.57  7.648479E-15
      5102.86  7.282039E-15
      5107.14  6.826587E-15
      5111.43  6.439185E-15
      5115.71  6.232788E-15
      5120.00  6.088734E-15
      5124.29  5.933801E-15
      5128.57  5.908185E-15
      5132.86  6.119424E-15
      5137.14  6.480439E-15
      5141.43  6.944985E-15
      5145.71  7.403011E-15
      5150.00  7.805134E-15
      5154.29  8.158358E-15
      5158.57  8.356486E-15
      5162.86  8.475984E-15
      5167.14  8.673063E-15
      5171.43  8.801242E-15
      5175.71  8.804432E-15
      5180.00  8.853444E-15
      5184.29  8.941435E-15
      5188.57  9.077733E-15
      5192.86  9.206684E-15
      5197.14  9.212156E-15
      5201.43  9.253002E-15
      5205.71  9.279984E-15
      5210.00  9.243504E-15
      5214.29  9.246766E-15
      5218.57  9.212807E-15
      5222.86  9.095099E-15
      5227.14  9.074388E-15
      5231.43  9.206726E-15
      5235.71  9.357731E-15
      5240.00  9.414659E-15
      5244.29  9.580855E-15
      5248.57  9.714050E-15
      5252.86  9.656955E-15
      5257.14  9.381634E-15
      5261.43  8.996029E-15
      5265.71  8.689846E-15
      5270.00  8.488202E-15
      5274.29  8.417254E-15
      5278.57  8.512151E-15
      5282.86  8.587525E-15
      5287.14  8.682828E-15
      5291.43  8.869853E-15
      5295.71  9.071305E-15
      5300.00  9.278608E-15
      5304.29  9.467548E-15
      5308.57  9.574417E-15
      5312.86  9.676244E-15
      5317.14  9.702553E-15
      5321.43  9.640565E-15
      5325.71  9.653938E-15
      5330.00  9.751978E-15
      5334.29  9.839841E-15
      5338.57  9.830936E-15
      5342.86  9.778751E-15
      5347.14  9.750306E-15
      5351.43  9.612012E-15
      5355.71  9.393274E-15
      5360.00  9.274121E-15
      5364.29  9.283526E-15
      5368.57  9.358894E-15
      5372.86  9.426215E-15
      5377.14  9.511931E-15
      5381.43  9.688576E-15
      5385.71  9.834889E-15
      5390.00  9.836198E-15
      5394.29  9.825550E-15
      5398.57  9.885546E-15
      5402.86  9.959758E-15
      5407.14  9.958362E-15
      5411.43  9.963569E-15
      5415.71  9.941757E-15
      5420.00  9.792882E-15
      5424.29  9.640367E-15
      5428.57  9.597646E-15
      5432.86  9.468844E-15
      5437.14  9.187534E-15
      5441.43  9.046133E-15
      5445.71  9.035925E-15
      5450.00  8.942959E-15
      5454.29  8.776644E-15
      5458.57  8.703360E-15
      5462.86  8.520582E-15
      5467.14  8.284714E-15
      5471.43  8.276380E-15
      5475.71  8.451857E-15
      5480.00  8.622992E-15
      5484.29  8.744627E-15
      5488.57  8.924503E-15
      5492.86  9.215418E-15
      5497.14  9.436237E-15
      5501.43  9.578440E-15
      5505.71  9.752700E-15
      5510.00  9.886485E-15
      5514.29  1.001812E-14
      5518.57  1.003371E-14
      5522.86  9.973491E-15
      5527.14  9.879618E-15
      5531.43  9.726662E-15
      5535.71  9.596330E-15
      5540.00  9.558121E-15
      5544.29  9.555682E-15
      5548.57  9.482033E-15
      5552.86  9.345678E-15
      5557.14  9.278953E-15
      5561.43  9.245430E-15
      5565.71  9.170350E-15
      5570.00  9.007097E-15
      5574.29  8.730664E-15
      5578.57  8.481628E-15
      5582.86  8.312764E-15
      5587.14  8.107756E-15
      5591.43  7.860502E-15
      5595.71  7.686112E-15
      5600.00  7.598024E-15
      5604.29  7.505910E-15
      5608.57  7.417094E-15
      5612.86  7.454669E-15
      5617.14  7.593232E-15
      5621.43  7.759194E-15
      5625.71  7.997420E-15
      5630.00  8.258767E-15
      5634.29  8.490912E-15
      5638.57  8.636649E-15
      5642.86  8.805848E-15
      5647.14  9.035392E-15
      5651.43  9.182573E-15
      5655.71  9.353645E-15
      5660.00  9.458889E-15
      5664.29  9.497821E-15
      5668.57  9.440219E-15
      5672.86  9.375013E-15
      5677.14  9.349234E-15
      5681.43  9.343286E-15
      5685.71  9.292620E-15
      5690.00  9.192371E-15
      5694.29  9.160096E-15
      5698.57  9.120980E-15
      5702.86  9.001998E-15
      5707.14  9.007857E-15
      5711.43  9.040505E-15
      5715.71  8.966646E-15
      5720.00  8.925788E-15
      5724.29  8.940861E-15
      5728.57  8.937646E-15
      5732.86  8.859018E-15
      5737.14  8.678431E-15
      5741.43  8.518842E-15
      5745.71  8.524389E-15
      5750.00  8.623713E-15
      5754.29  8.676949E-15
      5758.57  8.675219E-15
      5762.86  8.630637E-15
      5767.14  8.562727E-15
      5771.43  8.527449E-15
      5775.71  8.544441E-15
      5780.00  8.638574E-15
      5784.29  8.657270E-15
      5788.57  8.595180E-15
      5792.86  8.496498E-15
      5797.14  8.395153E-15
      5801.43  8.330788E-15
      5805.71  8.247711E-15
      5810.00  8.114516E-15
      5814.29  7.945914E-15
      5818.57  7.711185E-15
      5822.86  7.534840E-15
      5827.14  7.449241E-15
      5831.43  7.368716E-15
      5835.71  7.377281E-15
      5840.00  7.544688E-15
      5844.29  7.746256E-15
      5848.57  7.925797E-15
      5852.86  8.115219E-15
      5857.14  8.342188E-15
      5861.43  8.561147E-15
      5865.71  8.692496E-15
      5870.00  8.780329E-15
      5874.29  8.794801E-15
      5878.57  8.795380E-15
      5882.86  8.809001E-15
      5887.14  8.758877E-15
      5891.43  8.704053E-15
      5895.71  8.691388E-15
      5900.00  8.722429E-15
      5904.29  8.795420E-15
      5908.57  8.849683E-15
      5912.86  8.827949E-15
      5917.14  8.763230E-15
      5921.43  8.720434E-15
      5925.71  8.710798E-15
      5930.00  8.690686E-15
      5934.29  8.646129E-15
      5938.57  8.607302E-15
      5942.86  8.572030E-15
      5947.14  8.545809E-15
      5951.43  8.604200E-15
      5955.71  8.598633E-15
      5960.00  8.491910E-15
      5964.29  8.441860E-15
      5968.57  8.434106E-15
      5972.86  8.398452E-15
      5977.14  8.333016E-15
      5981.43  8.330972E-15
      5985.71  8.386828E-15
      5990.00  8.451271E-15
      5994.29  8.478111E-15
      5998.57  8.520869E-15
      6002.86  8.625125E-15
      6007.14  8.554049E-15
      6011.43  8.422717E-15
      6015.71  8.492048E-15
      6020.00  8.545822E-15
      6024.29  8.437282E-15
      6028.57  8.365209E-15
      6032.86  8.357801E-15
      6037.14  8.267302E-15
      6041.43  8.243894E-15
      6045.71  8.286159E-15
      6050.00  8.254339E-15
      6054.29  8.251018E-15
      6058.57  8.334171E-15
      6062.86  8.332407E-15
      6067.14  8.245151E-15
      6071.43  8.240432E-15
      6075.71  8.253703E-15
      6080.00  8.144017E-15
      6084.29  8.018343E-15
      6088.57  7.991858E-15
      6092.86  7.999787E-15
      6097.14  7.910729E-15
      6101.43  7.836692E-15
      6105.71  7.943628E-15
      6110.00  8.046575E-15
      6114.29  8.120493E-15
      6118.57  8.243061E-15
      6122.86  8.295315E-15
      6127.14  8.278004E-15
      6131.43  8.325007E-15
      6135.71  8.417978E-15
      6140.00  8.454305E-15
      6144.29  8.345507E-15
      6148.57  8.229991E-15
      6152.86  8.243813E-15
      6157.14  8.282543E-15
      6161.43  8.187486E-15
      6165.71  8.038095E-15
      6170.00  7.867884E-15
      6174.29  7.649771E-15
      6178.57  7.490612E-15
      6182.86  7.447508E-15
      6187.14  7.453573E-15
      6191.43  7.443405E-15
      6195.71  7.435209E-15
      6200.00  7.579579E-15
      6204.29  7.744166E-15
      6208.57  7.810711E-15
      6212.86  7.763553E-15
      6217.14  7.722952E-15
      6221.43  7.751127E-15
      6225.71  7.796301E-15
      6230.00  7.778835E-15
      6234.29  7.745161E-15
      6238.57  7.859576E-15
      6242.86  7.975995E-15
      6247.14  7.869659E-15
      6251.43  7.789517E-15
      6255.71  7.774858E-15
      6260.00  7.701698E-15
      6264.29  7.749180E-15
      6268.57  7.881902E-15
      6272.86  7.973980E-15
      6277.14  7.979580E-15
      6281.43  7.886522E-15
      6285.71  7.790281E-15
      6290.00  7.742571E-15
      6294.29  7.712281E-15
      6298.57  7.724298E-15
      6302.86  7.664567E-15
      6307.14  7.532142E-15
      6311.43  7.489082E-15
      6315.71  7.487191E-15
      6320.00  7.445466E-15
      6324.29  7.452035E-15
      6328.57  7.526642E-15
      6332.86  7.610777E-15
      6337.14  7.637234E-15
      6341.43  7.598779E-15
      6345.71  7.586271E-15
      6350.00  7.571279E-15
      6354.29  7.500888E-15
      6358.57  7.428805E-15
      6362.86  7.393046E-15
      6367.14  7.378773E-15
      6371.43  7.324274E-15
      6375.71  7.236350E-15
      6380.00  7.050477E-15
      6384.29  6.765759E-15
      6388.57  6.476875E-15
      6392.86  6.123566E-15
      6397.14  5.749930E-15
      6401.43  5.439857E-15
      6405.71  5.099295E-15
      6410.00  4.721027E-15
      6414.29  4.407613E-15
      6418.57  4.161723E-15
      6422.86  3.894977E-15
      6427.14  3.686396E-15
      6431.43  3.552954E-15
      6435.71  3.427434E-15
      6440.00  3.381825E-15
      6444.29  3.415707E-15
      6448.57  3.451204E-15
      6452.86  3.523881E-15
      6457.14  3.668750E-15
      6461.43  3.836854E-15
      6465.71  4.018250E-15
      6470.00  4.284403E-15
      6474.29  4.651366E-15
      6478.57  5.088253E-15
      6482.86  5.608449E-15
      6487.14  6.231009E-15
      6491.43  6.976619E-15
      6495.71  7.884959E-15
      6500.00  8.914160E-15
      6504.29  1.001216E-14
      6508.57  1.114835E-14
      6512.86  1.220162E-14
      6517.14  1.307789E-14
      6521.43  1.377483E-14
      6525.71  1.440867E-14
      6530.00  1.502235E-14
      6534.29  1.556840E-14
      6538.57  1.595205E-14
      6542.86  1.619765E-14
      6547.14  1.650477E-14
      6551.43  1.686895E-14
      6555.71  1.710339E-14
      6560.00  1.721882E-14
      6564.29  1.731669E-14
      6568.57  1.750281E-14
      6572.86  1.785242E-14
      6577.14  1.807521E-14
      6581.43  1.798123E-14
      6585.71  1.743179E-14
      6590.00  1.661879E-14
      6594.29  1.602557E-14
      6598.57  1.564555E-14
      6602.86  1.527844E-14
      6607.14  1.487327E-14
      6611.43  1.442020E-14
      6615.71  1.394997E-14
      6620.00  1.356067E-14
      6624.29  1.320249E-14
      6628.57  1.283821E-14
      6632.86  1.248728E-14
      6637.14  1.216638E-14
      6641.43  1.188065E-14
      6645.71  1.160530E-14
      6650.00  1.130050E-14
      6654.29  1.097669E-14
      6658.57  1.067137E-14
      6662.86  1.045490E-14
      6667.14  1.029335E-14
      6671.43  1.013595E-14
      6675.71  9.987169E-15
      6680.00  9.799848E-15
      6684.29  9.598650E-15
      6688.57  9.371065E-15
      6692.86  9.144986E-15
      6697.14  8.986042E-15
      6701.43  8.831790E-15
      6705.71  8.653841E-15
      6710.00  8.517957E-15
      6714.29  8.457544E-15
      6718.57  8.359873E-15
      6722.86  8.189204E-15
      6727.14  8.065135E-15
      6731.43  7.986558E-15
      6735.71  7.884770E-15
      6740.00  7.711186E-15
      6744.29  7.534006E-15
      6748.57  7.474192E-15
      6752.86  7.488087E-15
      6757.14  7.430613E-15
      6761.43  7.299867E-15
      6765.71  7.217726E-15
      6770.00  7.180982E-15
      6774.29  7.144481E-15
      6778.57  7.130237E-15
      6782.86  7.128445E-15
      6787.14  7.078930E-15
      6791.43  7.018962E-15
      6795.71  7.000914E-15
      6800.00  6.984761E-15
      6804.29  6.977079E-15
      6808.57  7.012467E-15
      6812.86  7.039727E-15
      6817.14  7.001483E-15
      6821.43  6.952263E-15
      6825.71  6.956034E-15
      6830.00  6.993583E-15
      6834.29  6.976140E-15
      6838.57  6.913159E-15
      6842.86  6.888011E-15
      6847.14  6.889200E-15
      6851.43  6.904175E-15
      6855.71  6.943202E-15
      6860.00  6.954011E-15
      6864.29  6.971802E-15
      6868.57  6.983322E-15
      6872.86  6.909707E-15
      6877.14  6.845517E-15
      6881.43  6.887297E-15
      6885.71  6.946248E-15
      6890.00  6.855523E-15
      6894.29  6.728972E-15
      6898.57  6.706547E-15
      6902.86  6.722830E-15
      6907.14  6.747117E-15
      6911.43  6.754287E-15
      6915.71  6.661202E-15
      6920.00  6.517991E-15
      6924.29  6.413254E-15
      6928.57  6.336135E-15
      6932.86  6.296903E-15
      6937.14  6.309788E-15
      6941.43  6.303640E-15
      6945.71  6.331235E-15
      6950.00  6.437963E-15
      6954.29  6.492544E-15
      6958.57  6.457099E-15
      6962.86  6.460029E-15
      6967.14  6.530397E-15
      6971.43  6.629200E-15
      6975.71  6.698558E-15
      6980.00  6.687641E-15
      6984.29  6.676884E-15
      6988.57  6.700771E-15
      6992.86  6.680890E-15
      6997.14  6.643135E-15
      7001.43  6.599704E-15
      7005.71  6.545236E-15
      7010.00  6.551161E-15
      7014.29  6.581323E-15
      7018.57  6.566155E-15
      7022.86  6.535254E-15
      7027.14  6.518485E-15
      7031.43  6.537732E-15
      7035.71  6.556311E-15
      7040.00  6.530087E-15
      7044.29  6.476954E-15
      7048.57  6.453313E-15
      7052.86  6.449509E-15
      7057.14  6.430394E-15
      7061.43  6.394652E-15
      7065.71  6.404306E-15
      7070.00  6.405588E-15
      7074.29  6.354605E-15
      7078.57  6.342705E-15
      7082.86  6.389848E-15
      7087.14  6.398233E-15
      7091.43  6.353897E-15
      7095.71  6.327584E-15
      7100.00  6.271298E-15
      7104.29  6.218262E-15
      7108.57  6.231370E-15
      7112.86  6.241643E-15
      7117.14  6.227240E-15
      7121.43  6.206011E-15
      7125.71  6.180691E-15
      7130.00  6.148537E-15
      7134.29  6.122233E-15
      7138.57  6.061838E-15
      7142.86  5.968524E-15
      7147.14  5.934599E-15
      7151.43  5.946041E-15
      7155.71  5.951860E-15
      7160.00  5.982468E-15
      7164.29  6.066317E-15
      7168.57  6.172284E-15
      7172.86  6.288202E-15
      7177.14  6.309444E-15
      7181.43  6.279848E-15
      7185.71  6.327162E-15
      7190.00  6.353178E-15
      7194.29  6.365560E-15
      7198.57  6.389290E-15
      7202.86  6.353665E-15
      7207.14  6.297910E-15
      7211.43  6.252445E-15
      7215.71  6.249615E-15
      7220.00  6.215660E-15
      7224.29  6.136440E-15
      7228.57  6.162475E-15
      7232.86  6.259168E-15
      7237.14  6.267029E-15
      7241.43  6.191952E-15
      7245.71  6.106240E-15
      7250.00  6.074835E-15
      7254.29  6.062282E-15
      7258.57  6.066234E-15
      7262.86  6.129056E-15
      7267.14  6.185675E-15
      7271.43  6.195431E-15
      7275.71  6.130285E-15
      7280.00  6.055954E-15
      7284.29  6.033251E-15
      7288.57  6.000573E-15
      7292.86  5.987002E-15
      7297.14  6.076005E-15
      7301.43  6.164644E-15
      7305.71  6.181180E-15
      7310.00  6.120882E-15
      7314.29  6.048109E-15
      7318.57  6.042389E-15
      7322.86  6.078443E-15
      7327.14  6.102676E-15
      7331.43  6.111484E-15
      7335.71  6.146770E-15
      7340.00  6.160193E-15
      7344.29  6.152370E-15
      7348.57  6.149572E-15
      7352.86  6.111576E-15
      7357.14  6.030109E-15
      7361.43  5.929841E-15
      7365.71  5.890423E-15
      7370.00  5.905609E-15
      7374.29  5.891004E-15
      7378.57  5.861515E-15
      7382.86  5.854363E-15
      7387.14  5.850488E-15
      7391.43  5.838532E-15
      7395.71  5.857650E-15
      7400.00  5.875090E-15
      7404.29  5.891064E-15
      7408.57  5.900482E-15
      7412.86  5.905156E-15
      7417.14  5.911731E-15
      7421.43  5.894559E-15
      7425.71  5.904678E-15
      7430.00  5.906764E-15
      7434.29  5.891550E-15
      7438.57  5.872466E-15
      7442.86  5.848101E-15
      7447.14  5.815605E-15
      7451.43  5.801341E-15
      7455.71  5.829264E-15
      7460.00  5.814563E-15
      7464.29  5.766549E-15
      7468.57  5.795862E-15
      7472.86  5.823905E-15
      7477.14  5.762253E-15
      7481.43  5.742329E-15
      7485.71  5.760880E-15
      7490.00  5.709902E-15
      7494.29  5.663534E-15
      7498.57  5.665253E-15
      7502.86  5.660477E-15
      7507.14  5.653787E-15
      7511.43  5.636200E-15
      7515.71  5.616194E-15
      7520.00  5.619402E-15
      7524.29  5.614567E-15
      7528.57  5.649385E-15
      7532.86  5.724162E-15
      7537.14  5.721866E-15
      7541.43  5.667417E-15
      7545.71  5.652396E-15
      7550.00  5.678269E-15
      7554.29  5.674885E-15
      7558.57  5.657047E-15
      7562.86  5.650350E-15
      7567.14  5.622679E-15
      7571.43  5.574218E-15
      7575.71  5.531354E-15
      7580.00  5.482781E-15
      7584.29  5.421271E-15
      7588.57  5.429537E-15
      7592.86  5.531632E-15
      7597.14  5.516800E-15
      7601.43  5.412341E-15
      7605.71  5.421063E-15
      7610.00  5.429071E-15
      7614.29  5.506324E-15
      7618.57  5.634680E-15
      7622.86  5.642264E-15
      7627.14  5.514653E-15
      7631.43  5.428210E-15
      7635.71  5.456148E-15
      7640.00  5.444821E-15
      7644.29  5.388833E-15
      7648.57  5.354393E-15
      7652.86  5.371224E-15
      7657.14  5.442841E-15
      7661.43  5.435576E-15
      7665.71  5.319959E-15
      7670.00  5.162645E-15
      7674.29  4.943536E-15
      7678.57  4.728774E-15
      7682.86  4.564115E-15
      7687.14  4.374440E-15
      7691.43  4.201026E-15
      7695.71  4.079566E-15
      7700.00  4.062669E-15
      7704.29  4.102891E-15
      7708.57  4.131829E-15
      7712.86  4.242778E-15
      7717.14  4.448094E-15
      7721.43  4.633719E-15
      7725.71  4.763300E-15
      7730.00  4.873663E-15
      7734.29  5.022871E-15
      7738.57  5.177822E-15
      7742.86  5.275346E-15
      7747.14  5.325399E-15
      7751.43  5.337757E-15
      7755.71  5.358931E-15
      7760.00  5.442014E-15
      7764.29  5.513186E-15
      7768.57  5.510778E-15
      7772.86  5.506133E-15
      7777.14  5.486495E-15
      7781.43  5.462384E-15
      7785.71  5.443016E-15
      7790.00  5.418857E-15
      7794.29  5.404307E-15
      7798.57  5.391393E-15
      7802.86  5.330580E-15
      7807.14  5.285441E-15
      7811.43  5.298872E-15
      7815.71  5.289564E-15
      7820.00  5.316803E-15
      7824.29  5.299995E-15
      7828.57  5.244127E-15
      7832.86  5.181458E-15
      7837.14  5.145506E-15
      7841.43  5.179693E-15
      7845.71  5.259768E-15
      7850.00  5.280951E-15
      7854.29  5.278600E-15
      7858.57  5.239842E-15
      7862.86  5.152572E-15
      7867.14  5.146742E-15
      7871.43  5.162678E-15
      7875.71  5.175167E-15
      7880.00  5.181547E-15
      7884.29  5.185278E-15
      7888.57  5.191413E-15
      7892.86  5.209616E-15
      7897.14  5.166810E-15
      7901.43  5.106644E-15
      7905.71  5.108731E-15
      7910.00  5.136434E-15
      7914.29  5.181543E-15
      7918.57  5.196565E-15
      7922.86  5.138785E-15
      7927.14  5.049015E-15
      7931.43  5.026425E-15
      7935.71  5.079950E-15
      7940.00  5.120555E-15
      7944.29  5.130293E-15
      7948.57  5.158651E-15
      7952.86  5.134156E-15
      7957.14  5.097663E-15
      7961.43  5.090857E-15
      7965.71  5.085020E-15
      7970.00  5.085640E-15
      7974.29  5.053443E-15
      7978.57  5.017195E-15
      7982.86  5.041584E-15
      7987.14  5.077016E-15
      7991.43  5.068283E-15
      7995.71  5.050861E-15
      8000.00  5.032235E-15
      8004.29  5.021856E-15
      8008.57  5.023566E-15
      8012.86  4.982318E-15
      8017.14  4.963527E-15
      8021.43  4.964817E-15
      8025.71  4.972579E-15
      8030.00  4.992766E-15
      8034.29  4.982673E-15
      8038.57  4.947521E-15
      8042.86  4.970919E-15
      8047.14  5.006879E-15
      8051.43  4.965283E-15
      8055.71  4.907061E-15
      8060.00  4.916254E-15
      8064.29  4.976844E-15
      8068.57  4.998104E-15
      8072.86  4.959166E-15
      8077.14  4.914458E-15
      8081.43  4.953644E-15
      8085.71  4.980180E-15
      8090.00  4.922448E-15
      8094.29  4.855108E-15
      8098.57  4.854987E-15
      8102.86  4.864628E-15
      8107.14  4.841434E-15
      8111.43  4.841811E-15
      8115.71  4.868199E-15
      8120.00  4.869236E-15
      8124.29  4.841028E-15
      8128.57  4.776840E-15
      8132.86  4.672518E-15
      8137.14  4.656120E-15
      8141.43  4.704559E-15
      8145.71  4.751619E-15
      8150.00  4.792028E-15
      8154.29  4.845563E-15
      8158.57  4.832109E-15
      8162.86  4.754790E-15
      8167.14  4.692616E-15
      8171.43  4.626626E-15
      8175.71  4.595327E-15
      8180.00  4.614838E-15
      8184.29  4.693619E-15
      8188.57  4.750713E-15
      8192.86  4.775072E-15
      8197.14  4.814659E-15
      8201.43  4.830526E-15
      8205.71  4.807134E-15
      8210.00  4.728410E-15
      8214.29  4.695640E-15
      8218.57  4.782729E-15
      8222.86  4.871814E-15
      8227.14  4.780942E-15
      8231.43  4.643391E-15
      8235.71  4.668378E-15
      8240.00  4.744240E-15
      8244.29  4.759152E-15
      8248.57  4.689936E-15
      8252.86  4.606402E-15
      8257.14  4.577195E-15
      8261.43  4.553444E-15
      8265.71  4.565291E-15
      8270.00  4.593430E-15
      8274.29  4.554582E-15
      8278.57  4.516414E-15
      8282.86  4.513593E-15
      8287.14  4.552120E-15
      8291.43  4.675202E-15
      8295.71  4.741109E-15
      8300.00  4.656604E-15
      8304.29  4.592252E-15
      8308.57  4.583603E-15
      8312.86  4.499481E-15
      8317.14  4.389001E-15
      8321.43  4.338629E-15
      8325.71  4.327864E-15
      8330.00  4.283801E-15
      8334.29  4.155680E-15
      8338.57  3.937361E-15
      8342.86  3.717943E-15
      8347.14  3.642924E-15
      8351.43  3.560365E-15
      8355.71  3.328971E-15
      8360.00  3.064553E-15
      8364.29  2.829960E-15
      8368.57  2.658343E-15
      8372.86  2.518201E-15
      8377.14  2.397617E-15
      8381.43  2.240002E-15
      8385.71  2.048516E-15
      8390.00  1.903802E-15
      8394.29  1.773775E-15
      8398.57  1.664457E-15
      8402.86  1.590924E-15
      8407.14  1.542529E-15
      8411.43  1.539500E-15
      8415.71  1.568078E-15
      8420.00  1.557502E-15
      8424.29  1.523001E-15
      8428.57  1.582613E-15
      8432.86  1.632283E-15
      8437.14  1.695140E-15
      8441.43  1.825442E-15
      8445.71  1.996098E-15
      8450.00  2.220633E-15
      8454.29  2.485635E-15
      8458.57  2.751539E-15
      8462.86  2.976070E-15
      8467.14  3.244508E-15
      8471.43  3.570418E-15
      8475.71  3.908510E-15
      8480.00  4.246929E-15
      8484.29  4.538317E-15
      8488.57  4.757439E-15
      8492.86  4.933248E-15
      8497.14  5.127011E-15
      8501.43  5.290616E-15
      8505.71  5.332580E-15
      8510.00  5.253700E-15
      8514.29  5.118564E-15
      8518.57  4.923327E-15
      8522.86  4.702789E-15
      8527.14  4.499063E-15
      8531.43  4.293397E-15
      8535.71  4.086089E-15
      8540.00  3.851728E-15
      8544.29  3.628050E-15
      8548.57  3.478576E-15
      8552.86  3.374284E-15
      8557.14  3.298381E-15
      8561.43  3.242913E-15
      8565.71  3.218284E-15
      8570.00  3.258767E-15
      8574.29  3.341315E-15
      8578.57  3.462970E-15
      8582.86  3.633049E-15
      8587.14  3.817859E-15
      8591.43  4.024382E-15
      8595.71  4.254007E-15
      8600.00  4.469401E-15
      8604.29  4.695932E-15
      8608.57  4.952460E-15
      8612.86  5.209576E-15
      8617.14  5.453258E-15
      8621.43  5.687414E-15
      8625.71  5.849767E-15
      8630.00  5.945076E-15
      8634.29  6.057554E-15
      8638.57  6.214559E-15
      8642.86  6.302334E-15
      8647.14  6.376228E-15
      8651.43  6.411743E-15
      8655.71  6.373352E-15
      8660.00  6.357088E-15
      8664.29  6.339469E-15
      8668.57  6.280146E-15
      8672.86  6.228344E-15
      8677.14  6.182795E-15
      8681.43  6.154624E-15
      8685.71  6.187819E-15
      8690.00  6.182541E-15
      8694.29  6.120267E-15
      8698.57  6.039973E-15
      8702.86  5.976330E-15
      8707.14  5.927735E-15
      8711.43  5.862039E-15
      8715.71  5.781020E-15
      8720.00  5.681693E-15
      8724.29  5.535988E-15
      8728.57  5.403936E-15
      8732.86  5.347929E-15
      8737.14  5.322253E-15
      8741.43  5.288856E-15
      8745.71  5.201930E-15
      8750.00  5.072320E-15
      8754.29  5.012836E-15
      8758.57  4.996786E-15
      8762.86  4.928878E-15
      8767.14  4.792088E-15
      8771.43  4.634387E-15
      8775.71  4.554532E-15
      8780.00  4.499210E-15
      8784.29  4.424004E-15
      8788.57  4.364289E-15
      8792.86  4.295138E-15
      8797.14  4.301578E-15
      8801.43  4.296650E-15
      8805.71  4.199692E-15
      8810.00  4.157897E-15
      8814.29  4.155587E-15
      8818.57  4.045871E-15
      8822.86  3.977797E-15
      8827.14  3.946061E-15
      8831.43  3.818366E-15
      8835.71  3.723972E-15
      8840.00  3.719932E-15
      8844.29  3.690275E-15
      8848.57  3.643267E-15
      8852.86  3.667833E-15
      8857.14  3.684088E-15
      8861.43  3.694757E-15
      8865.71  3.786798E-15
      8870.00  3.873992E-15
      8874.29  3.905543E-15
      8878.57  3.851859E-15
      8882.86  3.784524E-15
      8887.14  3.799647E-15
      8891.43  3.793576E-15
      8895.71  3.789132E-15
      8900.00  3.783696E-15
      8904.29  3.753397E-15
      8908.57  3.779035E-15
      8912.86  3.930831E-15
      8917.14  4.052985E-15
      8921.43  4.049997E-15
      8925.71  3.976661E-15
      8930.00  3.875980E-15
      8934.29  3.796767E-15
      8938.57  3.783190E-15
      8942.86  3.786838E-15
      8947.14  3.747779E-15
      8951.43  3.711856E-15
      8955.71  3.682698E-15
      8960.00  3.673867E-15
      8964.29  3.672099E-15
      8968.57  3.699287E-15
      8972.86  3.713229E-15
      8977.14  3.669662E-15
      8981.43  3.650116E-15
      8985.71  3.634266E-15
      8990.00  3.520070E-15
      8994.29  3.469073E-15
      8998.57  3.573451E-15
      9002.86  3.472644E-15
      9007.14  3.289282E-15
      9011.43  3.292340E-15
      9015.71  3.353806E-15
      9020.00  3.419043E-15
      9024.29  3.537583E-15
      9028.57  3.596213E-15
      9032.86  3.561052E-15
      9037.14  3.621082E-15
      9041.43  3.642883E-15
      9045.71  3.579928E-15
      9050.00  3.610428E-15
      9054.29  3.676527E-15
      9058.57  3.826255E-15
      9062.86  3.976218E-15
      9067.14  3.918360E-15
      9071.43  3.818408E-15
      9075.71  3.848567E-15
      9080.00  3.889602E-15
      9084.29  3.812154E-15
      9088.57  3.657775E-15
      9092.86  3.649383E-15
      9097.14  3.769904E-15
      9101.43  3.742522E-15
      9105.71  3.561832E-15
      9110.00  3.476787E-15
      9114.29  3.600464E-15
      9118.57  3.637158E-15
      9122.86  3.518761E-15
      9127.14  3.515988E-15
      9131.43  3.464046E-15
      9135.71  3.204958E-15
      9140.00  3.040532E-15
      9144.29  3.034728E-15
      9148.57  2.984392E-15
      9152.86  2.995527E-15
      9157.14  2.995536E-15
      9161.43  2.878974E-15
      9165.71  2.906519E-15
      9170.00  3.106816E-15
      9174.29  3.094087E-15
      9178.57  3.035907E-15
      9182.86  3.166769E-15
      9187.14  3.288808E-15
      9191.43  3.342972E-15
      9195.71  3.449077E-15
      9200.00  3.665747E-15
      9204.29  3.890048E-15
      9208.57  3.897159E-15
      9212.86  3.812095E-15
      9217.14  3.958025E-15
      9221.43  4.042798E-15
      9225.71  3.902484E-15
      9230.00  3.875477E-15
      9234.29  3.918429E-15
      9238.57  3.943308E-15
      9242.86  4.059935E-15
      9247.14  4.070938E-15
      9251.43  3.928137E-15
      9255.71  3.823595E-15
      9260.00  3.712546E-15
      9264.29  3.646632E-15
      9268.57  3.719145E-15
      9272.86  3.796754E-15
      9277.14  3.781283E-15
      9281.43  3.780425E-15
      9285.71  3.786850E-15
      9290.00  3.729624E-15
      9294.29  3.782324E-15
      9298.57  3.830397E-15
      9302.86  3.810872E-15
      9307.14  3.969044E-15
      9311.43  4.086129E-15
      9315.71  3.899789E-15
      9320.00  3.604389E-15
      9324.29  3.506652E-15
      9328.57  3.459389E-15
      9332.86  3.379309E-15
      9337.14  3.474322E-15
      9341.43  3.557450E-15
      9345.71  3.456877E-15
      9350.00  3.581199E-15
      9354.29  3.818845E-15
      9358.57  3.796861E-15
      9362.86  3.819460E-15
      9367.14  4.024245E-15
      9371.43  4.075425E-15
      9375.71  3.767192E-15
      9380.00  3.532917E-15
      9384.29  3.608433E-15
      9388.57  3.716538E-15
      9392.86  3.695568E-15
      9397.14  3.625754E-15
      9401.43  3.588577E-15
      9405.71  3.590748E-15
      9410.00  3.533333E-15
      9414.29  3.305403E-15
      9418.57  3.209956E-15
      9422.86  3.393855E-15
      9427.14  3.630023E-15
      9431.43  3.690501E-15
      9435.71  3.762258E-15
      9440.00  3.842803E-15
      9444.29  3.772747E-15
      9448.57  3.494300E-15
      9452.86  3.243220E-15
      9457.14  3.183579E-15
      9461.43  3.157247E-15
      9465.71  3.099880E-15
      9470.00  3.112480E-15
      9474.29  3.344792E-15
      9478.57  3.495059E-15
      9482.86  3.332108E-15
      9487.14  3.252330E-15
      9491.43  3.526500E-15
      9495.71  3.660073E-15
      9500.00  3.499905E-15
      9504.29  3.390107E-15
      9508.57  3.428396E-15
      9512.86  3.554961E-15
      9517.14  3.474275E-15
      9521.43  3.224608E-15
      9525.71  3.164370E-15
      9530.00  3.356712E-15
      9534.29  3.612679E-15
      9538.57  3.682645E-15
      9542.86  3.557131E-15
      9547.14  3.645961E-15
      9551.43  3.600358E-15
      9555.71  3.410052E-15
      9560.00  3.607695E-15
      9564.29  3.847282E-15
      9568.57  3.628323E-15
      9572.86  3.420190E-15
      9577.14  3.397858E-15
      9581.43  3.330066E-15
      9585.71  3.267930E-15
      9590.00  3.361599E-15
      9594.29  3.392578E-15
      9598.57  3.291381E-15
      9602.86  3.341819E-15
      9607.14  3.414803E-15
      9611.43  3.381627E-15
      9615.71  3.415246E-15
      9620.00  3.561272E-15
      9624.29  3.437905E-15
      9628.57  3.093743E-15
      9632.86  3.035804E-15
      9637.14  3.189833E-15
      9641.43  3.218249E-15
      9645.71  3.111650E-15
      9650.00  3.156593E-15
      9654.29  3.310966E-15
      9658.57  3.281781E-15
      9662.86  3.247183E-15
      9667.14  3.214494E-15
      9671.43  3.096277E-15
      9675.71  3.064792E-15
      9680.00  3.210914E-15
      9684.29  3.392754E-15
      9688.57  3.471235E-15
      9692.86  3.378592E-15
      9697.14  3.144922E-15
      9701.43  3.027292E-15
      9705.71  3.077333E-15
      9710.00  3.203995E-15
      9714.29  3.262125E-15
      9718.57  3.221748E-15
      9722.86  3.218358E-15
      9727.14  3.232874E-15
      9731.43  3.206952E-15
      9735.71  3.223833E-15
      9740.00  3.283945E-15
      9744.29  3.260193E-15
      9748.57  3.133012E-15
      9752.86  2.988002E-15
      9757.14  2.933161E-15
      9761.43  2.943951E-15
      9765.71  3.020725E-15
      9770.00  3.169512E-15
      9774.29  3.058329E-15
      9778.57  2.769838E-15
      9782.86  2.824296E-15
      9787.14  3.078966E-15
      9791.43  3.019919E-15
      9795.71  2.740136E-15
      9800.00  2.573375E-15
      9804.29  2.573983E-15
      9808.57  2.735969E-15
      9812.86  2.831037E-15
      9817.14  2.834050E-15
      9821.43  2.947861E-15
      9825.71  3.025847E-15
      9830.00  2.961314E-15
      9834.29  2.860944E-15
      9838.57  2.773035E-15
      9842.86  2.692677E-15
      9847.14  2.702855E-15
      9851.43  2.724836E-15
      9855.71  2.693685E-15
      9860.00  2.622083E-15
      9864.29  2.681476E-15
      9868.57  2.613484E-15
      9872.86  2.425955E-15
      9877.14  2.549808E-15
      9881.43  2.765300E-15
      9885.71  2.822835E-15
      9890.00  2.771162E-15
      9894.29  2.691675E-15
      9898.57  2.666098E-15
      9902.86  2.651726E-15
      9907.14  2.612217E-15
      9911.43  2.563403E-15
      9915.71  2.547254E-15
      9920.00  2.539969E-15
      9924.29  2.458795E-15
      9928.57  2.378311E-15
      9932.86  2.265934E-15
      9937.14  2.061497E-15
      9941.43  2.014771E-15
      9945.71  2.186329E-15
      9950.00  2.284973E-15
      9954.29  2.210515E-15
      9958.57  2.238072E-15
      9962.86  2.334687E-15
      9967.14  2.384985E-15
      9971.43  2.465192E-15
      9975.71  2.522309E-15
      9980.00  2.552083E-15
      9984.29  2.474565E-15
      9988.57  2.385806E-15
      9992.86  2.482905E-15
      9997.14  2.653649E-15
