      3041.01  1.618632E-13
      3045.11  1.996353E-13
      3049.21  1.916599E-13
      3053.31  1.795588E-13
      3057.41  1.685311E-13
      3061.51  1.134775E-13
      3065.61  1.649289E-13
      3069.71  2.143858E-13
      3073.81  1.586486E-13
      3077.91  1.478145E-13
      3082.02  1.521592E-13
      3086.12  1.629834E-13
      3090.22  2.152217E-13
      3094.32  2.326440E-13
      3098.42  2.000697E-13
      3102.52  1.904464E-13
      3106.62  1.884518E-13
      3110.72  1.726824E-13
      3114.82  1.602652E-13
      3118.92  1.821858E-13
      3123.02  1.894280E-13
      3127.12  1.795566E-13
      3131.22  1.688856E-13
      3135.33  1.582057E-13
      3139.43  1.751363E-13
      3143.53  1.978772E-13
      3147.63  1.973964E-13
      3151.73  1.574153E-13
      3155.83  1.497864E-13
      3159.93  1.816096E-13
      3164.03  1.774531E-13
      3168.13  1.516141E-13
      3172.23  1.459525E-13
      3176.33  1.744985E-13
      3180.43  1.857926E-13
      3184.53  1.639352E-13
      3188.64  1.651856E-13
      3192.74  1.852597E-13
      3196.84  1.715852E-13
      3200.94  1.526756E-13
      3205.04  1.725892E-13
      3209.14  1.758239E-13
      3213.24  1.593212E-13
      3217.34  1.616625E-13
      3221.44  1.613297E-13
      3225.54  1.745487E-13
      3229.64  1.937382E-13
      3233.74  1.917623E-13
      3237.84  1.834196E-13
      3241.94  1.760881E-13
      3246.05  1.799941E-13
      3250.15  1.947136E-13
      3254.25  1.975075E-13
      3258.35  1.886464E-13
      3262.45  1.789321E-13
      3266.55  1.690778E-13
      3270.65  1.530568E-13
      3274.75  1.474455E-13
      3278.85  1.700873E-13
      3282.95  1.772009E-13
      3287.05  1.682020E-13
      3291.15  1.646193E-13
      3295.25  1.528623E-13
      3299.36  1.446410E-13
      3303.46  1.526763E-13
      3307.56  1.616800E-13
      3311.66  1.569269E-13
      3315.76  1.591817E-13
      3319.86  1.541402E-13
      3323.96  1.437026E-13
      3328.06  1.562021E-13
      3332.16  1.666051E-13
      3336.26  1.632382E-13
      3340.36  1.569313E-13
      3344.46  1.592422E-13
      3348.56  1.656046E-13
      3352.67  1.563117E-13
      3356.77  1.485875E-13
      3360.87  1.566287E-13
      3364.97  1.598115E-13
      3369.07  1.680467E-13
      3373.17  1.691564E-13
      3377.27  1.695024E-13
      3381.37  1.617355E-13
      3385.47  1.593313E-13
      3389.57  1.655839E-13
      3393.67  1.716047E-13
      3397.77  1.571680E-13
      3401.87  1.521297E-13
      3405.98  1.579286E-13
      3410.08  1.643149E-13
      3414.18  1.726177E-13
      3418.28  1.687041E-13
      3422.38  1.665749E-13
      3426.48  1.678827E-13
      3430.58  1.688791E-13
      3434.68  1.611665E-13
      3438.78  1.540469E-13
      3442.88  1.549616E-13
      3446.98  1.614384E-13
      3451.08  1.595660E-13
      3455.18  1.578594E-13
      3459.29  1.579653E-13
      3463.39  1.533158E-13
      3467.49  1.625774E-13
      3471.59  1.655445E-13
      3475.69  1.545589E-13
      3479.79  1.526723E-13
      3483.89  1.622826E-13
      3487.99  1.621899E-13
      3492.09  1.545133E-13
      3496.19  1.530640E-13
      3500.29  1.546239E-13
      3504.39  1.538123E-13
      3508.49  1.571195E-13
      3512.60  1.647862E-13
      3516.70  1.613626E-13
      3520.80  1.617625E-13
      3524.90  1.539627E-13
      3529.00  1.516850E-13
      3533.10  1.597118E-13
      3537.20  1.551553E-13
      3541.30  1.563365E-13
      3545.40  1.569643E-13
      3549.50  1.615512E-13
      3553.60  1.672276E-13
      3557.70  1.655227E-13
      3561.80  1.616687E-13
      3565.91  1.571225E-13
      3570.01  1.485110E-13
      3574.11  1.592885E-13
      3578.21  1.664841E-13
      3582.31  1.537796E-13
      3586.41  1.535311E-13
      3590.51  1.483802E-13
      3594.61  1.527345E-13
      3598.71  1.644580E-13
      3602.81  1.511313E-13
      3606.91  1.519861E-13
      3611.01  1.557790E-13
      3615.11  1.546690E-13
      3619.21  1.569361E-13
      3623.32  1.537164E-13
      3627.42  1.601927E-13
      3631.52  1.664021E-13
      3635.62  1.626468E-13
      3639.72  1.579308E-13
      3643.82  1.582435E-13
      3647.92  1.606870E-13
      3652.02  1.599991E-13
      3656.12  1.583101E-13
      3660.22  1.568542E-13
      3664.32  1.620927E-13
      3668.42  1.593733E-13
      3672.52  1.535105E-13
      3676.63  1.478391E-13
      3680.73  1.440127E-13
      3684.83  1.516289E-13
      3688.93  1.552976E-13
      3693.03  1.502697E-13
      3697.13  1.579473E-13
      3701.23  1.568482E-13
      3705.33  1.544788E-13
      3709.43  1.527326E-13
      3713.53  1.551593E-13
      3717.63  1.539489E-13
      3721.73  1.526034E-13
      3725.83  1.542662E-13
      3729.94  1.594481E-13
      3734.04  1.545225E-13
      3738.14  1.538241E-13
      3742.24  1.555822E-13
      3746.34  1.505605E-13
      3750.44  1.482466E-13
      3754.54  1.512417E-13
      3758.64  1.537837E-13
      3762.74  1.519769E-13
      3766.84  1.517558E-13
      3770.94  1.516867E-13
      3775.04  1.411305E-13
      3779.14  1.415484E-13
      3783.25  1.447192E-13
      3787.35  1.412503E-13
      3791.45  1.384595E-13
      3795.55  1.391592E-13
      3799.65  1.392269E-13
      3803.75  1.362687E-13
      3807.85  1.370870E-13
      3811.95  1.410148E-13
      3816.05  1.370442E-13
      3820.15  1.330537E-13
      3824.25  1.403738E-13
      3828.35  1.472974E-13
      3832.45  1.455906E-13
      3836.56  1.423410E-13
      3840.66  1.412394E-13
      3844.76  1.401509E-13
      3848.86  1.412728E-13
      3852.96  1.414161E-13
      3857.06  1.401473E-13
      3861.16  1.397549E-13
      3865.26  1.350014E-13
      3869.36  1.302544E-13
      3873.46  1.338290E-13
      3877.56  1.334587E-13
      3881.66  1.313221E-13
      3885.76  1.349719E-13
      3889.87  1.357454E-13
      3893.97  1.371866E-13
      3898.07  1.360968E-13
      3902.17  1.326918E-13
      3906.27  1.369138E-13
      3910.37  1.415193E-13
      3914.47  1.394003E-13
      3918.57  1.406892E-13
      3922.67  1.419608E-13
      3926.77  1.434476E-13
      3930.87  1.430111E-13
      3934.97  1.417666E-13
      3939.07  1.435375E-13
      3943.18  1.456575E-13
      3947.28  1.478199E-13
      3951.38  1.472420E-13
      3955.48  1.454011E-13
      3959.58  1.449649E-13
      3963.68  1.424413E-13
      3967.78  1.413790E-13
      3971.88  1.394698E-13
      3975.98  1.386493E-13
      3980.08  1.390304E-13
      3984.18  1.354192E-13
      3988.28  1.334317E-13
      3992.38  1.327082E-13
      3996.49  1.292400E-13
      4000.59  1.319032E-13
      4004.69  1.335199E-13
      4008.79  1.275092E-13
      4012.89  1.264439E-13
      4016.99  1.259225E-13
      4021.09  1.269901E-13
      4025.19  1.308039E-13
      4029.29  1.306465E-13
      4033.39  1.265679E-13
      4037.49  1.270657E-13
      4041.59  1.288179E-13
      4045.69  1.338020E-13
      4049.79  1.312110E-13
      4053.90  1.298493E-13
      4058.00  1.300111E-13
      4062.10  1.333118E-13
      4066.20  1.319193E-13
      4070.30  1.312907E-13
      4074.40  1.302540E-13
      4078.50  1.288861E-13
      4082.60  1.314473E-13
      4086.70  1.319922E-13
      4090.80  1.318928E-13
      4094.90  1.307985E-13
      4099.00  1.319798E-13
      4103.10  1.317507E-13
      4107.21  1.328214E-13
      4111.31  1.289521E-13
      4115.41  1.279162E-13
      4119.51  1.291710E-13
      4123.61  1.270353E-13
      4127.71  1.271853E-13
      4131.81  1.277942E-13
      4135.91  1.268333E-13
      4140.01  1.247922E-13
      4144.11  1.237457E-13
      4148.21  1.204544E-13
      4152.31  1.210920E-13
      4156.41  1.207736E-13
      4160.52  1.211751E-13
      4164.62  1.202939E-13
      4168.72  1.175822E-13
      4172.82  1.161620E-13
      4176.92  1.134344E-13
      4181.02  1.112476E-13
      4185.12  1.147853E-13
      4189.22  1.143521E-13
      4193.32  1.104626E-13
      4197.42  1.070939E-13
      4201.52  1.065573E-13
      4205.62  1.056711E-13
      4209.72  1.023695E-13
      4213.83  1.009987E-13
      4217.93  1.015263E-13
      4222.03  9.968250E-14
      4226.13  9.969648E-14
      4230.23  9.813768E-14
      4234.33  9.641124E-14
      4238.43  9.838570E-14
      4242.53  9.883355E-14
      4246.63  9.988955E-14
      4250.73  9.888558E-14
      4254.83  1.039284E-13
      4258.93  1.053090E-13
      4263.03  1.018105E-13
      4267.14  1.047047E-13
      4271.24  1.055426E-13
      4275.34  1.076330E-13
      4279.44  1.117939E-13
      4283.54  1.136456E-13
      4287.64  1.126513E-13
      4291.74  1.125088E-13
      4295.84  1.133304E-13
      4299.94  1.161460E-13
      4304.04  1.161381E-13
      4308.14  1.173658E-13
      4312.24  1.170860E-13
      4316.34  1.187598E-13
      4320.45  1.222096E-13
      4324.55  1.202329E-13
      4328.65  1.204466E-13
      4332.75  1.195583E-13
      4336.85  1.215613E-13
      4340.95  1.238359E-13
      4345.05  1.206782E-13
      4349.15  1.199411E-13
      4353.25  1.187656E-13
      4357.35  1.143645E-13
      4361.45  1.160029E-13
      4365.55  1.142203E-13
      4369.65  1.149035E-13
      4373.76  1.112256E-13
      4377.86  1.093057E-13
      4381.96  1.091239E-13
      4386.06  1.068477E-13
      4390.16  1.065268E-13
      4394.26  1.055514E-13
      4398.36  1.054334E-13
      4402.46  1.067439E-13
      4406.56  1.059080E-13
      4410.66  1.046678E-13
      4414.76  1.034389E-13
      4418.86  1.013260E-13
      4422.96  9.891574E-14
      4427.06  9.780828E-14
      4431.17  9.848352E-14
      4435.27  9.964128E-14
      4439.37  1.004678E-13
      4443.47  1.016358E-13
      4447.57  1.012000E-13
      4451.67  1.010760E-13
      4455.77  1.005748E-13
      4459.87  9.906916E-14
      4463.97  1.014804E-13
      4468.07  9.931078E-14
      4472.17  9.619543E-14
      4476.27  9.739284E-14
      4480.37  9.781243E-14
      4484.48  9.597980E-14
      4488.58  9.518075E-14
      4492.68  9.488123E-14
      4496.78  9.668784E-14
      4500.88  9.413188E-14
      4504.98  9.512117E-14
      4509.08  9.698931E-14
      4513.18  9.593074E-14
      4517.28  9.550843E-14
      4521.38  9.591594E-14
      4525.48  9.465350E-14
      4529.58  9.436545E-14
      4533.68  9.523780E-14
      4537.79  9.471797E-14
      4541.89  9.416894E-14
      4545.99  9.414335E-14
      4550.09  9.574888E-14
      4554.19  9.517404E-14
      4558.29  9.418762E-14
      4562.39  9.441241E-14
      4566.49  9.262294E-14
      4570.59  9.214791E-14
      4574.69  9.197822E-14
      4578.79  9.142151E-14
      4582.89  9.127535E-14
      4586.99  9.052493E-14
      4591.10  9.037989E-14
      4595.20  9.071738E-14
      4599.30  9.184704E-14
      4603.40  9.298141E-14
      4607.50  9.162772E-14
      4611.60  9.074984E-14
      4615.70  9.005264E-14
      4619.80  9.194588E-14
      4623.90  9.250319E-14
      4628.00  9.147023E-14
      4632.10  8.947698E-14
      4636.20  8.861953E-14
      4640.30  9.056020E-14
      4644.41  9.028002E-14
      4648.51  9.031130E-14
      4652.61  9.093986E-14
      4656.71  8.677512E-14
      4660.81  8.013068E-14
      4664.91  7.824392E-14
      4669.01  7.938303E-14
      4673.11  8.000191E-14
      4677.21  8.027843E-14
      4681.31  8.029715E-14
      4685.41  7.989544E-14
      4689.51  7.868301E-14
      4693.61  7.834951E-14
      4697.72  7.768295E-14
      4701.82  7.800546E-14
      4705.92  7.945533E-14
      4710.02  7.792885E-14
      4714.12  7.626868E-14
      4718.22  7.517093E-14
      4722.32  7.285229E-14
      4726.42  7.282365E-14
      4730.52  7.220791E-14
      4734.62  7.404799E-14
      4738.72  7.457896E-14
      4742.82  7.233424E-14
      4746.92  7.275098E-14
      4751.03  7.450182E-14
      4755.13  7.589185E-14
      4759.23  7.725638E-14
      4763.33  7.759749E-14
      4767.43  7.785710E-14
      4771.53  8.211444E-14
      4775.63  8.494893E-14
      4779.73  8.607550E-14
      4783.83  8.925091E-14
      4787.93  9.178629E-14
      4792.03  9.558137E-14
      4796.13  9.677345E-14
      4800.23  9.666918E-14
      4804.34  9.971935E-14
      4808.44  1.004069E-13
      4812.54  1.014648E-13
      4816.64  1.013170E-13
      4820.74  1.023740E-13
      4824.84  1.041538E-13
      4828.94  1.038850E-13
      4833.04  1.066786E-13
      4837.14  1.080359E-13
      4841.24  1.082502E-13
      4845.34  1.089579E-13
      4849.44  1.073733E-13
      4853.54  1.067338E-13
      4857.64  1.074686E-13
      4861.75  1.053521E-13
      4865.85  1.042083E-13
      4869.95  1.048515E-13
      4874.05  1.032947E-13
      4878.15  1.039071E-13
      4882.25  1.045801E-13
      4886.35  1.025166E-13
      4890.45  1.006145E-13
      4894.55  9.880207E-14
      4898.65  9.827240E-14
      4902.75  9.678383E-14
      4906.85  9.524097E-14
      4910.95  9.533198E-14
      4915.06  9.531822E-14
      4919.16  9.447675E-14
      4923.26  9.312519E-14
      4927.36  9.115693E-14
      4931.46  9.097076E-14
      4935.56  9.138334E-14
      4939.66  9.019435E-14
      4943.76  8.845470E-14
      4947.86  8.680028E-14
      4951.96  8.655187E-14
      4956.06  8.584516E-14
      4960.16  8.540190E-14
      4964.26  8.392961E-14
      4968.37  8.404537E-14
      4972.47  8.510408E-14
      4976.57  8.501895E-14
      4980.67  8.335316E-14
      4984.77  8.429237E-14
      4988.87  8.378465E-14
      4992.97  8.227991E-14
      4997.07  8.141191E-14
      5001.17  8.091337E-14
      5005.27  7.888469E-14
      5009.37  7.585983E-14
      5013.47  7.626395E-14
      5017.57  7.862222E-14
      5021.68  7.914162E-14
      5025.78  8.032478E-14
      5029.88  7.920069E-14
      5033.98  7.941591E-14
      5038.08  8.024119E-14
      5042.18  8.094262E-14
      5046.28  8.014184E-14
      5050.38  7.909333E-14
      5054.48  7.841489E-14
      5058.58  7.729855E-14
      5062.68  7.699470E-14
      5066.78  7.727961E-14
      5070.88  7.771745E-14
      5074.99  7.697294E-14
      5079.09  7.488506E-14
      5083.19  7.556558E-14
      5087.29  7.596727E-14
      5091.39  7.297993E-14
      5095.49  7.355547E-14
      5099.59  7.621457E-14
      5103.69  7.597021E-14
      5107.79  7.501419E-14
      5111.89  7.625096E-14
      5115.99  7.516623E-14
      5120.09  7.627795E-14
      5124.19  7.648193E-14
      5128.30  7.575354E-14
      5132.40  7.714166E-14
      5136.50  7.426531E-14
      5140.60  7.395020E-14
      5144.70  7.394271E-14
      5148.80  7.349821E-14
      5152.90  7.579388E-14
      5157.00  7.447404E-14
      5161.10  7.330544E-14
      5165.20  7.332787E-14
      5169.30  7.238714E-14
      5173.40  7.372647E-14
      5177.50  7.263241E-14
      5181.61  7.238008E-14
      5185.71  7.469797E-14
      5189.81  7.511634E-14
      5193.91  7.328591E-14
      5198.01  7.190451E-14
      5202.11  7.270387E-14
      5206.21  7.265108E-14
      5210.31  7.275535E-14
      5214.41  7.376882E-14
      5218.51  7.224112E-14
      5222.61  7.152094E-14
      5226.71  7.189144E-14
      5230.81  7.133189E-14
      5234.91  7.194200E-14
      5239.02  7.130621E-14
      5243.12  7.103018E-14
      5247.22  7.133932E-14
      5251.32  7.245335E-14
      5255.42  7.242967E-14
      5259.52  7.093930E-14
      5263.62  6.975081E-14
      5267.72  6.870132E-14
      5271.82  6.871781E-14
      5275.92  7.060091E-14
      5280.02  7.022117E-14
      5284.12  7.033347E-14
      5288.22  6.983746E-14
      5292.33  6.883431E-14
      5296.43  6.847108E-14
      5300.53  6.874861E-14
      5304.63  6.816456E-14
      5308.73  6.874452E-14
      5312.83  6.900997E-14
      5316.93  7.011399E-14
      5321.03  7.040150E-14
      5325.13  6.999916E-14
      5329.23  6.896727E-14
      5333.33  6.844058E-14
      5337.43  6.816009E-14
      5341.53  6.672461E-14
      5345.64  6.687707E-14
      5349.74  6.660810E-14
      5353.84  6.795983E-14
      5357.94  6.669570E-14
      5362.04  6.648640E-14
      5366.14  6.712973E-14
      5370.24  6.644677E-14
      5374.34  6.471412E-14
      5378.44  6.563248E-14
      5382.54  6.564016E-14
      5386.64  6.575588E-14
      5390.74  6.557465E-14
      5394.84  6.555443E-14
      5398.95  6.633072E-14
      5403.05  6.458170E-14
      5407.15  6.602990E-14
      5411.25  6.570180E-14
      5415.35  6.408774E-14
      5419.45  6.555656E-14
      5423.55  6.726338E-14
      5427.65  6.691228E-14
      5431.75  6.745505E-14
      5435.85  6.738298E-14
      5439.95  6.508866E-14
      5444.05  6.474241E-14
      5448.15  6.538858E-14
      5452.26  6.499940E-14
      5456.36  6.504118E-14
      5460.46  6.614652E-14
      5464.56  6.440918E-14
      5468.66  6.434137E-14
      5472.76  6.546905E-14
      5476.86  6.466248E-14
      5480.96  6.425729E-14
      5485.06  6.416322E-14
      5489.16  6.544774E-14
      5493.26  6.474149E-14
      5497.36  6.321499E-14
      5501.46  6.338352E-14
      5505.57  6.320728E-14
      5509.67  6.315015E-14
      5513.77  6.161785E-14
      5517.87  6.135959E-14
      5521.97  6.173194E-14
      5526.07  6.209868E-14
      5530.17  6.174699E-14
      5534.27  6.159723E-14
      5538.37  6.192544E-14
      5542.47  6.282664E-14
      5546.57  6.271254E-14
      5550.67  6.181161E-14
      5554.77  6.193875E-14
      5558.88  6.254751E-14
      5562.98  6.071477E-14
      5567.08  6.058266E-14
      5571.18  6.143045E-14
      5575.28  5.959145E-14
      5579.38  6.037765E-14
      5583.48  6.102342E-14
      5587.58  6.099426E-14
      5591.68  6.080861E-14
      5595.78  6.070445E-14
      5599.88  6.028405E-14
      5603.98  6.115211E-14
      5608.08  6.056084E-14
      5612.19  5.959018E-14
      5616.29  5.925349E-14
      5620.39  5.992210E-14
      5624.49  5.924304E-14
      5628.59  5.967634E-14
      5632.69  5.892221E-14
      5636.79  5.940235E-14
      5640.89  5.967458E-14
      5644.99  6.020751E-14
      5649.09  6.006412E-14
      5653.19  5.988483E-14
      5657.29  5.859018E-14
      5661.39  5.813041E-14
      5665.49  5.882836E-14
      5669.60  5.817639E-14
      5673.70  5.857065E-14
      5677.80  5.718073E-14
      5681.90  5.771670E-14
      5686.00  5.847653E-14
      5690.10  5.796804E-14
      5694.20  5.759781E-14
      5698.30  5.795398E-14
      5702.40  5.698613E-14
      5706.50  5.737139E-14
      5710.60  5.647483E-14
      5714.70  5.642363E-14
      5718.80  5.662021E-14
      5722.91  5.752435E-14
      5727.01  5.830336E-14
      5731.11  5.713466E-14
      5735.21  5.650577E-14
      5739.31  5.593043E-14
      5743.41  5.495909E-14
      5747.51  5.545753E-14
      5751.61  5.628073E-14
      5755.71  5.631012E-14
      5759.81  5.633000E-14
      5763.91  5.565067E-14
      5768.01  5.492603E-14
      5772.11  5.437151E-14
      5776.22  5.535447E-14
      5780.32  5.630488E-14
      5784.42  5.597967E-14
      5788.52  5.581126E-14
      5792.62  5.766115E-14
      5796.72  5.854371E-14
      5800.82  5.889947E-14
      5804.92  5.892492E-14
      5809.02  5.990186E-14
      5813.12  5.859375E-14
      5817.22  5.910151E-14
      5821.32  5.807427E-14
      5825.42  5.860447E-14
      5829.53  5.956057E-14
      5833.63  5.978673E-14
      5837.73  6.121263E-14
      5841.83  6.101002E-14
      5845.93  6.023293E-14
      5850.03  6.199733E-14
      5854.13  6.073463E-14
      5858.23  5.905015E-14
      5862.33  5.972017E-14
      5866.43  6.069628E-14
      5870.53  6.176330E-14
      5874.63  6.095889E-14
      5878.73  6.062902E-14
      5882.84  5.826591E-14
      5886.94  5.580043E-14
      5891.04  5.675921E-14
      5895.14  5.830409E-14
      5899.24  5.877780E-14
      5903.34  5.845385E-14
      5907.44  5.828390E-14
      5911.54  5.822067E-14
      5915.64  5.715480E-14
      5919.74  5.708154E-14
      5923.84  5.741574E-14
      5927.94  5.584926E-14
      5932.04  5.642609E-14
      5936.15  5.693993E-14
      5940.25  5.637663E-14
      5944.35  5.544089E-14
      5948.45  5.606970E-14
      5952.55  5.656895E-14
      5956.65  5.526401E-14
      5960.75  5.411726E-14
      5964.85  5.466910E-14
      5968.95  5.552891E-14
      5973.05  5.515817E-14
      5977.15  5.505957E-14
      5981.25  5.459555E-14
      5985.35  5.448307E-14
      5989.46  5.458406E-14
      5993.56  5.514184E-14
      5997.66  5.418328E-14
      6001.76  5.277436E-14
      6005.86  5.191953E-14
      6009.96  5.314488E-14
      6014.06  5.388239E-14
      6018.16  5.345721E-14
      6022.26  5.263192E-14
      6026.36  5.212694E-14
      6030.46  5.187759E-14
      6034.56  5.098725E-14
      6038.66  5.156252E-14
      6042.76  5.180903E-14
      6046.87  5.187778E-14
      6050.97  5.214562E-14
      6055.07  5.385307E-14
      6059.17  5.371296E-14
      6063.27  5.101089E-14
      6067.37  5.028770E-14
      6071.47  5.134432E-14
      6075.57  5.256443E-14
      6079.67  5.251915E-14
      6083.77  5.261403E-14
      6087.87  5.167756E-14
      6091.97  5.139431E-14
      6096.07  5.010160E-14
      6100.18  4.947443E-14
      6104.28  4.996533E-14
      6108.38  4.954663E-14
      6112.48  4.980702E-14
      6116.58  4.976397E-14
      6120.68  5.050510E-14
      6124.78  5.063248E-14
      6128.88  4.972099E-14
      6132.98  4.956701E-14
      6137.08  4.981782E-14
      6141.18  4.943568E-14
      6145.28  4.878732E-14
      6149.38  4.973084E-14
      6153.49  4.961530E-14
      6157.59  4.906374E-14
      6161.69  4.946499E-14
      6165.79  4.958475E-14
      6169.89  4.870136E-14
      6173.99  4.863150E-14
      6178.09  4.851746E-14
      6182.19  4.741709E-14
      6186.29  4.811226E-14
      6190.39  4.862683E-14
      6194.49  4.810804E-14
      6198.59  4.786829E-14
      6202.69  4.882690E-14
      6206.80  4.844664E-14
      6210.90  4.650054E-14
      6215.00  4.527972E-14
      6219.10  4.591891E-14
      6223.20  4.573009E-14
      6227.30  4.569633E-14
      6231.40  4.551811E-14
      6235.50  4.515246E-14
      6239.60  4.523408E-14
      6243.70  4.476523E-14
      6247.80  4.453937E-14
      6251.90  4.447963E-14
      6256.00  4.376124E-14
      6260.11  4.429180E-14
      6264.21  4.442329E-14
      6268.31  4.308577E-14
      6272.41  4.296146E-14
      6276.51  4.255240E-14
      6280.61  4.243558E-14
      6284.71  4.295361E-14
      6288.81  4.316608E-14
      6292.91  4.328725E-14
      6297.01  4.352170E-14
      6301.11  4.422922E-14
      6305.21  4.503956E-14
      6309.31  4.426517E-14
      6313.42  4.387045E-14
      6317.52  4.462867E-14
      6321.62  4.479213E-14
      6325.72  4.448720E-14
      6329.82  4.434493E-14
      6333.92  4.463843E-14
      6338.02  4.473363E-14
      6342.12  4.355969E-14
      6346.22  4.356712E-14
      6350.32  4.257381E-14
      6354.42  4.309552E-14
      6358.52  4.290544E-14
      6362.62  4.267428E-14
      6366.73  4.285532E-14
      6370.83  4.268425E-14
      6374.93  4.163031E-14
      6379.03  4.066785E-14
      6383.13  4.170111E-14
      6387.23  4.161880E-14
      6391.33  4.072300E-14
      6395.43  4.078516E-14
      6399.53  4.199101E-14
      6403.63  4.216955E-14
      6407.73  4.319121E-14
      6411.83  4.344383E-14
      6415.93  4.397844E-14
      6420.04  4.497140E-14
      6424.14  4.610335E-14
      6428.24  4.745650E-14
      6432.34  4.891339E-14
      6436.44  5.055226E-14
      6440.54  5.091100E-14
      6444.64  5.301995E-14
      6448.74  5.392101E-14
      6452.84  5.396821E-14
      6456.94  5.503856E-14
      6461.04  5.613717E-14
      6465.14  5.673419E-14
      6469.24  5.826004E-14
      6473.34  5.873966E-14
      6477.45  5.991114E-14
      6481.55  6.044928E-14
      6485.65  6.125952E-14
      6489.75  6.086482E-14
      6493.85  6.133698E-14
      6497.95  6.158995E-14
      6502.05  6.203153E-14
      6506.15  6.306280E-14
      6510.25  6.346897E-14
      6514.35  6.416203E-14
      6518.45  6.395025E-14
      6522.55  6.524267E-14
      6526.65  6.662744E-14
      6530.76  6.565531E-14
      6534.86  6.507390E-14
      6538.96  6.503676E-14
      6543.06  6.561037E-14
      6547.16  6.607133E-14
      6551.26  6.575363E-14
      6555.36  6.510460E-14
      6559.46  6.524968E-14
      6563.56  6.515452E-14
      6567.66  6.494784E-14
      6571.76  6.218128E-14
      6575.86  6.190918E-14
      6579.96  6.309651E-14
      6584.07  6.412594E-14
      6588.17  6.341932E-14
      6592.27  6.345843E-14
      6596.37  6.245932E-14
      6600.47  6.254291E-14
      6604.57  6.190912E-14
      6608.67  5.948300E-14
      6612.77  5.939575E-14
      6616.87  6.008568E-14
      6620.97  5.835447E-14
      6625.07  5.727307E-14
      6629.17  5.550803E-14
      6633.27  5.405428E-14
      6637.38  5.427917E-14
      6641.48  5.430290E-14
      6645.58  5.283970E-14
      6649.68  5.109351E-14
      6653.78  5.220556E-14
      6657.88  5.250756E-14
      6661.98  5.103413E-14
      6666.08  5.011187E-14
      6670.18  4.975409E-14
      6674.28  4.913129E-14
      6678.38  4.898803E-14
      6682.48  4.914800E-14
      6686.58  4.841289E-14
      6690.69  4.763054E-14
      6694.79  4.673400E-14
      6698.89  4.658219E-14
      6702.99  4.615736E-14
      6707.09  4.553582E-14
      6711.19  4.449380E-14
      6715.29  4.466553E-14
      6719.39  4.477588E-14
      6723.49  4.298844E-14
      6727.59  4.286261E-14
      6731.69  4.341030E-14
      6735.79  4.298996E-14
      6739.89  4.177394E-14
      6744.00  4.142306E-14
      6748.10  4.131745E-14
      6752.20  4.163865E-14
      6756.30  4.166082E-14
      6760.40  4.119385E-14
      6764.50  4.103155E-14
      6768.60  4.103929E-14
      6772.70  4.121580E-14
      6776.80  4.165653E-14
      6780.90  4.142351E-14
      6785.00  4.072340E-14
      6789.10  4.028068E-14
      6793.20  4.053951E-14
      6797.31  4.013430E-14
      6801.41  4.034845E-14
      6805.51  3.987041E-14
      6809.61  4.014333E-14
      6813.71  4.073001E-14
      6817.81  4.053557E-14
      6821.91  3.975953E-14
      6826.01  3.953103E-14
      6830.11  4.020921E-14
      6834.21  3.983189E-14
      6838.31  3.922165E-14
      6842.41  3.985466E-14
      6846.51  3.974693E-14
      6850.61  3.947784E-14
      6854.72  3.826984E-14
      6858.82  3.655709E-14
      6862.92  3.335272E-14
      6867.02  3.136578E-14
      6871.12  3.236238E-14
      6875.22  3.386154E-14
      6879.32  3.532238E-14
      6883.42  3.490213E-14
      6887.52  3.412147E-14
      6891.62  3.451172E-14
      6895.72  3.509797E-14
      6899.82  3.539734E-14
      6903.92  3.592537E-14
      6908.03  3.606664E-14
      6912.13  3.541148E-14
      6916.23  3.610437E-14
      6920.33  3.671110E-14
      6924.43  3.679681E-14
      6928.53  3.663186E-14
      6932.63  3.671105E-14
      6936.73  3.679155E-14
      6940.83  3.625637E-14
      6944.93  3.594553E-14
      6949.03  3.595030E-14
      6953.13  3.520889E-14
      6957.23  3.568039E-14
      6961.34  3.618567E-14
      6965.44  3.637810E-14
      6969.54  3.594693E-14
      6973.64  3.508756E-14
      6977.74  3.518568E-14
      6981.84  3.581798E-14
      6985.94  3.603238E-14
      6990.04  3.623357E-14
      6994.14  3.631786E-14
      6998.24  3.622328E-14
      7002.34  3.592610E-14
      7006.44  3.532831E-14
      7010.54  3.501733E-14
      7014.65  3.491500E-14
      7018.75  3.500831E-14
      7022.85  3.449607E-14
      7026.95  3.489038E-14
      7031.05  3.548638E-14
      7035.15  3.548451E-14
      7039.25  3.561659E-14
      7043.35  3.553412E-14
      7047.45  3.513598E-14
      7051.55  3.491631E-14
      7055.65  3.519882E-14
      7059.75  3.600526E-14
      7063.85  3.553427E-14
      7067.96  3.457308E-14
      7072.06  3.442607E-14
      7076.16  3.405846E-14
      7080.26  3.418226E-14
      7084.36  3.505366E-14
      7088.46  3.503661E-14
      7092.56  3.429432E-14
      7096.66  3.400011E-14
      7100.76  3.431574E-14
      7104.86  3.438637E-14
      7108.96  3.490210E-14
      7113.06  3.453243E-14
      7117.16  3.436754E-14
      7121.27  3.467323E-14
      7125.37  3.423341E-14
      7129.47  3.479829E-14
      7133.57  3.514765E-14
      7137.67  3.475107E-14
      7141.77  3.503776E-14
      7145.87  3.497611E-14
      7149.97  3.468329E-14
      7154.07  3.437964E-14
      7158.17  3.427452E-14
      7162.27  3.459469E-14
      7166.37  3.488967E-14
      7170.47  3.452793E-14
      7174.58  3.332495E-14
      7178.68  3.282305E-14
      7182.78  3.246542E-14
      7186.88  3.282227E-14
      7190.98  3.280290E-14
      7195.08  3.218228E-14
      7199.18  3.277205E-14
      7203.28  3.426454E-14
      7207.38  3.474557E-14
      7211.48  3.429727E-14
      7215.58  3.493510E-14
      7219.68  3.571874E-14
      7223.78  3.471922E-14
      7227.89  3.359550E-14
      7231.99  3.328066E-14
      7236.09  3.320380E-14
      7240.19  3.322710E-14
      7244.29  3.321499E-14
      7248.39  3.292736E-14
      7252.49  3.315425E-14
      7256.59  3.328185E-14
      7260.69  3.278763E-14
      7264.79  3.288627E-14
      7268.89  3.311550E-14
      7272.99  3.300181E-14
      7277.09  3.240879E-14
      7281.19  3.221112E-14
      7285.30  3.252368E-14
      7289.40  3.249749E-14
      7293.50  3.244050E-14
      7297.60  3.239897E-14
      7301.70  3.229762E-14
      7305.80  3.273280E-14
      7309.90  3.243186E-14
      7314.00  3.168705E-14
      7318.10  3.232678E-14
      7322.20  3.261723E-14
      7326.30  3.207961E-14
      7330.40  3.195324E-14
      7334.50  3.199168E-14
      7338.61  3.173797E-14
      7342.71  3.135477E-14
      7346.81  3.117206E-14
      7350.91  3.079285E-14
      7355.01  3.090686E-14
      7359.11  3.140009E-14
      7363.21  3.102208E-14
      7367.31  3.043536E-14
      7371.41  3.032458E-14
      7375.51  3.107053E-14
      7379.61  3.105494E-14
      7383.71  3.054816E-14
      7387.81  3.090534E-14
      7391.92  3.066996E-14
      7396.02  3.057896E-14
      7400.12  3.063431E-14
      7404.22  3.024203E-14
      7408.32  2.995686E-14
      7412.42  2.953134E-14
      7416.52  3.012988E-14
      7420.62  3.044179E-14
      7424.72  3.042756E-14
      7428.82  3.015606E-14
      7432.92  2.990524E-14
      7437.02  3.051755E-14
      7441.12  3.056977E-14
      7445.23  3.038282E-14
      7449.33  3.069097E-14
      7453.43  3.056397E-14
      7457.53  2.988649E-14
      7461.63  2.958208E-14
      7465.73  2.996173E-14
      7469.83  2.988651E-14
      7473.93  2.998475E-14
      7478.03  3.022858E-14
      7482.13  2.972706E-14
      7486.23  2.909894E-14
      7490.33  2.925514E-14
      7494.43  2.892676E-14
      7498.54  2.938015E-14
      7502.64  2.947153E-14
      7506.74  2.936592E-14
      7510.84  2.954045E-14
      7514.94  2.943771E-14
      7519.04  2.922847E-14
      7523.14  2.945148E-14
      7527.24  2.949766E-14
      7531.34  2.926689E-14
      7535.44  2.959681E-14
      7539.54  3.031585E-14
      7543.64  3.060613E-14
      7547.74  3.066493E-14
      7551.85  3.025282E-14
      7555.95  2.970716E-14
      7560.05  3.033527E-14
      7564.15  3.030786E-14
      7568.25  3.022621E-14
      7572.35  3.024093E-14
      7576.45  3.031526E-14
      7580.55  2.999215E-14
      7584.65  2.870393E-14
      7588.75  2.484870E-14
      7592.85  1.848349E-14
      7596.95  1.317938E-14
      7601.05  1.049317E-14
      7605.16  1.193651E-14
      7609.26  1.597650E-14
      7613.36  1.988756E-14
      7617.46  2.049063E-14
      7621.56  1.925676E-14
      7625.66  1.742000E-14
      7629.76  1.777120E-14
      7633.86  1.937360E-14
      7637.96  1.996849E-14
      7642.06  2.134458E-14
      7646.16  2.398806E-14
      7650.26  2.518264E-14
      7654.36  2.549395E-14
      7658.46  2.671187E-14
      7662.57  2.794129E-14
      7666.67  2.854591E-14
      7670.77  2.841528E-14
      7674.87  2.861867E-14
      7678.97  2.871152E-14
      7683.07  2.989296E-14
      7687.17  3.069160E-14
      7691.27  2.984984E-14
      7695.37  2.872624E-14
      7699.47  2.914470E-14
      7703.57  2.992882E-14
      7707.67  2.996900E-14
      7711.77  3.042462E-14
      7715.88  2.916223E-14
      7719.98  2.860179E-14
      7724.08  2.851832E-14
      7728.18  2.851591E-14
      7732.28  2.830536E-14
      7736.38  2.863882E-14
      7740.48  2.843228E-14
      7744.58  2.787690E-14
      7748.68  2.722722E-14
      7752.78  2.712048E-14
      7756.88  2.720415E-14
      7760.98  2.709859E-14
      7765.08  2.691552E-14
      7769.19  2.682957E-14
      7773.29  2.722638E-14
      7777.39  2.733408E-14
      7781.49  2.675622E-14
      7785.59  2.600261E-14
      7789.69  2.675341E-14
      7793.79  2.685179E-14
      7797.89  2.712049E-14
      7801.99  2.685420E-14
      7806.09  2.662622E-14
      7810.19  2.728422E-14
      7814.29  2.699658E-14
      7818.39  2.679391E-14
      7822.50  2.700197E-14
      7826.60  2.704844E-14
      7830.70  2.740154E-14
      7834.80  2.791482E-14
      7838.90  2.768561E-14
      7843.00  2.674457E-14
      7847.10  2.698645E-14
      7851.20  2.701073E-14
      7855.30  2.684863E-14
      7859.40  2.695270E-14
      7863.50  2.701941E-14
      7867.60  2.712824E-14
      7871.70  2.735475E-14
      7875.81  2.760960E-14
      7879.91  2.742131E-14
      7884.01  2.655366E-14
      7888.11  2.673049E-14
      7892.21  2.723884E-14
      7896.31  2.724085E-14
      7900.41  2.684358E-14
      7904.51  2.718881E-14
      7908.61  2.745466E-14
      7912.71  2.602450E-14
      7916.81  2.619145E-14
      7920.91  2.563496E-14
      7925.01  2.644025E-14
      7929.12  2.713880E-14
      7933.22  2.669971E-14
      7937.32  2.542843E-14
      7941.42  2.504856E-14
      7945.52  2.500499E-14
      7949.62  2.568747E-14
      7953.72  2.580790E-14
      7957.82  2.476537E-14
      7961.92  2.464166E-14
      7966.02  2.505084E-14
      7970.12  2.533523E-14
      7974.22  2.460982E-14
      7978.32  2.425353E-14
      7982.43  2.480034E-14
      7986.53  2.520221E-14
      7990.63  2.476233E-14
      7994.73  2.454672E-14
      7998.83  2.407247E-14
      8002.93  2.409375E-14
      8007.03  2.402347E-14
      8011.13  2.344748E-14
      8015.23  2.338411E-14
      8019.33  2.312444E-14
      8023.43  2.391104E-14
      8027.53  2.454839E-14
      8031.63  2.438217E-14
      8035.74  2.390564E-14
      8039.84  2.349606E-14
      8043.94  2.490256E-14
      8048.04  2.464441E-14
      8052.14  2.423379E-14
      8056.24  2.419240E-14
      8060.34  2.408575E-14
      8064.44  2.429024E-14
      8068.54  2.440393E-14
      8072.64  2.373418E-14
      8076.74  2.372082E-14
      8080.84  2.432715E-14
      8084.94  2.451810E-14
      8089.04  2.468682E-14
      8093.15  2.469720E-14
      8097.25  2.470583E-14
      8101.35  2.420595E-14
      8105.45  2.425384E-14
      8109.55  2.522466E-14
      8113.65  2.508722E-14
      8117.75  2.496073E-14
      8121.85  2.519531E-14
      8125.95  2.434280E-14
      8130.05  2.421298E-14
      8134.15  2.421663E-14
      8138.25  2.434105E-14
      8142.35  2.424473E-14
      8146.46  2.441110E-14
      8150.56  2.448478E-14
      8154.66  2.394457E-14
      8158.76  2.367168E-14
      8162.86  2.383137E-14
      8166.96  2.449972E-14
      8171.06  2.430248E-14
      8175.16  2.340957E-14
      8179.26  2.303523E-14
      8183.36  2.351964E-14
      8187.46  2.425980E-14
      8191.56  2.389897E-14
      8195.66  2.322910E-14
      8199.77  2.381341E-14
      8203.87  2.460736E-14
      8207.97  2.416270E-14
      8212.07  2.357643E-14
      8216.17  2.323558E-14
      8220.27  2.305786E-14
      8224.37  2.267542E-14
      8228.47  2.260867E-14
      8232.57  2.403361E-14
      8236.67  2.455690E-14
      8240.77  2.331119E-14
      8244.87  2.293538E-14
      8248.97  2.329207E-14
      8253.08  2.278700E-14
      8257.18  2.324602E-14
      8261.28  2.328825E-14
      8265.38  2.258616E-14
      8269.48  2.328846E-14
      8273.58  2.329714E-14
      8277.68  2.297061E-14
      8281.78  2.351427E-14
      8285.88  2.381632E-14
      8289.98  2.278024E-14
      8294.08  2.201415E-14
      8298.18  2.210341E-14
      8302.28  2.298406E-14
      8306.39  2.363478E-14
      8310.49  2.330208E-14
      8314.59  2.306151E-14
      8318.69  2.258003E-14
      8322.79  2.225418E-14
      8326.89  2.229525E-14
      8330.99  2.314245E-14
      8335.09  2.324875E-14
      8339.19  2.276248E-14
      8343.29  2.232184E-14
      8347.39  2.247043E-14
      8351.49  2.241834E-14
      8355.59  2.205667E-14
      8359.70  2.261174E-14
      8363.80  2.316458E-14
      8367.90  2.242328E-14
      8372.00  2.171433E-14
      8376.10  2.162271E-14
      8380.20  2.145278E-14
      8384.30  2.173873E-14
      8388.40  2.180147E-14
      8392.50  2.218516E-14
      8396.60  2.271781E-14
      8400.70  2.217728E-14
      8404.80  2.207674E-14
      8408.90  2.187452E-14
      8413.01  2.131499E-14
      8417.11  2.080369E-14
      8421.21  2.141740E-14
      8425.31  2.245459E-14
      8429.41  2.154250E-14
      8433.51  2.047347E-14
      8437.61  2.071208E-14
      8441.71  2.054049E-14
      8445.81  2.139064E-14
      8449.91  2.115298E-14
      8454.01  2.057546E-14
      8458.11  2.048933E-14
      8462.21  2.075759E-14
      8466.31  2.077499E-14
      8470.42  2.032439E-14
      8474.52  2.045936E-14
      8478.62  2.038815E-14
      8482.72  2.048791E-14
      8486.82  2.060531E-14
      8490.92  2.021402E-14
      8495.02  2.014307E-14
      8499.12  2.073412E-14
      8503.22  2.132400E-14
      8507.32  2.056664E-14
      8511.42  2.034624E-14
      8515.52  2.082497E-14
      8519.62  2.078751E-14
      8523.73  2.014653E-14
      8527.83  2.036911E-14
      8531.93  2.031592E-14
      8536.03  2.035224E-14
      8540.13  1.975619E-14
      8544.23  2.033894E-14
      8548.33  2.078325E-14
      8552.43  2.040095E-14
      8556.53  2.036238E-14
      8560.63  2.105132E-14
      8564.73  2.115991E-14
      8568.83  2.098153E-14
      8572.93  2.059275E-14
      8577.04  2.060011E-14
      8581.14  2.058783E-14
      8585.24  2.077901E-14
      8589.34  2.139304E-14
      8593.44  2.097758E-14
      8597.54  2.016588E-14
      8601.64  2.040923E-14
      8605.74  2.180453E-14
      8609.84  2.168485E-14
      8613.94  2.141833E-14
      8618.04  2.086458E-14
      8622.14  2.116030E-14
      8626.24  2.139758E-14
      8630.35  2.104228E-14
      8634.45  2.146416E-14
      8638.55  2.116476E-14
      8642.65  2.074708E-14
      8646.75  2.100979E-14
      8650.85  2.080298E-14
      8654.95  2.071978E-14
      8659.05  2.117572E-14
      8663.15  2.070815E-14
      8667.25  2.093506E-14
      8671.35  2.148472E-14
      8675.45  2.125599E-14
      8679.55  2.042676E-14
      8683.66  2.076799E-14
      8687.76  2.074102E-14
      8691.86  1.989956E-14
      8695.96  2.003194E-14
      8700.06  2.050573E-14
      8704.16  2.041751E-14
      8708.26  2.018650E-14
      8712.36  2.018166E-14
      8716.46  1.994299E-14
      8720.56  1.935417E-14
      8724.66  1.959904E-14
      8728.76  2.049699E-14
      8732.86  2.040024E-14
      8736.97  2.036239E-14
      8741.07  2.057514E-14
      8745.17  2.055088E-14
      8749.27  2.001335E-14
      8753.37  1.995439E-14
      8757.47  2.019509E-14
      8761.57  2.038071E-14
      8765.67  2.031096E-14
      8769.77  2.007949E-14
      8773.87  1.995453E-14
      8777.97  2.061541E-14
      8782.07  2.063452E-14
      8786.17  1.991279E-14
      8790.28  1.915133E-14
      8794.38  1.954071E-14
      8798.48  1.993220E-14
      8802.58  1.941859E-14
      8806.68  1.917902E-14
      8810.78  1.929253E-14
      8814.88  1.987496E-14
      8818.98  2.002330E-14
      8823.08  2.034055E-14
      8827.18  2.040363E-14
      8831.28  1.927274E-14
      8835.38  1.894612E-14
      8839.48  1.928669E-14
      8843.59  1.935808E-14
      8847.69  1.934080E-14
      8851.79  1.911784E-14
      8855.89  1.880835E-14
      8859.99  1.904012E-14
      8864.09  1.962051E-14
      8868.19  1.967834E-14
      8872.29  1.927449E-14
      8876.39  1.890725E-14
      8880.49  1.937889E-14
      8884.59  1.974949E-14
      8888.69  1.912440E-14
      8892.79  1.913144E-14
      8896.89  1.940496E-14
      8901.00  1.920928E-14
      8905.10  1.833279E-14
      8909.20  1.774870E-14
      8913.30  1.889935E-14
      8917.40  1.856858E-14
      8921.50  1.768058E-14
      8925.60  1.785581E-14
      8929.70  1.841677E-14
      8933.80  1.879913E-14
      8937.90  1.860689E-14
      8942.00  1.824305E-14
      8946.10  1.763088E-14
      8950.20  1.711030E-14
      8954.31  1.692510E-14
      8958.41  1.742606E-14
      8962.51  1.793629E-14
      8966.61  1.761785E-14
      8970.71  1.698042E-14
      8974.81  1.704932E-14
      8978.91  1.671132E-14
      8983.01  1.583828E-14
      8987.11  1.537354E-14
      8991.21  1.693160E-14
      8995.31  1.798046E-14
      8999.41  1.791780E-14
      9003.51  1.754631E-14
      9007.62  1.741803E-14
      9011.72  1.719427E-14
      9015.82  1.687260E-14
      9019.92  1.661061E-14
      9024.02  1.721588E-14
      9028.12  1.789324E-14
      9032.22  1.821841E-14
      9036.32  1.826683E-14
      9040.42  1.812810E-14
      9044.52  1.808450E-14
      9048.62  1.846342E-14
      9052.72  1.834558E-14
      9056.82  1.790052E-14
      9060.93  1.811534E-14
      9065.03  1.735562E-14
      9069.13  1.734111E-14
      9073.23  1.733275E-14
      9077.33  1.738294E-14
      9081.43  1.683798E-14
      9085.53  1.686554E-14
      9089.63  1.730362E-14
      9093.73  1.697368E-14
      9097.83  1.631273E-14
      9101.93  1.689691E-14
      9106.03  1.805143E-14
      9110.13  1.826307E-14
      9114.24  1.739494E-14
      9118.34  1.710694E-14
      9122.44  1.643870E-14
      9126.54  1.527859E-14
      9130.64  1.502503E-14
      9134.74  1.578212E-14
      9138.84  1.661846E-14
      9142.94  1.709998E-14
      9147.04  1.669149E-14
      9151.14  1.591142E-14
      9155.24  1.634819E-14
      9159.34  1.704666E-14
      9163.44  1.648371E-14
      9167.55  1.614843E-14
      9171.65  1.604370E-14
      9175.75  1.610379E-14
      9179.85  1.650040E-14
      9183.95  1.678776E-14
      9188.05  1.659160E-14
      9192.15  1.659884E-14
      9196.25  1.677172E-14
      9200.35  1.686673E-14
      9204.45  1.676045E-14
      9208.55  1.682464E-14
      9212.65  1.745359E-14
      9216.75  1.746124E-14
      9220.86  1.712788E-14
      9224.96  1.778246E-14
      9229.06  1.807694E-14
      9233.16  1.722416E-14
      9237.26  1.725627E-14
      9241.36  1.823394E-14
      9245.46  1.855950E-14
      9249.56  1.873274E-14
      9253.66  1.908146E-14
      9257.76  1.911499E-14
      9261.86  1.945140E-14
      9265.96  1.973436E-14
      9270.06  1.905146E-14
      9274.16  1.804337E-14
      9278.27  1.774892E-14
      9282.37  1.849474E-14
      9286.47  1.846122E-14
      9290.57  1.724570E-14
      9294.67  1.640570E-14
      9298.77  1.578614E-14
      9302.87  1.619680E-14
      9306.97  1.611970E-14
      9311.07  1.472731E-14
      9315.17  1.455549E-14
      9319.27  1.423759E-14
      9323.37  1.368201E-14
      9327.47  1.363800E-14
      9331.58  1.335505E-14
      9335.68  1.267829E-14
      9339.78  1.311830E-14
      9343.88  1.425666E-14
      9347.98  1.361779E-14
      9352.08  1.245275E-14
      9356.18  1.221403E-14
      9360.28  1.250914E-14
      9364.38  1.300284E-14
      9368.48  1.305281E-14
      9372.58  1.288497E-14
      9376.68  1.310468E-14
      9380.78  1.343871E-14
      9384.89  1.486950E-14
      9388.99  1.674952E-14
      9393.09  1.733857E-14
      9397.19  1.783618E-14
      9401.29  1.797896E-14
      9405.39  1.667447E-14
      9409.49  1.581565E-14
      9413.59  1.632338E-14
      9417.69  1.649383E-14
      9421.79  1.531529E-14
      9425.89  1.444037E-14
      9429.99  1.518175E-14
      9434.09  1.486043E-14
      9438.20  1.353795E-14
      9442.30  1.406586E-14
      9446.40  1.489197E-14
      9450.50  1.353674E-14
      9454.60  1.264466E-14
      9458.70  1.343474E-14
      9462.80  1.523545E-14
      9466.90  1.572251E-14
      9471.00  1.422598E-14
      9475.10  1.342611E-14
      9479.20  1.416506E-14
      9483.30  1.577447E-14
      9487.40  1.569105E-14
      9491.51  1.383944E-14
      9495.61  1.339794E-14
      9499.71  1.522204E-14
      9503.81  1.668740E-14
      9507.91  1.631030E-14
      9512.01  1.557859E-14
      9516.11  1.412365E-14
      9520.21  1.314934E-14
      9524.31  1.360185E-14
      9528.41  1.359453E-14
      9532.51  1.461311E-14
      9536.61  1.556438E-14
      9540.71  1.464963E-14
      9544.82  1.435387E-14
      9548.92  1.469159E-14
      9553.02  1.433893E-14
      9557.12  1.424868E-14
      9561.22  1.380493E-14
      9565.32  1.353604E-14
      9569.42  1.482185E-14
      9573.52  1.525519E-14
      9577.62  1.415789E-14
      9581.72  1.307348E-14
      9585.82  1.313719E-14
      9589.92  1.419787E-14
      9594.02  1.418528E-14
      9598.13  1.349924E-14
      9602.23  1.289945E-14
      9606.33  1.295591E-14
      9610.43  1.402176E-14
      9614.53  1.343017E-14
      9618.63  1.318416E-14
      9622.73  1.385728E-14
      9626.83  1.464232E-14
      9630.93  1.379203E-14
      9635.03  1.321172E-14
      9639.13  1.347087E-14
      9643.23  1.309813E-14
      9647.33  1.384549E-14
      9651.44  1.395521E-14
      9655.54  1.301441E-14
      9659.64  1.286115E-14
      9663.74  1.348007E-14
      9667.84  1.316342E-14
      9671.94  1.292011E-14
      9676.04  1.378861E-14
      9680.14  1.398314E-14
      9684.24  1.362936E-14
      9688.34  1.426514E-14
      9692.44  1.409642E-14
      9696.54  1.379543E-14
      9700.64  1.388085E-14
      9704.74  1.344263E-14
      9708.85  1.341430E-14
      9712.95  1.379489E-14
      9717.05  1.392028E-14
      9721.15  1.333907E-14
      9725.25  1.308812E-14
      9729.35  1.311167E-14
      9733.45  1.257759E-14
      9737.55  1.245294E-14
      9741.65  1.250824E-14
      9745.75  1.231700E-14
      9749.85  1.219695E-14
      9753.95  1.196138E-14
      9758.05  1.175585E-14
      9762.16  1.223320E-14
      9766.26  1.216594E-14
      9770.36  1.232125E-14
      9774.46  1.320666E-14
      9778.56  1.265629E-14
      9782.66  1.167732E-14
      9786.76  1.182998E-14
      9790.86  1.252506E-14
      9794.96  1.251190E-14
      9799.06  1.173137E-14
      9803.16  1.142310E-14
      9807.26  1.117737E-14
      9811.36  1.088353E-14
      9815.47  1.132356E-14
      9819.57  1.159989E-14
      9823.67  1.148220E-14
      9827.77  1.118401E-14
      9831.87  1.090729E-14
      9835.97  1.068139E-14
      9840.07  9.980964E-15
      9844.17  9.848391E-15
      9848.27  1.084743E-14
      9852.37  1.131212E-14
      9856.47  1.050022E-14
      9860.57  1.037579E-14
      9864.67  1.099227E-14
      9868.78  1.081685E-14
      9872.88  1.077231E-14
      9876.98  1.078678E-14
      9881.08  9.783701E-15
      9885.18  1.013472E-14
      9889.28  1.269282E-14
      9893.38  1.275666E-14
      9897.48  1.124549E-14
      9901.58  1.165634E-14
      9905.68  1.174145E-14
      9909.78  1.126648E-14
      9913.88  1.190888E-14
      9917.98  1.167486E-14
      9922.09  1.097599E-14
      9926.19  1.147519E-14
      9930.29  1.161474E-14
      9934.39  1.140971E-14
      9938.49  1.039358E-14
      9942.59  1.123651E-14
      9946.69  1.204517E-14
      9950.79  1.168638E-14
      9954.89  1.144965E-14
      9958.99  1.028131E-14
