      3506.50  6.137167E-15
      3508.80  3.887163E-15
      3511.10  3.061016E-15
      3513.41  3.924920E-15
      3515.71  2.314823E-15
      3518.01  3.537314E-15
      3520.32  3.814511E-15
      3522.62  3.832273E-15
      3524.92  4.231279E-15
      3527.23  3.307671E-15
      3529.53  3.793219E-15
      3531.83  3.975330E-15
      3534.14  3.654692E-15
      3536.44  3.505885E-15
      3538.74  4.368200E-15
      3541.05  3.111018E-15
      3543.35  2.896063E-15
      3545.65  2.979863E-15
      3547.95  3.194903E-15
      3550.26  3.143598E-15
      3552.56  3.172889E-15
      3554.86  3.021882E-15
      3557.17  3.462604E-15
      3559.47  3.418875E-15
      3561.77  3.126152E-15
      3564.08  3.147512E-15
      3566.38  3.680039E-15
      3568.68  3.540390E-15
      3570.99  3.304084E-15
      3573.29  3.769743E-15
      3575.59  3.251737E-15
      3577.90  3.803427E-15
      3580.20  3.249381E-15
      3582.50  2.930885E-15
      3584.81  3.883678E-15
      3587.11  3.807821E-15
      3589.41  3.121204E-15
      3591.72  3.971595E-15
      3594.02  4.310068E-15
      3596.32  4.070959E-15
      3598.62  3.762179E-15
      3600.93  4.264829E-15
      3603.23  3.803238E-15
      3605.53  3.402103E-15
      3607.84  2.609477E-15
      3610.14  3.170626E-15
      3612.44  3.612265E-15
      3614.75  3.585703E-15
      3617.05  3.055556E-15
      3619.35  3.443772E-15
      3621.66  3.442083E-15
      3623.96  3.905906E-15
      3626.26  3.861375E-15
      3628.57  3.190858E-15
      3630.87  3.448809E-15
      3633.17  3.439572E-15
      3635.48  3.498296E-15
      3637.78  3.360897E-15
      3640.08  4.490156E-15
      3642.39  3.759904E-15
      3644.69  3.643433E-15
      3646.99  4.488868E-15
      3649.29  3.710747E-15
      3651.60  2.495733E-15
      3653.90  4.483688E-15
      3656.20  3.710805E-15
      3658.51  3.427291E-15
      3660.81  3.427860E-15
      3663.11  2.944119E-15
      3665.42  3.471938E-15
      3667.72  3.347830E-15
      3670.02  3.550640E-15
      3672.33  3.804454E-15
      3674.63  3.224117E-15
      3676.93  3.020324E-15
      3679.24  3.099864E-15
      3681.54  3.668965E-15
      3683.84  3.505863E-15
      3686.15  3.769303E-15
      3688.45  3.415863E-15
      3690.75  3.229019E-15
      3693.05  3.222353E-15
      3695.36  3.232728E-15
      3697.66  3.321559E-15
      3699.96  3.375938E-15
      3702.27  2.647916E-15
      3704.57  3.162663E-15
      3706.87  2.946412E-15
      3709.18  2.519342E-15
      3711.48  2.711532E-15
      3713.78  3.531725E-15
      3716.09  3.210618E-15
      3718.39  2.520720E-15
      3720.69  2.662401E-15
      3723.00  3.181690E-15
      3725.30  3.780029E-15
      3727.60  4.778369E-15
      3729.91  4.909180E-15
      3732.21  4.333828E-15
      3734.51  4.381192E-15
      3736.82  4.427535E-15
      3739.12  4.386734E-15
      3741.42  4.431855E-15
      3743.72  4.137797E-15
      3746.03  4.362920E-15
      3748.33  3.203590E-15
      3750.63  3.834860E-15
      3752.94  3.942118E-15
      3755.24  3.884996E-15
      3757.54  3.674040E-15
      3759.85  3.622206E-15
      3762.15  3.484173E-15
      3764.45  3.820893E-15
      3766.76  3.693690E-15
      3769.06  3.935626E-15
      3771.36  2.939865E-15
      3773.67  2.996976E-15
      3775.97  3.833915E-15
      3778.27  3.700627E-15
      3780.58  4.002156E-15
      3782.88  3.275934E-15
      3785.18  3.102642E-15
      3787.49  2.802641E-15
      3789.79  3.122770E-15
      3792.09  3.044653E-15
      3794.39  2.610034E-15
      3796.70  2.321447E-15
      3799.00  2.769025E-15
      3801.30  2.927504E-15
      3803.61  2.762562E-15
      3805.91  3.128377E-15
      3808.21  3.249608E-15
      3810.52  3.028906E-15
      3812.82  3.429245E-15
      3815.12  2.637133E-15
      3817.43  2.685891E-15
      3819.73  3.084569E-15
      3822.03  3.229735E-15
      3824.34  3.726195E-15
      3826.64  3.517776E-15
      3828.94  3.356847E-15
      3831.25  3.142092E-15
      3833.55  2.943146E-15
      3835.85  3.385749E-15
      3838.15  3.302129E-15
      3840.46  3.185804E-15
      3842.76  3.012130E-15
      3845.06  2.958609E-15
      3847.37  3.046775E-15
      3849.67  3.006531E-15
      3851.97  3.183183E-15
      3854.28  2.876419E-15
      3856.58  2.646475E-15
      3858.88  2.763930E-15
      3861.19  2.038051E-15
      3863.49  1.831089E-15
      3865.79  2.087698E-15
      3868.10  2.520911E-15
      3870.40  2.119914E-15
      3872.70  2.953877E-15
      3875.01  3.530551E-15
      3877.31  3.596186E-15
      3879.61  3.873252E-15
      3881.92  3.557598E-15
      3884.22  2.420984E-15
      3886.52  2.042442E-15
      3888.82  2.255571E-15
      3891.13  2.595578E-15
      3893.43  2.616897E-15
      3895.73  2.831313E-15
      3898.04  2.765125E-15
      3900.34  3.036348E-15
      3902.64  2.687049E-15
      3904.95  2.115188E-15
      3907.25  2.750505E-15
      3909.55  2.446575E-15
      3911.86  2.297740E-15
      3914.16  2.402718E-15
      3916.46  2.266108E-15
      3918.77  2.281133E-15
      3921.07  2.340669E-15
      3923.37  2.525961E-15
      3925.68  2.306246E-15
      3927.98  2.284546E-15
      3930.28  2.757081E-15
      3932.58  2.772503E-15
      3934.89  2.514990E-15
      3937.19  2.551209E-15
      3939.49  2.407116E-15
      3941.80  2.559713E-15
      3944.10  2.974809E-15
      3946.40  3.015299E-15
      3948.71  3.085015E-15
      3951.01  3.744076E-15
      3953.31  3.903506E-15
      3955.62  4.121468E-15
      3957.92  4.297428E-15
      3960.22  4.336899E-15
      3962.53  4.742235E-15
      3964.83  4.858071E-15
      3967.13  5.231563E-15
      3969.44  5.322105E-15
      3971.74  5.640501E-15
      3974.04  5.995927E-15
      3976.35  6.258300E-15
      3978.65  6.383785E-15
      3980.95  6.414413E-15
      3983.25  6.146379E-15
      3985.56  5.870685E-15
      3987.86  5.786309E-15
      3990.16  5.211412E-15
      3992.47  4.657883E-15
      3994.77  5.115068E-15
      3997.07  5.299685E-15
      3999.38  4.847168E-15
      4001.68  4.567138E-15
      4003.98  4.959894E-15
      4006.29  5.432514E-15
      4008.59  5.265988E-15
      4010.89  4.867370E-15
      4013.20  4.600614E-15
      4015.50  5.113901E-15
      4017.80  5.324917E-15
      4020.11  4.848215E-15
      4022.41  4.748216E-15
      4024.71  4.781843E-15
      4027.02  4.728554E-15
      4029.32  4.884873E-15
      4031.62  4.860305E-15
      4033.92  4.724495E-15
      4036.23  4.249013E-15
      4038.53  3.982771E-15
      4040.83  4.181568E-15
      4043.14  4.117706E-15
      4045.44  3.708919E-15
      4047.74  3.575683E-15
      4050.05  3.204613E-15
      4052.35  3.059746E-15
      4054.65  3.082508E-15
      4056.96  2.649406E-15
      4059.26  2.801835E-15
      4061.56  2.895257E-15
      4063.87  2.357449E-15
      4066.17  2.504237E-15
      4068.47  2.729322E-15
      4070.78  2.929804E-15
      4073.08  3.565556E-15
      4075.38  4.648189E-15
      4077.68  4.893931E-15
      4079.99  4.630730E-15
      4082.29  5.012163E-15
      4084.59  5.433130E-15
      4086.90  5.713868E-15
      4089.20  6.313755E-15
      4091.50  6.093800E-15
      4093.81  6.158066E-15
      4096.11  6.804845E-15
      4098.41  6.914914E-15
      4100.72  6.517130E-15
      4103.02  7.438716E-15
      4105.32  7.533170E-15
      4107.63  7.614564E-15
      4109.93  8.033404E-15
      4112.23  7.506948E-15
      4114.54  7.431765E-15
      4116.84  7.302963E-15
      4119.14  6.477663E-15
      4121.45  6.142613E-15
      4123.75  6.462451E-15
      4126.05  6.579029E-15
      4128.35  6.475176E-15
      4130.66  5.975222E-15
      4132.96  6.313228E-15
      4135.26  6.221764E-15
      4137.57  6.145228E-15
      4139.87  5.915382E-15
      4142.17  5.772802E-15
      4144.48  5.647665E-15
      4146.78  5.494522E-15
      4149.08  5.340610E-15
      4151.39  5.631052E-15
      4153.69  5.262375E-15
      4155.99  4.839604E-15
      4158.30  4.888893E-15
      4160.60  5.166516E-15
      4162.90  5.400714E-15
      4165.21  5.463824E-15
      4167.51  5.572540E-15
      4169.81  5.647591E-15
      4172.12  5.736022E-15
      4174.42  5.351866E-15
      4176.72  5.351844E-15
      4179.02  5.386330E-15
      4181.33  4.824158E-15
      4183.63  4.636467E-15
      4185.93  4.027286E-15
      4188.24  3.573761E-15
      4190.54  3.505849E-15
      4192.84  3.249931E-15
      4195.15  3.046819E-15
      4197.45  2.528318E-15
      4199.75  2.944517E-15
      4202.06  3.026514E-15
      4204.36  3.344522E-15
      4206.66  3.652760E-15
      4208.97  3.724288E-15
      4211.27  3.959240E-15
      4213.57  3.779904E-15
      4215.88  3.625924E-15
      4218.18  4.034874E-15
      4220.48  3.843599E-15
      4222.78  4.104835E-15
      4225.09  5.051009E-15
      4227.39  4.765291E-15
      4229.69  4.347705E-15
      4232.00  4.406289E-15
      4234.30  4.173081E-15
      4236.60  4.043468E-15
      4238.91  4.166263E-15
      4241.21  3.949456E-15
      4243.51  4.294363E-15
      4245.82  4.171404E-15
      4248.12  4.562421E-15
      4250.42  4.381005E-15
      4252.73  4.364576E-15
      4255.03  4.211879E-15
      4257.33  4.139581E-15
      4259.64  3.702243E-15
      4261.94  3.529350E-15
      4264.24  3.596703E-15
      4266.55  3.331628E-15
      4268.85  2.848738E-15
      4271.15  2.575568E-15
      4273.45  2.395680E-15
      4275.76  2.501215E-15
      4278.06  2.239522E-15
      4280.36  1.946062E-15
      4282.67  2.011073E-15
      4284.97  2.187624E-15
      4287.27  2.112252E-15
      4289.58  1.986443E-15
      4291.88  1.645637E-15
      4294.18  1.625856E-15
      4296.49  1.616987E-15
      4298.79  1.594823E-15
      4301.09  1.832881E-15
      4303.40  1.899852E-15
      4305.70  2.303178E-15
      4308.00  2.231266E-15
      4310.31  2.270204E-15
      4312.61  2.573909E-15
      4314.91  3.082817E-15
      4317.22  3.303712E-15
      4319.52  3.271842E-15
      4321.82  3.354008E-15
      4324.12  3.769468E-15
      4326.43  3.947956E-15
      4328.73  4.234837E-15
      4331.03  4.539637E-15
      4333.34  4.435919E-15
      4335.64  4.305835E-15
      4337.94  4.428484E-15
      4340.25  4.262458E-15
      4342.55  4.500458E-15
      4344.85  4.769817E-15
      4347.16  5.159775E-15
      4349.46  5.221372E-15
      4351.76  4.788435E-15
      4354.07  4.334510E-15
      4356.37  3.724890E-15
      4358.67  3.678879E-15
      4360.98  3.972748E-15
      4363.28  3.455695E-15
      4365.58  3.253124E-15
      4367.88  3.365475E-15
      4370.19  3.429081E-15
      4372.49  3.327545E-15
      4374.79  3.449420E-15
      4377.10  3.415071E-15
      4379.40  3.423593E-15
      4381.70  3.416519E-15
      4384.01  3.358885E-15
      4386.31  3.705359E-15
      4388.61  4.164915E-15
      4390.92  4.323225E-15
      4393.22  4.295053E-15
      4395.52  4.378765E-15
      4397.83  4.114587E-15
      4400.13  4.166370E-15
      4402.43  4.342540E-15
      4404.74  4.238196E-15
      4407.04  4.423915E-15
      4409.34  4.605257E-15
      4411.65  4.383663E-15
      4413.95  4.105897E-15
      4416.25  4.300716E-15
      4418.55  4.198363E-15
      4420.86  3.797334E-15
      4423.16  3.662158E-15
      4425.46  3.692257E-15
      4427.77  3.792748E-15
      4430.07  3.991659E-15
      4432.37  4.008528E-15
      4434.68  4.123091E-15
      4436.98  4.207148E-15
      4439.28  4.254172E-15
      4441.59  3.853882E-15
      4443.89  3.873966E-15
      4446.19  3.926170E-15
      4448.50  4.139232E-15
      4450.80  4.240626E-15
      4453.10  4.149973E-15
      4455.41  4.505835E-15
      4457.71  4.905048E-15
      4460.01  5.344608E-15
      4462.31  5.397812E-15
      4464.62  5.305969E-15
      4466.92  5.302508E-15
      4469.22  4.982000E-15
      4471.53  4.855355E-15
      4473.83  4.691591E-15
      4476.13  4.526201E-15
      4478.44  4.384470E-15
      4480.74  4.313752E-15
      4483.04  3.724007E-15
      4485.35  3.483471E-15
      4487.65  4.048004E-15
      4489.95  3.826128E-15
      4492.26  3.738814E-15
      4494.56  3.783262E-15
      4496.86  3.634645E-15
      4499.17  3.676681E-15
      4501.47  3.794944E-15
      4503.77  3.463479E-15
      4506.08  3.519370E-15
      4508.38  3.289010E-15
      4510.68  3.363230E-15
      4512.98  3.266803E-15
      4515.29  3.161219E-15
      4517.59  3.056391E-15
      4519.89  2.908674E-15
      4522.20  3.264688E-15
      4524.50  3.124085E-15
      4526.80  2.926379E-15
      4529.11  2.875006E-15
      4531.41  2.855655E-15
      4533.71  3.050544E-15
      4536.02  3.097505E-15
      4538.32  3.083478E-15
      4540.62  3.202961E-15
      4542.93  3.273508E-15
      4545.23  3.547646E-15
      4547.53  3.544921E-15
      4549.84  3.798989E-15
      4552.14  3.741010E-15
      4554.44  3.887023E-15
      4556.75  4.183280E-15
      4559.05  4.427949E-15
      4561.35  4.675738E-15
      4563.65  4.793784E-15
      4565.96  5.084156E-15
      4568.26  5.563863E-15
      4570.56  5.575413E-15
      4572.87  5.996822E-15
      4575.17  6.531205E-15
      4577.47  6.813618E-15
      4579.78  7.227882E-15
      4582.08  7.635253E-15
      4584.38  8.030024E-15
      4586.69  8.170121E-15
      4588.99  8.409595E-15
      4591.29  8.770613E-15
      4593.60  8.803055E-15
      4595.90  8.382911E-15
      4598.20  8.322555E-15
      4600.51  8.050454E-15
      4602.81  7.638724E-15
      4605.11  7.464241E-15
      4607.41  6.826551E-15
      4609.72  6.427470E-15
      4612.02  6.386077E-15
      4614.32  6.076902E-15
      4616.63  6.006537E-15
      4618.93  6.165278E-15
      4621.23  6.198949E-15
      4623.54  6.439820E-15
      4625.84  6.468633E-15
      4628.14  6.301838E-15
      4630.45  6.793094E-15
      4632.75  7.120974E-15
      4635.05  7.187396E-15
      4637.36  7.097467E-15
      4639.66  7.035941E-15
      4641.96  6.788771E-15
      4644.27  6.922524E-15
      4646.57  7.167502E-15
      4648.87  6.804125E-15
      4651.18  6.753055E-15
      4653.48  7.044493E-15
      4655.78  6.962928E-15
      4658.08  7.119554E-15
      4660.39  7.312740E-15
      4662.69  7.041596E-15
      4664.99  7.111230E-15
      4667.30  7.405770E-15
      4669.60  7.437092E-15
      4671.90  7.311487E-15
      4674.21  7.262679E-15
      4676.51  7.115797E-15
      4678.81  7.051120E-15
      4681.12  7.049599E-15
      4683.42  7.182745E-15
      4685.72  7.184325E-15
      4688.03  6.786610E-15
      4690.33  7.020044E-15
      4692.63  7.193540E-15
      4694.94  7.053173E-15
      4697.24  7.098184E-15
      4699.54  7.412868E-15
      4701.85  7.151278E-15
      4704.15  6.941911E-15
      4706.45  6.980689E-15
      4708.75  6.886967E-15
      4711.06  6.990504E-15
      4713.36  6.797433E-15
      4715.66  6.456204E-15
      4717.97  6.654739E-15
      4720.27  6.511202E-15
      4722.57  6.474950E-15
      4724.88  6.365330E-15
      4727.18  6.330855E-15
      4729.48  6.135891E-15
      4731.79  6.084446E-15
      4734.09  5.992137E-15
      4736.39  5.885807E-15
      4738.70  5.595629E-15
      4741.00  5.517756E-15
      4743.30  5.233360E-15
      4745.61  5.202148E-15
      4747.91  5.089912E-15
      4750.21  4.876116E-15
      4752.51  4.847041E-15
      4754.82  4.640363E-15
      4757.12  4.753151E-15
      4759.42  4.527810E-15
      4761.73  4.726625E-15
      4764.03  4.798232E-15
      4766.33  4.527948E-15
      4768.64  4.367239E-15
      4770.94  4.419964E-15
      4773.24  4.543136E-15
      4775.55  4.187601E-15
      4777.85  3.886149E-15
      4780.15  3.911199E-15
      4782.46  3.533932E-15
      4784.76  3.204863E-15
      4787.06  2.909560E-15
      4789.37  2.660224E-15
      4791.67  2.442000E-15
      4793.97  2.130742E-15
      4796.28  2.228920E-15
      4798.58  2.096343E-15
      4800.88  1.885121E-15
      4803.18  1.778337E-15
      4805.49  1.501743E-15
      4807.79  1.532661E-15
      4810.09  1.660765E-15
      4812.40  1.403883E-15
      4814.70  1.468320E-15
      4817.00  1.701344E-15
      4819.31  1.699968E-15
      4821.61  2.112469E-15
      4823.91  2.088633E-15
      4826.22  2.393178E-15
      4828.52  2.775318E-15
      4830.82  3.229628E-15
      4833.13  3.680999E-15
      4835.43  3.873302E-15
      4837.73  4.332655E-15
      4840.04  4.703459E-15
      4842.34  5.236003E-15
      4844.64  5.505453E-15
      4846.95  6.192075E-15
      4849.25  6.593902E-15
      4851.55  7.257582E-15
      4853.85  8.155551E-15
      4856.16  8.570976E-15
      4858.46  8.706819E-15
      4860.76  8.895644E-15
      4863.07  9.172353E-15
      4865.37  9.445086E-15
      4867.67  9.474758E-15
      4869.98  9.459290E-15
      4872.28  9.393777E-15
      4874.58  9.227712E-15
      4876.89  9.062818E-15
      4879.19  8.823053E-15
      4881.49  8.266983E-15
      4883.80  7.777854E-15
      4886.10  7.297246E-15
      4888.40  7.041077E-15
      4890.71  7.002218E-15
      4893.01  6.351912E-15
      4895.31  6.033406E-15
      4897.61  6.011028E-15
      4899.92  5.794492E-15
      4902.22  5.679246E-15
      4904.52  5.765239E-15
      4906.83  5.992580E-15
      4909.13  5.920933E-15
      4911.43  5.890864E-15
      4913.74  6.086791E-15
      4916.04  6.656978E-15
      4918.34  7.052850E-15
      4920.65  7.292354E-15
      4922.95  7.620040E-15
      4925.25  7.972505E-15
      4927.56  8.346791E-15
      4929.86  8.669724E-15
      4932.16  8.785277E-15
      4934.47  8.790887E-15
      4936.77  8.830711E-15
      4939.07  8.957968E-15
      4941.38  8.957204E-15
      4943.68  8.844631E-15
      4945.98  8.653900E-15
      4948.28  8.407234E-15
      4950.59  8.120108E-15
      4952.89  7.964371E-15
      4955.19  7.851901E-15
      4957.50  7.513793E-15
      4959.80  7.182232E-15
      4962.10  6.957350E-15
      4964.41  6.663698E-15
      4966.71  6.158863E-15
      4969.01  5.820161E-15
      4971.32  5.623390E-15
      4973.62  5.380836E-15
      4975.92  5.232133E-15
      4978.23  5.084411E-15
      4980.53  4.510491E-15
      4982.83  4.222149E-15
      4985.14  4.116100E-15
      4987.44  4.091022E-15
      4989.74  3.696295E-15
      4992.04  3.737342E-15
      4994.35  3.720134E-15
      4996.65  3.718827E-15
      4998.95  3.904519E-15
      5001.26  4.268198E-15
      5003.56  4.738830E-15
      5005.86  5.012886E-15
      5008.17  5.606694E-15
      5010.47  6.394347E-15
      5012.77  7.029903E-15
      5015.08  7.733448E-15
      5017.38  8.091671E-15
      5019.68  8.334879E-15
      5021.99  8.509180E-15
      5024.29  8.591421E-15
      5026.59  8.582393E-15
      5028.90  8.619043E-15
      5031.20  8.469400E-15
      5033.50  8.444658E-15
      5035.81  8.547348E-15
      5038.11  8.336593E-15
      5040.41  8.111893E-15
      5042.71  7.932773E-15
      5045.02  7.919872E-15
      5047.32  7.598368E-15
      5049.62  7.279009E-15
      5051.93  7.150493E-15
      5054.23  7.150595E-15
      5056.53  6.798281E-15
      5058.84  6.687573E-15
      5061.14  6.574224E-15
      5063.44  6.569372E-15
      5065.75  6.466471E-15
      5068.05  6.193541E-15
      5070.35  6.200115E-15
      5072.66  6.056119E-15
      5074.96  5.922078E-15
      5077.26  5.912322E-15
      5079.57  5.933326E-15
      5081.87  5.794889E-15
      5084.17  5.603998E-15
      5086.48  5.633918E-15
      5088.78  5.512692E-15
      5091.08  5.442506E-15
      5093.38  5.527170E-15
      5095.69  5.302497E-15
      5097.99  5.320685E-15
      5100.29  5.191019E-15
      5102.60  5.031955E-15
      5104.90  4.927384E-15
      5107.20  4.847440E-15
      5109.51  4.635544E-15
      5111.81  4.568074E-15
      5114.11  4.191986E-15
      5116.42  4.057036E-15
      5118.72  3.972243E-15
      5121.02  3.821365E-15
      5123.33  3.567394E-15
      5125.63  3.279209E-15
      5127.93  3.218960E-15
      5130.24  3.125480E-15
      5132.54  2.853855E-15
      5134.84  2.605984E-15
      5137.14  2.623656E-15
      5139.45  2.633263E-15
      5141.75  2.596071E-15
      5144.05  2.527475E-15
      5146.36  2.632771E-15
      5148.66  2.650962E-15
      5150.96  2.868907E-15
      5153.27  3.093607E-15
      5155.57  3.187518E-15
      5157.87  3.568335E-15
      5160.18  3.643208E-15
      5162.48  3.673880E-15
      5164.78  4.058630E-15
      5167.09  4.231210E-15
      5169.39  4.326880E-15
      5171.69  4.279703E-15
      5174.00  4.540172E-15
      5176.30  4.855813E-15
      5178.60  4.962045E-15
      5180.91  5.048963E-15
      5183.21  5.311008E-15
      5185.51  5.486108E-15
      5187.81  5.581134E-15
      5190.12  5.825854E-15
      5192.42  5.884219E-15
      5194.72  5.900825E-15
      5197.03  6.061536E-15
      5199.33  6.135703E-15
      5201.63  6.114811E-15
      5203.94  5.917323E-15
      5206.24  5.847829E-15
      5208.54  5.837844E-15
      5210.85  5.607661E-15
      5213.15  5.339799E-15
      5215.45  5.367940E-15
      5217.76  5.319359E-15
      5220.06  5.282170E-15
      5222.36  5.261454E-15
      5224.67  5.336496E-15
      5226.97  5.309806E-15
      5229.27  5.516209E-15
      5231.58  5.405631E-15
      5233.88  5.257594E-15
      5236.18  5.353757E-15
      5238.48  5.415813E-15
      5240.79  5.533619E-15
      5243.09  5.388554E-15
      5245.39  5.437784E-15
      5247.70  5.495843E-15
      5250.00  5.503287E-15
      5252.30  5.538925E-15
      5254.61  5.693333E-15
      5256.91  5.724853E-15
      5259.21  5.613693E-15
      5261.52  5.611291E-15
      5263.82  5.653299E-15
      5266.12  5.748872E-15
      5268.43  5.791120E-15
      5270.73  6.235532E-15
      5273.03  6.303110E-15
      5275.34  5.931102E-15
      5277.64  6.047546E-15
      5279.94  6.026429E-15
      5282.24  5.776357E-15
      5284.55  5.568929E-15
      5286.85  5.363837E-15
      5289.15  5.196310E-15
      5291.46  4.948121E-15
      5293.76  4.824620E-15
      5296.06  4.679223E-15
      5298.37  4.563735E-15
      5300.67  4.549165E-15
      5302.97  4.618915E-15
      5305.28  4.802925E-15
      5307.58  5.021108E-15
      5309.88  5.195983E-15
      5312.19  5.423320E-15
      5314.49  5.753043E-15
      5316.79  6.058446E-15
      5319.10  6.055772E-15
      5321.40  6.031310E-15
      5323.70  6.189392E-15
      5326.01  6.391056E-15
      5328.31  6.376910E-15
      5330.61  6.346677E-15
      5332.91  6.353941E-15
      5335.22  6.218174E-15
      5337.52  6.113142E-15
      5339.82  6.093186E-15
      5342.13  6.313038E-15
      5344.43  6.241342E-15
      5346.73  6.176010E-15
      5349.04  6.082700E-15
      5351.34  6.089485E-15
      5353.64  6.104985E-15
      5355.95  6.153475E-15
      5358.25  6.248088E-15
      5360.55  6.084987E-15
      5362.86  5.960998E-15
      5365.16  6.012775E-15
      5367.46  5.729623E-15
      5369.77  5.638199E-15
      5372.07  5.801558E-15
      5374.37  5.800588E-15
      5376.67  5.838715E-15
      5378.98  5.948875E-15
      5381.28  5.936424E-15
      5383.58  5.867698E-15
      5385.89  5.864232E-15
      5388.19  5.789561E-15
      5390.49  5.664979E-15
      5392.80  5.726524E-15
      5395.10  5.670140E-15
      5397.40  5.660939E-15
      5399.71  5.682453E-15
      5402.01  5.482902E-15
      5404.31  5.548434E-15
      5406.62  5.625792E-15
      5408.92  5.675487E-15
      5411.22  5.691329E-15
      5413.53  5.754053E-15
      5415.83  5.775952E-15
      5418.13  5.708924E-15
      5420.44  5.790177E-15
      5422.74  5.896997E-15
      5425.04  6.102714E-15
      5427.34  6.185944E-15
      5429.65  6.334816E-15
      5431.95  6.465906E-15
      5434.25  6.499171E-15
      5436.56  6.499254E-15
      5438.86  6.575817E-15
      5441.16  6.432451E-15
      5443.47  6.385734E-15
      5445.77  6.403450E-15
      5448.07  6.253669E-15
      5450.38  6.046360E-15
      5452.68  5.998787E-15
      5454.98  5.860895E-15
      5457.29  5.916016E-15
      5459.59  5.736588E-15
      5461.89  5.783033E-15
      5464.20  5.828677E-15
      5466.50  5.425946E-15
      5468.80  5.453623E-15
      5471.11  5.559633E-15
      5473.41  5.549471E-15
      5475.71  5.479441E-15
      5478.01  5.421829E-15
      5480.32  5.298496E-15
      5482.62  5.414223E-15
      5484.92  5.238699E-15
      5487.23  5.092240E-15
      5489.53  5.159732E-15
      5491.83  5.190815E-15
      5494.14  5.118292E-15
      5496.44  5.100654E-15
      5498.74  4.972744E-15
      5501.05  5.141176E-15
      5503.35  5.189191E-15
      5505.65  5.326260E-15
      5507.96  5.248319E-15
      5510.26  5.237801E-15
      5512.56  5.244394E-15
      5514.87  5.390897E-15
      5517.17  5.472261E-15
      5519.47  5.684829E-15
      5521.77  5.644963E-15
      5524.08  5.903953E-15
      5526.38  6.102893E-15
      5528.68  6.141448E-15
      5530.99  6.302593E-15
      5533.29  6.357919E-15
      5535.59  6.438257E-15
      5537.90  6.305288E-15
      5540.20  6.484444E-15
      5542.50  6.528975E-15
      5544.81  6.623690E-15
      5547.11  6.476575E-15
      5549.41  6.220427E-15
      5551.72  6.116418E-15
      5554.02  6.172691E-15
      5556.32  6.151234E-15
      5558.63  5.930508E-15
      5560.93  5.974854E-15
      5563.23  5.876981E-15
      5565.54  5.705566E-15
      5567.84  5.798051E-15
      5570.14  5.624314E-15
      5572.44  5.623312E-15
      5574.75  5.545283E-15
      5577.05  5.417095E-15
      5579.35  5.427705E-15
      5581.66  5.421205E-15
      5583.96  5.491169E-15
      5586.26  5.309981E-15
      5588.57  5.263633E-15
      5590.87  5.194339E-15
      5593.17  5.127929E-15
      5595.48  5.044240E-15
      5597.78  4.998972E-15
      5600.08  4.930047E-15
      5602.39  4.870773E-15
      5604.69  4.633487E-15
      5606.99  4.534905E-15
      5609.30  4.629752E-15
      5611.60  4.598486E-15
      5613.90  4.459693E-15
      5616.21  4.408121E-15
      5618.51  4.393262E-15
      5620.81  4.371899E-15
      5623.11  4.468421E-15
      5625.42  4.448916E-15
      5627.72  4.340859E-15
      5630.02  4.213667E-15
      5632.33  4.301170E-15
      5634.63  4.222812E-15
      5636.93  4.144964E-15
      5639.24  4.236380E-15
      5641.54  4.189854E-15
      5643.84  4.167530E-15
      5646.15  4.217071E-15
      5648.45  4.133100E-15
      5650.75  4.277421E-15
      5653.06  4.473756E-15
      5655.36  4.805358E-15
      5657.66  4.837381E-15
      5659.97  4.877981E-15
      5662.27  5.069431E-15
      5664.57  5.075922E-15
      5666.87  5.033914E-15
      5669.18  5.143811E-15
      5671.48  5.371682E-15
      5673.78  5.289323E-15
      5676.09  5.288679E-15
      5678.39  5.502498E-15
      5680.69  5.539238E-15
      5683.00  5.522535E-15
      5685.30  5.415135E-15
      5687.60  5.216856E-15
      5689.91  5.253605E-15
      5692.21  5.396699E-15
      5694.51  5.353681E-15
      5696.82  5.323710E-15
      5699.12  5.420929E-15
      5701.42  5.250179E-15
      5703.73  5.104857E-15
      5706.03  5.249153E-15
      5708.33  5.238022E-15
      5710.64  5.244032E-15
      5712.94  5.117050E-15
      5715.24  5.214599E-15
      5717.54  5.061910E-15
      5719.85  5.149167E-15
      5722.15  4.997088E-15
      5724.45  4.948465E-15
      5726.76  4.952846E-15
      5729.06  5.012937E-15
      5731.36  4.988948E-15
      5733.67  4.879620E-15
      5735.97  4.842895E-15
      5738.27  4.902589E-15
      5740.58  4.840958E-15
      5742.88  4.734480E-15
      5745.18  4.884725E-15
      5747.49  4.834928E-15
      5749.79  4.945755E-15
      5752.09  4.945551E-15
      5754.40  4.905988E-15
      5756.70  4.814445E-15
      5759.00  4.769352E-15
      5761.31  4.797012E-15
      5763.61  4.842021E-15
      5765.91  4.707931E-15
      5768.21  4.870426E-15
      5770.52  4.838173E-15
      5772.82  4.547755E-15
      5775.12  4.766314E-15
      5777.43  4.649542E-15
      5779.73  4.548382E-15
      5782.03  4.531712E-15
      5784.34  4.468747E-15
      5786.64  4.505312E-15
      5788.94  4.334565E-15
      5791.25  4.296132E-15
      5793.55  4.302987E-15
      5795.85  4.165220E-15
      5798.16  4.069814E-15
      5800.46  3.915349E-15
      5802.76  3.866174E-15
      5805.07  3.707544E-15
      5807.37  3.460050E-15
      5809.67  3.422073E-15
      5811.97  3.247509E-15
      5814.28  2.919815E-15
      5816.58  3.010783E-15
      5818.88  2.850764E-15
      5821.19  2.526579E-15
      5823.49  2.267141E-15
      5825.79  2.239244E-15
      5828.10  2.091864E-15
      5830.40  1.965747E-15
      5832.70  1.900444E-15
      5835.01  1.944906E-15
      5837.31  1.862053E-15
      5839.61  1.975530E-15
      5841.92  1.969148E-15
      5844.22  1.915881E-15
      5846.52  1.888805E-15
      5848.83  1.936262E-15
      5851.13  2.004401E-15
      5853.43  2.236689E-15
      5855.74  2.453922E-15
      5858.04  2.627690E-15
      5860.34  2.917611E-15
      5862.64  3.097128E-15
      5864.95  3.161205E-15
      5867.25  3.477944E-15
      5869.55  3.727722E-15
      5871.86  3.999931E-15
      5874.16  4.199291E-15
      5876.46  4.345137E-15
      5878.77  4.434479E-15
      5881.07  4.570363E-15
      5883.37  4.961788E-15
      5885.68  5.213988E-15
      5887.98  5.277878E-15
      5890.28  5.652307E-15
      5892.59  5.803698E-15
      5894.89  5.879135E-15
      5897.19  5.988530E-15
      5899.50  6.090845E-15
      5901.80  6.156313E-15
      5904.10  6.296604E-15
      5906.40  6.296485E-15
      5908.71  6.308015E-15
      5911.01  6.311742E-15
      5913.31  6.174833E-15
      5915.62  6.144806E-15
      5917.92  5.992933E-15
      5920.22  5.893210E-15
      5922.53  6.080457E-15
      5924.83  6.166128E-15
      5927.13  6.090935E-15
      5929.44  5.858835E-15
      5931.74  5.803188E-15
      5934.04  5.865316E-15
      5936.35  5.603986E-15
      5938.65  5.492766E-15
      5940.95  5.562259E-15
      5943.26  5.485933E-15
      5945.56  5.365053E-15
      5947.86  5.367824E-15
      5950.17  5.122614E-15
      5952.47  5.074765E-15
      5954.77  5.214163E-15
      5957.07  5.085467E-15
      5959.38  4.951116E-15
      5961.68  4.973820E-15
      5963.98  4.886581E-15
      5966.29  4.971039E-15
      5968.59  4.965213E-15
      5970.89  4.968259E-15
      5973.20  4.864594E-15
      5975.50  4.866079E-15
      5977.80  4.932951E-15
      5980.11  4.914665E-15
      5982.41  4.891923E-15
      5984.71  5.054501E-15
      5987.02  4.976181E-15
      5989.32  4.947113E-15
      5991.62  4.965447E-15
      5993.93  4.955954E-15
      5996.23  4.881164E-15
      5998.53  4.786304E-15
      6000.84  4.814905E-15
      6003.14  4.871777E-15
      6005.44  4.816109E-15
      6007.74  4.781020E-15
      6010.05  4.843145E-15
      6012.35  4.775761E-15
      6014.65  4.784133E-15
      6016.96  4.979356E-15
      6019.26  4.835298E-15
      6021.56  4.776754E-15
      6023.87  4.630969E-15
      6026.17  4.637408E-15
      6028.47  4.758785E-15
      6030.78  4.770673E-15
      6033.08  4.803822E-15
      6035.38  4.730328E-15
      6037.69  4.554523E-15
      6039.99  4.494157E-15
      6042.29  4.651918E-15
      6044.60  4.534896E-15
      6046.90  4.661797E-15
      6049.20  4.636443E-15
      6051.50  4.659510E-15
      6053.81  4.509310E-15
      6056.11  4.523871E-15
      6058.41  4.429970E-15
      6060.72  4.404366E-15
      6063.02  4.469543E-15
      6065.32  4.417748E-15
      6067.63  4.497921E-15
      6069.93  4.482058E-15
      6072.23  4.419883E-15
      6074.54  4.509493E-15
      6076.84  4.524584E-15
      6079.14  4.379942E-15
      6081.45  4.392495E-15
      6083.75  4.363106E-15
      6086.05  4.397391E-15
      6088.36  4.479320E-15
      6090.66  4.557837E-15
      6092.96  4.392874E-15
      6095.27  4.450742E-15
      6097.57  4.608124E-15
      6099.87  4.511087E-15
      6102.17  4.204989E-15
      6104.48  4.272595E-15
      6106.78  4.212262E-15
      6109.08  4.115383E-15
      6111.39  3.907128E-15
      6113.69  4.016031E-15
      6115.99  3.821920E-15
      6118.30  3.634077E-15
      6120.60  3.586537E-15
      6122.90  3.713109E-15
      6125.21  3.825269E-15
      6127.51  4.017523E-15
      6129.81  3.946800E-15
      6132.12  4.094035E-15
      6134.42  4.363851E-15
      6136.72  4.516988E-15
      6139.03  4.631477E-15
      6141.33  4.871309E-15
      6143.63  4.941319E-15
      6145.94  4.999116E-15
      6148.24  5.202318E-15
      6150.54  5.174512E-15
      6152.84  5.224568E-15
      6155.15  5.431860E-15
      6157.45  5.299504E-15
      6159.75  5.205501E-15
      6162.06  5.422407E-15
      6164.36  5.367053E-15
      6166.66  5.245194E-15
      6168.97  5.165825E-15
      6171.27  5.046530E-15
      6173.57  4.988068E-15
      6175.88  4.866372E-15
      6178.18  4.828376E-15
      6180.48  4.729661E-15
      6182.79  4.668734E-15
      6185.09  4.667842E-15
      6187.39  4.608444E-15
      6189.70  4.550223E-15
      6192.00  4.414492E-15
      6194.30  4.325498E-15
      6196.60  4.305058E-15
      6198.91  4.315117E-15
      6201.21  4.190158E-15
      6203.51  4.180951E-15
      6205.82  4.058306E-15
      6208.12  4.130496E-15
      6210.42  4.098313E-15
      6212.73  3.983654E-15
      6215.03  4.148562E-15
      6217.33  4.244895E-15
      6219.64  4.060241E-15
      6221.94  3.936050E-15
      6224.24  3.982478E-15
      6226.55  4.096145E-15
      6228.85  4.227501E-15
      6231.15  4.158610E-15
      6233.46  4.131806E-15
      6235.76  4.373763E-15
      6238.06  4.535548E-15
      6240.37  4.399455E-15
      6242.67  4.470440E-15
      6244.97  4.648610E-15
      6247.27  4.594526E-15
      6249.58  4.722911E-15
      6251.88  4.836155E-15
      6254.18  4.758995E-15
      6256.49  4.830145E-15
      6258.79  4.894685E-15
      6261.09  4.764565E-15
      6263.40  4.698045E-15
      6265.70  4.770797E-15
      6268.00  4.722418E-15
      6270.31  4.547740E-15
      6272.61  4.518587E-15
      6274.91  4.427174E-15
      6277.22  4.394687E-15
      6279.52  4.347195E-15
      6281.82  4.376082E-15
      6284.13  4.522841E-15
      6286.43  4.414861E-15
      6288.73  4.317047E-15
      6291.04  4.280971E-15
      6293.34  4.405375E-15
      6295.64  4.531245E-15
      6297.94  4.489591E-15
      6300.25  4.327789E-15
      6302.55  4.391344E-15
      6304.85  4.622057E-15
      6307.16  4.518082E-15
      6309.46  4.435449E-15
      6311.76  4.500553E-15
      6314.07  4.386035E-15
      6316.37  4.419026E-15
      6318.67  4.400086E-15
      6320.98  4.390335E-15
      6323.28  4.346747E-15
      6325.58  4.316200E-15
      6327.89  4.370679E-15
      6330.19  4.357604E-15
      6332.49  4.274983E-15
      6334.80  4.295165E-15
      6337.10  4.318057E-15
      6339.40  4.253726E-15
      6341.70  4.243631E-15
      6344.01  4.177481E-15
      6346.31  4.162427E-15
      6348.61  4.317235E-15
      6350.92  4.259710E-15
      6353.22  4.150966E-15
      6355.52  4.192664E-15
      6357.83  4.131405E-15
      6360.13  4.199990E-15
      6362.43  4.276685E-15
      6364.74  4.167536E-15
      6367.04  4.140349E-15
      6369.34  4.220268E-15
      6371.65  4.158513E-15
      6373.95  4.129423E-15
      6376.25  4.179969E-15
      6378.56  4.107683E-15
      6380.86  4.086942E-15
      6383.16  4.054988E-15
      6385.47  3.945542E-15
      6387.77  3.893333E-15
      6390.07  3.817228E-15
      6392.37  3.746464E-15
      6394.68  3.720356E-15
      6396.98  3.740256E-15
      6399.28  3.600726E-15
      6401.59  3.386538E-15
      6403.89  3.267796E-15
      6406.19  3.119744E-15
      6408.50  3.042444E-15
      6410.80  2.893332E-15
      6413.10  2.847423E-15
      6415.41  2.788693E-15
      6417.71  2.670390E-15
      6420.01  2.584840E-15
      6422.32  2.589482E-15
      6424.62  2.442148E-15
      6426.92  2.265384E-15
      6429.23  2.213919E-15
      6431.53  2.221828E-15
      6433.83  2.137473E-15
      6436.13  2.096922E-15
      6438.44  2.010874E-15
      6440.74  1.878233E-15
      6443.04  1.769393E-15
      6445.35  1.781403E-15
      6447.65  1.784104E-15
      6449.95  1.730848E-15
      6452.26  1.646362E-15
      6454.56  1.559620E-15
      6456.86  1.528300E-15
      6459.17  1.566586E-15
      6461.47  1.590739E-15
      6463.77  1.470585E-15
      6466.08  1.346917E-15
      6468.38  1.489629E-15
      6470.68  1.492334E-15
      6472.99  1.466234E-15
      6475.29  1.473293E-15
      6477.59  1.512689E-15
      6479.90  1.707730E-15
      6482.20  1.788843E-15
      6484.50  1.725720E-15
      6486.80  1.870559E-15
      6489.11  2.018699E-15
      6491.41  2.178664E-15
      6493.71  2.374849E-15
      6496.02  2.573714E-15
      6498.32  2.708245E-15
      6500.62  2.914376E-15
      6502.93  3.225169E-15
      6505.23  3.536073E-15
      6507.53  3.952996E-15
      6509.84  4.197761E-15
      6512.14  4.635719E-15
      6514.44  5.208519E-15
      6516.75  5.518563E-15
      6519.05  5.983284E-15
      6521.35  6.516825E-15
      6523.66  6.904548E-15
      6525.96  7.365477E-15
      6528.26  7.796044E-15
      6530.57  8.299278E-15
      6532.87  8.733667E-15
      6535.17  9.155408E-15
      6537.47  9.702338E-15
      6539.78  1.015476E-14
      6542.08  1.076249E-14
      6544.38  1.119325E-14
      6546.69  1.172210E-14
      6548.99  1.220303E-14
      6551.29  1.272285E-14
      6553.60  1.320204E-14
      6555.90  1.346916E-14
      6558.20  1.387289E-14
      6560.51  1.419600E-14
      6562.81  1.426336E-14
      6565.11  1.446647E-14
      6567.42  1.444688E-14
      6569.72  1.435801E-14
      6572.02  1.428226E-14
      6574.33  1.420687E-14
      6576.63  1.405472E-14
      6578.93  1.395382E-14
      6581.23  1.377619E-14
      6583.54  1.361135E-14
      6585.84  1.345922E-14
      6588.14  1.306446E-14
      6590.45  1.278408E-14
      6592.75  1.245807E-14
      6595.05  1.235451E-14
      6597.36  1.209985E-14
      6599.66  1.190983E-14
      6601.96  1.163011E-14
      6604.27  1.134596E-14
      6606.57  1.098532E-14
      6608.87  1.056955E-14
      6611.18  1.020939E-14
      6613.48  9.864705E-15
      6615.78  9.709401E-15
      6618.09  9.545334E-15
      6620.39  9.161946E-15
      6622.69  8.865325E-15
      6625.00  8.510503E-15
      6627.30  8.362333E-15
      6629.60  8.066982E-15
      6631.90  7.775654E-15
      6634.21  7.512747E-15
      6636.51  7.317369E-15
      6638.81  7.183237E-15
      6641.12  7.026090E-15
      6643.42  6.779358E-15
      6645.72  6.535280E-15
      6648.03  6.371344E-15
      6650.33  6.175880E-15
      6652.63  5.985206E-15
      6654.94  5.978819E-15
      6657.24  5.906417E-15
      6659.54  5.566845E-15
      6661.85  5.518145E-15
      6664.15  5.483636E-15
      6666.45  5.396809E-15
      6668.76  5.292534E-15
      6671.06  5.181933E-15
      6673.36  5.203818E-15
      6675.67  5.184055E-15
      6677.97  5.090764E-15
      6680.27  5.007058E-15
      6682.57  4.848607E-15
      6684.88  4.802509E-15
      6687.18  4.630420E-15
      6689.48  4.614000E-15
      6691.79  4.610406E-15
      6694.09  4.576970E-15
      6696.39  4.696281E-15
      6698.70  4.534767E-15
      6701.00  4.399944E-15
      6703.30  4.445339E-15
      6705.61  4.374397E-15
      6707.91  4.369979E-15
      6710.21  4.343563E-15
      6712.52  4.246752E-15
      6714.82  4.237613E-15
      6717.12  4.254614E-15
      6719.43  4.087243E-15
      6721.73  4.100783E-15
      6724.03  4.088941E-15
      6726.33  4.077952E-15
      6728.64  4.115730E-15
      6730.94  4.089881E-15
      6733.24  4.060609E-15
      6735.55  4.062732E-15
      6737.85  4.049290E-15
      6740.15  4.003240E-15
      6742.46  3.964094E-15
      6744.76  3.973219E-15
      6747.06  3.933261E-15
      6749.37  3.854713E-15
      6751.67  3.828680E-15
      6753.97  3.821831E-15
      6756.28  3.772794E-15
      6758.58  3.728030E-15
      6760.88  3.660297E-15
      6763.19  3.728559E-15
      6765.49  3.741654E-15
      6767.79  3.632221E-15
      6770.10  3.585356E-15
      6772.40  3.645903E-15
      6774.70  3.706984E-15
      6777.00  3.687355E-15
      6779.31  3.684272E-15
      6781.61  3.674768E-15
      6783.91  3.596862E-15
      6786.22  3.576041E-15
      6788.52  3.596706E-15
      6790.82  3.552178E-15
      6793.13  3.558891E-15
      6795.43  3.587258E-15
      6797.73  3.622375E-15
      6800.04  3.662174E-15
      6802.34  3.637192E-15
      6804.64  3.564658E-15
      6806.95  3.554360E-15
      6809.25  3.504429E-15
      6811.55  3.556051E-15
      6813.86  3.546219E-15
      6816.16  3.451950E-15
      6818.46  3.452832E-15
      6820.77  3.559141E-15
      6823.07  3.619127E-15
      6825.37  3.554981E-15
      6827.67  3.535272E-15
      6829.98  3.567600E-15
      6832.28  3.505652E-15
      6834.58  3.515771E-15
      6836.89  3.553853E-15
      6839.19  3.555010E-15
      6841.49  3.658820E-15
      6843.80  3.573229E-15
      6846.10  3.591277E-15
      6848.40  3.654084E-15
      6850.71  3.626661E-15
      6853.01  3.531256E-15
      6855.31  3.509054E-15
      6857.62  3.574048E-15
      6859.92  3.394331E-15
      6862.22  3.243222E-15
      6864.53  3.032727E-15
      6866.83  2.661005E-15
      6869.13  2.497924E-15
      6871.43  2.504711E-15
      6873.74  2.679996E-15
      6876.04  2.956798E-15
      6878.34  3.087537E-15
      6880.65  3.142011E-15
      6882.95  3.129095E-15
      6885.25  3.031622E-15
      6887.56  2.937139E-15
      6889.86  2.877228E-15
      6892.16  3.028251E-15
      6894.47  2.996194E-15
      6896.77  2.965285E-15
      6899.07  3.093168E-15
      6901.38  3.151814E-15
      6903.68  3.242098E-15
      6905.98  3.242260E-15
      6908.29  3.232466E-15
      6910.59  3.339295E-15
      6912.89  3.281624E-15
      6915.20  3.163102E-15
      6917.50  3.201539E-15
      6919.80  3.310594E-15
      6922.10  3.337542E-15
      6924.41  3.312598E-15
      6926.71  3.317545E-15
      6929.01  3.245513E-15
      6931.32  3.122161E-15
      6933.62  3.081714E-15
      6935.92  3.087778E-15
      6938.23  3.171947E-15
      6940.53  3.240642E-15
      6942.83  3.284732E-15
      6945.14  3.199133E-15
      6947.44  3.256812E-15
      6949.74  3.273778E-15
      6952.05  3.260220E-15
      6954.35  3.246770E-15
      6956.65  3.257379E-15
      6958.96  3.244195E-15
      6961.26  3.268881E-15
      6963.56  3.193145E-15
      6965.86  3.232188E-15
      6968.17  3.294250E-15
      6970.47  3.254389E-15
      6972.77  3.219331E-15
      6975.08  3.227838E-15
      6977.38  3.279363E-15
      6979.68  3.249729E-15
      6981.99  3.225584E-15
      6984.29  3.248487E-15
      6986.59  3.310482E-15
      6988.90  3.222399E-15
      6991.20  3.211121E-15
      6993.50  3.228796E-15
      6995.81  3.233068E-15
      6998.11  3.294532E-15
      7000.41  3.273400E-15
      7002.72  3.173136E-15
      7005.02  3.184930E-15
      7007.32  3.150901E-15
      7009.63  3.304051E-15
      7011.93  3.250499E-15
      7014.23  3.285889E-15
      7016.53  3.144355E-15
      7018.84  3.214642E-15
      7021.14  3.253867E-15
      7023.44  3.266287E-15
      7025.75  3.201033E-15
      7028.05  3.152233E-15
      7030.35  3.255079E-15
      7032.66  3.362660E-15
      7034.96  3.258611E-15
      7037.26  3.270805E-15
      7039.57  3.275740E-15
      7041.87  3.330312E-15
      7044.17  3.359903E-15
      7046.48  3.363867E-15
      7048.78  3.289970E-15
      7051.08  3.197143E-15
      7053.39  3.281977E-15
      7055.69  3.227610E-15
      7057.99  3.297432E-15
      7060.30  3.251396E-15
      7062.60  3.226601E-15
      7064.90  3.316558E-15
      7067.20  3.331545E-15
      7069.51  3.420995E-15
      7071.81  3.385159E-15
      7074.11  3.163278E-15
      7076.42  3.198516E-15
      7078.72  3.173897E-15
      7081.02  3.207669E-15
      7083.33  3.229191E-15
      7085.63  3.235809E-15
      7087.93  3.230885E-15
      7090.24  3.199802E-15
      7092.54  3.200370E-15
      7094.84  3.146625E-15
      7097.15  3.177768E-15
      7099.45  3.187377E-15
      7101.75  3.281462E-15
      7104.06  3.213583E-15
      7106.36  3.272616E-15
      7108.66  3.303348E-15
      7110.96  3.109801E-15
      7113.27  3.211344E-15
      7115.57  3.262999E-15
      7117.87  3.140165E-15
      7120.18  3.076897E-15
      7122.48  3.086004E-15
      7124.78  3.124800E-15
      7127.09  3.098348E-15
      7129.39  3.133112E-15
      7131.69  3.072896E-15
      7134.00  3.047199E-15
      7136.30  3.230879E-15
      7138.60  3.239107E-15
      7140.91  3.158184E-15
      7143.21  3.234375E-15
      7145.51  3.268973E-15
      7147.82  3.230422E-15
      7150.12  3.364749E-15
      7152.42  3.398945E-15
      7154.73  3.320480E-15
      7157.03  3.203828E-15
      7159.33  3.169947E-15
      7161.63  3.039688E-15
      7163.94  2.881614E-15
      7166.24  2.806643E-15
      7168.54  2.728920E-15
      7170.85  2.616460E-15
      7173.15  2.644228E-15
      7175.45  2.789729E-15
      7177.76  2.870312E-15
      7180.06  2.830274E-15
      7182.36  2.853260E-15
      7184.67  2.880746E-15
      7186.97  2.873037E-15
      7189.27  2.886796E-15
      7191.58  2.869136E-15
      7193.88  2.856625E-15
      7196.18  2.829903E-15
      7198.49  2.804132E-15
      7200.79  2.730774E-15
      7203.09  2.774612E-15
      7205.40  2.954112E-15
      7207.70  3.059275E-15
      7210.00  3.190840E-15
      7212.30  3.346825E-15
      7214.61  3.431948E-15
      7216.91  3.480031E-15
      7219.21  3.436754E-15
      7221.52  3.362603E-15
      7223.82  3.381804E-15
      7226.12  3.301180E-15
      7228.43  3.278849E-15
      7230.73  3.283147E-15
      7233.03  3.285285E-15
      7235.34  3.390166E-15
      7237.64  3.299000E-15
      7239.94  3.181366E-15
      7242.25  3.130868E-15
      7244.55  3.107315E-15
      7246.85  3.081604E-15
      7249.16  3.131663E-15
      7251.46  3.170028E-15
      7253.76  3.076588E-15
      7256.06  3.121418E-15
      7258.37  3.063726E-15
      7260.67  3.084652E-15
      7262.97  3.175699E-15
      7265.28  3.240158E-15
      7267.58  3.309996E-15
      7269.88  3.399072E-15
      7272.19  3.305458E-15
      7274.49  3.228282E-15
      7276.79  3.374175E-15
      7279.10  3.406296E-15
      7281.40  3.356500E-15
      7283.70  3.306298E-15
      7286.01  3.189474E-15
      7288.31  3.279931E-15
      7290.61  3.228232E-15
      7292.92  3.322307E-15
      7295.22  3.401756E-15
      7297.52  3.350792E-15
      7299.83  3.375760E-15
      7302.13  3.319862E-15
      7304.43  3.484274E-15
      7306.73  3.400738E-15
      7309.04  3.461186E-15
      7311.34  3.478329E-15
      7313.64  3.545120E-15
      7315.95  3.484249E-15
      7318.25  3.555711E-15
      7320.55  3.604393E-15
      7322.86  3.569327E-15
      7325.16  3.444837E-15
      7327.46  3.534318E-15
      7329.77  3.471156E-15
      7332.07  3.552480E-15
      7334.37  3.506238E-15
      7336.68  3.479916E-15
      7338.98  3.475998E-15
      7341.28  3.506287E-15
      7343.59  3.453565E-15
      7345.89  3.443270E-15
      7348.19  3.476409E-15
      7350.50  3.423536E-15
      7352.80  3.475108E-15
      7355.10  3.398576E-15
      7357.40  3.341320E-15
      7359.71  3.262933E-15
      7362.01  3.272070E-15
      7364.31  3.356571E-15
      7366.62  3.140027E-15
      7368.92  3.132234E-15
      7371.22  3.250205E-15
      7373.53  3.265084E-15
      7375.83  3.133447E-15
      7378.13  3.124561E-15
      7380.44  3.022708E-15
      7382.74  3.069952E-15
      7385.04  3.037462E-15
      7387.35  3.145545E-15
      7389.65  3.183044E-15
      7391.95  3.198425E-15
      7394.26  3.186654E-15
      7396.56  3.147162E-15
      7398.86  3.109867E-15
      7401.16  3.004595E-15
      7403.47  2.931151E-15
      7405.77  2.840471E-15
      7408.07  2.873278E-15
      7410.38  2.897914E-15
      7412.68  2.941330E-15
      7414.98  3.042932E-15
      7417.29  3.072816E-15
      7419.59  3.116538E-15
      7421.89  3.078952E-15
      7424.20  3.058375E-15
      7426.50  3.041722E-15
      7428.80  2.990914E-15
      7431.11  3.076215E-15
      7433.41  3.001569E-15
      7435.71  2.749485E-15
      7438.02  2.823950E-15
      7440.32  2.926560E-15
      7442.62  2.903899E-15
      7444.93  2.981881E-15
      7447.23  3.114187E-15
      7449.53  3.156348E-15
      7451.83  3.084461E-15
      7454.14  3.155423E-15
      7456.44  3.165317E-15
      7458.74  3.257643E-15
      7461.05  3.376641E-15
      7463.35  3.225004E-15
      7465.65  3.098669E-15
      7467.96  3.079794E-15
      7470.26  3.003413E-15
      7472.56  3.081627E-15
      7474.87  3.051458E-15
      7477.17  3.122636E-15
      7479.47  3.158880E-15
      7481.78  3.080240E-15
      7484.08  3.129109E-15
      7486.38  3.020846E-15
      7488.69  3.093406E-15
      7490.99  2.999098E-15
      7493.29  2.919903E-15
      7495.59  2.874277E-15
      7497.90  2.749892E-15
      7500.20  2.846653E-15
      7502.50  2.876046E-15
      7504.81  3.082827E-15
      7507.11  3.141951E-15
      7509.41  3.168122E-15
      7511.72  3.217572E-15
      7514.02  3.094952E-15
      7516.32  2.961228E-15
      7518.63  2.846452E-15
      7520.93  2.831865E-15
      7523.23  2.802304E-15
      7525.54  2.737721E-15
      7527.84  2.750325E-15
      7530.14  2.929674E-15
      7532.45  2.984150E-15
      7534.75  3.036837E-15
      7537.05  3.074396E-15
      7539.36  2.929206E-15
      7541.66  2.896957E-15
      7543.96  2.892983E-15
      7546.26  2.877226E-15
      7548.57  2.800667E-15
      7550.87  2.708691E-15
      7553.17  2.763539E-15
      7555.48  2.760640E-15
      7557.78  2.725282E-15
      7560.08  2.668443E-15
      7562.39  2.711621E-15
      7564.69  2.660385E-15
      7566.99  2.426425E-15
      7569.30  2.472217E-15
      7571.60  2.644446E-15
      7573.90  2.678875E-15
      7576.21  2.625752E-15
      7578.51  2.551110E-15
      7580.81  2.534066E-15
      7583.12  2.566309E-15
      7585.42  2.604893E-15
      7587.72  2.523186E-15
      7590.03  2.283184E-15
      7592.33  1.842834E-15
      7594.63  1.353077E-15
      7596.93  9.531493E-16
      7599.24  6.806061E-16
      7601.54  6.023558E-16
      7603.84  5.533488E-16
      7606.15  5.653060E-16
      7608.45  5.922469E-16
      7610.75  8.013537E-16
      7613.06  1.088783E-15
      7615.36  1.334003E-15
      7617.66  1.473055E-15
      7619.97  1.464428E-15
      7622.27  1.399232E-15
      7624.57  1.211939E-15
      7626.88  1.125935E-15
      7629.18  1.164240E-15
      7631.48  1.181098E-15
      7633.79  1.206129E-15
      7636.09  1.245552E-15
      7638.39  1.350675E-15
      7640.69  1.344249E-15
      7643.00  1.401850E-15
      7645.30  1.510152E-15
      7647.60  1.630441E-15
      7649.91  1.763356E-15
      7652.21  1.854595E-15
      7654.51  1.927934E-15
      7656.82  1.942383E-15
      7659.12  2.097337E-15
      7661.42  2.161180E-15
      7663.73  2.214820E-15
      7666.03  2.288458E-15
      7668.33  2.395858E-15
      7670.64  2.355422E-15
      7672.94  2.362983E-15
      7675.24  2.552367E-15
      7677.55  2.538440E-15
      7679.85  2.530904E-15
      7682.15  2.598691E-15
      7684.46  2.451707E-15
      7686.76  2.501943E-15
      7689.06  2.671553E-15
      7691.36  2.599488E-15
      7693.67  2.533060E-15
      7695.97  2.543732E-15
      7698.27  2.554496E-15
      7700.58  2.483832E-15
      7702.88  2.342988E-15
      7705.18  2.373580E-15
      7707.49  2.264182E-15
      7709.79  2.108799E-15
      7712.09  2.167919E-15
      7714.40  2.109883E-15
      7716.70  2.100521E-15
      7719.00  2.143455E-15
      7721.31  2.108914E-15
      7723.61  2.080130E-15
      7725.91  2.004844E-15
      7728.22  1.949501E-15
      7730.52  2.051011E-15
      7732.82  2.060889E-15
      7735.13  2.139058E-15
      7737.43  2.329702E-15
      7739.73  2.323021E-15
      7742.03  2.373639E-15
      7744.34  2.489589E-15
      7746.64  2.487604E-15
      7748.94  2.461031E-15
      7751.25  2.354711E-15
      7753.55  2.398566E-15
      7755.85  2.446886E-15
      7758.16  2.339227E-15
      7760.46  2.372304E-15
      7762.76  2.291232E-15
      7765.07  2.417594E-15
      7767.37  2.508136E-15
      7769.67  2.525761E-15
      7771.98  2.551948E-15
      7774.28  2.715964E-15
      7776.58  2.771193E-15
      7778.89  2.832274E-15
      7781.19  2.789016E-15
      7783.49  2.770287E-15
      7785.79  2.783201E-15
      7788.10  2.771727E-15
      7790.40  2.732808E-15
      7792.70  2.653336E-15
      7795.01  2.658758E-15
      7797.31  2.705670E-15
      7799.61  2.579331E-15
      7801.92  2.562421E-15
      7804.22  2.531871E-15
      7806.52  2.494290E-15
      7808.83  2.498569E-15
      7811.13  2.436282E-15
      7813.43  2.343088E-15
      7815.74  2.451531E-15
      7818.04  2.669442E-15
      7820.34  2.764343E-15
      7822.65  2.818761E-15
      7824.95  2.794745E-15
      7827.25  2.816208E-15
      7829.56  2.853095E-15
      7831.86  2.789164E-15
      7834.16  2.738972E-15
      7836.46  2.613488E-15
      7838.77  2.529190E-15
      7841.07  2.442549E-15
      7843.37  2.379468E-15
      7845.68  2.337946E-15
      7847.98  2.234960E-15
      7850.28  2.217348E-15
      7852.59  2.249549E-15
      7854.89  2.126020E-15
      7857.19  2.296631E-15
      7859.50  2.436988E-15
      7861.80  2.592146E-15
      7864.10  2.684015E-15
      7866.41  2.730477E-15
      7868.71  2.769641E-15
      7871.01  2.828147E-15
      7873.32  2.680993E-15
      7875.62  2.465060E-15
      7877.92  2.397286E-15
      7880.23  2.357497E-15
      7882.53  2.205630E-15
      7884.83  1.971352E-15
      7887.13  1.925468E-15
      7889.44  2.023926E-15
      7891.74  2.025414E-15
      7894.04  2.116982E-15
      7896.35  2.128788E-15
      7898.65  2.275328E-15
      7900.95  2.303570E-15
      7903.26  2.134285E-15
      7905.56  1.999640E-15
      7907.86  1.901107E-15
      7910.17  1.788820E-15
      7912.47  2.090304E-15
      7914.77  2.525228E-15
      7917.08  2.730786E-15
      7919.38  2.775775E-15
      7921.68  2.516687E-15
      7923.99  2.155752E-15
      7926.29  2.127377E-15
      7928.59  2.236025E-15
      7930.89  2.165962E-15
      7933.20  2.123084E-15
      7935.50  2.255777E-15
      7937.80  2.346542E-15
      7940.11  2.453679E-15
      7942.41  2.540580E-15
      7944.71  2.443149E-15
      7947.02  2.636938E-15
      7949.32  2.756515E-15
      7951.62  2.496047E-15
      7953.93  2.600159E-15
      7956.23  2.626165E-15
      7958.53  2.722473E-15
      7960.84  2.768515E-15
      7963.14  2.759100E-15
      7965.44  2.582766E-15
      7967.75  2.541960E-15
      7970.05  2.395352E-15
      7972.35  2.291370E-15
      7974.66  2.280955E-15
      7976.96  2.366964E-15
      7979.26  2.260478E-15
      7981.56  2.374361E-15
      7983.87  2.571667E-15
      7986.17  2.670982E-15
      7988.47  2.890037E-15
      7990.78  2.810272E-15
      7993.08  2.647829E-15
      7995.38  2.577928E-15
      7997.69  2.536980E-15
      7999.99  2.447234E-15
      8002.29  2.399514E-15
      8004.60  2.260374E-15
      8006.90  2.301656E-15
      8009.20  2.228948E-15
      8011.51  2.161768E-15
      8013.81  2.157873E-15
      8016.11  2.225663E-15
      8018.42  2.100507E-15
      8020.72  2.243449E-15
      8023.02  2.275294E-15
      8025.32  2.247469E-15
      8027.63  2.428424E-15
      8029.93  2.497414E-15
      8032.23  2.556622E-15
      8034.54  2.461461E-15
      8036.84  2.410730E-15
      8039.14  2.501387E-15
      8041.45  2.476265E-15
      8043.75  2.420150E-15
      8046.05  2.466558E-15
      8048.36  2.445552E-15
      8050.66  2.370142E-15
      8052.96  2.117502E-15
      8055.27  2.127588E-15
      8057.57  2.110747E-15
      8059.87  2.060613E-15
      8062.18  2.303008E-15
      8064.48  2.384157E-15
      8066.78  2.568252E-15
      8069.09  2.574580E-15
      8071.39  2.528417E-15
      8073.69  2.631659E-15
      8075.99  2.524828E-15
      8078.30  2.272665E-15
      8080.60  2.148719E-15
      8082.90  2.087596E-15
      8085.21  2.180159E-15
      8087.51  2.204486E-15
      8089.81  2.217613E-15
      8092.12  2.231668E-15
      8094.42  2.207307E-15
      8096.72  2.123637E-15
      8099.03  2.186416E-15
      8101.33  2.399267E-15
      8103.63  2.465898E-15
      8105.94  2.326879E-15
      8108.24  2.241425E-15
      8110.54  2.172113E-15
      8112.85  2.125488E-15
      8115.15  2.137178E-15
      8117.45  2.131220E-15
      8119.76  2.214884E-15
      8122.06  2.213285E-15
      8124.36  2.078290E-15
      8126.66  2.083601E-15
      8128.97  2.136212E-15
      8131.27  2.156458E-15
      8133.57  2.151739E-15
      8135.88  2.170787E-15
