      3323.04  1.047721E-15
      3325.35  1.538153E-15
      3327.65  1.389846E-15
      3329.96  7.213405E-16
      3332.26  6.906098E-16
      3334.56  5.056070E-16
      3336.87  1.197465E-16
      3339.17  4.710689E-16
      3341.48  1.072822E-15
      3343.78  7.205454E-16
      3346.09  1.100990E-15
      3348.39  1.517673E-15
      3350.70  8.704734E-16
      3353.00  6.247648E-16
      3355.30  6.457090E-16
      3357.61  5.612090E-16
      3359.91  3.730940E-16
      3362.22  6.812742E-16
      3364.52  2.062049E-15
      3366.83  1.719822E-15
      3369.13  6.645452E-16
      3371.43  1.377042E-15
      3373.74  1.129489E-15
      3376.04  1.156383E-15
      3378.35  1.456251E-15
      3380.65  9.065796E-16
      3382.96  7.337707E-16
      3385.26  8.775153E-16
      3387.56  6.755627E-16
      3389.87  1.036620E-15
      3392.17  1.127843E-15
      3394.48  8.701904E-16
      3396.78  5.771715E-16
      3399.09  3.763290E-16
      3401.39  4.126409E-16
      3403.69  4.085438E-16
      3406.00  6.843288E-16
      3408.30  9.372837E-16
      3410.61  8.415327E-16
      3412.91  7.413746E-16
      3415.22  6.480075E-16
      3417.52  7.007489E-16
      3419.83  6.943979E-16
      3422.13  6.448065E-16
      3424.43  9.128784E-16
      3426.74  4.869157E-16
      3429.04  4.215736E-16
      3431.35  8.302424E-16
      3433.65  7.108998E-16
      3435.96  5.750914E-16
      3438.26  4.339843E-16
      3440.56  8.513818E-16
      3442.87  9.291815E-16
      3445.17  5.164879E-16
      3447.48  6.445002E-16
      3449.78  1.116927E-15
      3452.09  1.145553E-15
      3454.39  9.555021E-16
      3456.69  7.295487E-16
      3459.00  6.929167E-16
      3461.30  8.422449E-16
      3463.61  7.624654E-16
      3465.91  5.053219E-16
      3468.22  6.962187E-16
      3470.52  8.991776E-16
      3472.82  5.219358E-16
      3475.13  5.155414E-16
      3477.43  7.232938E-16
      3479.74  1.170419E-15
      3482.04  1.114337E-15
      3484.35  7.943799E-16
      3486.65  7.451378E-16
      3488.96  6.329606E-16
      3491.26  6.594770E-16
      3493.56  8.134957E-16
      3495.87  9.484351E-16
      3498.17  7.977282E-16
      3500.48  7.637887E-16
      3502.78  7.519528E-16
      3505.09  8.900635E-16
      3507.39  1.122981E-15
      3509.69  8.494131E-16
      3512.00  6.966574E-16
      3514.30  9.200186E-16
      3516.61  9.372127E-16
      3518.91  8.422931E-16
      3521.22  6.528023E-16
      3523.52  6.109540E-16
      3525.82  5.973976E-16
      3528.13  5.981880E-16
      3530.43  5.347519E-16
      3532.74  5.483772E-16
      3535.04  7.851470E-16
      3537.35  6.172910E-16
      3539.65  4.526816E-16
      3541.95  8.185790E-16
      3544.26  7.758650E-16
      3546.56  5.536625E-16
      3548.87  5.673618E-16
      3551.17  5.486949E-16
      3553.48  7.401532E-16
      3555.78  6.689893E-16
      3558.09  4.832808E-16
      3560.39  4.481157E-16
      3562.69  5.746178E-16
      3565.00  7.019586E-16
      3567.30  4.988160E-16
      3569.61  4.686398E-16
      3571.91  6.103697E-16
      3574.22  6.338335E-16
      3576.52  7.222664E-16
      3578.82  8.177511E-16
      3581.13  7.545200E-16
      3583.43  6.995512E-16
      3585.74  6.590303E-16
      3588.04  6.175598E-16
      3590.35  7.238096E-16
      3592.65  7.240951E-16
      3594.95  7.060505E-16
      3597.26  7.472380E-16
      3599.56  7.384760E-16
      3601.87  7.302088E-16
      3604.17  6.976935E-16
      3606.48  8.124462E-16
      3608.78  8.022344E-16
      3611.08  6.901957E-16
      3613.39  7.401962E-16
      3615.69  8.541519E-16
      3618.00  8.723196E-16
      3620.30  6.523873E-16
      3622.61  6.595413E-16
      3624.91  7.715147E-16
      3627.22  7.141494E-16
      3629.52  7.724998E-16
      3631.82  7.032042E-16
      3634.13  6.828990E-16
      3636.43  7.395300E-16
      3638.74  6.526210E-16
      3641.04  5.092964E-16
      3643.35  6.382760E-16
      3645.65  9.612592E-16
      3647.95  8.368746E-16
      3650.26  5.093646E-16
      3652.56  8.365636E-16
      3654.87  1.418870E-15
      3657.17  1.034476E-15
      3659.48  7.072491E-16
      3661.78  8.052546E-16
      3664.08  7.445357E-16
      3666.39  8.391374E-16
      3668.69  8.822367E-16
      3671.00  8.739842E-16
      3673.30  6.392622E-16
      3675.61  6.017289E-16
      3677.91  7.480169E-16
      3680.21  7.452986E-16
      3682.52  5.359709E-16
      3684.82  5.541697E-16
      3687.13  6.763064E-16
      3689.43  6.811724E-16
      3691.74  4.831556E-16
      3694.04  3.820975E-16
      3696.35  7.323977E-16
      3698.65  7.918623E-16
      3700.95  4.519615E-16
      3703.26  4.636690E-16
      3705.56  6.123692E-16
      3707.87  6.288879E-16
      3710.17  6.578778E-16
      3712.48  6.356051E-16
      3714.78  6.346558E-16
      3717.08  6.484650E-16
      3719.39  5.727330E-16
      3721.69  6.757596E-16
      3724.00  7.269818E-16
      3726.30  7.486532E-16
      3728.61  9.765018E-16
      3730.91  1.214969E-15
      3733.21  1.472373E-15
      3735.52  1.850313E-15
      3737.82  2.346046E-15
      3740.13  2.036720E-15
      3742.43  1.533018E-15
      3744.74  1.344047E-15
      3747.04  1.185958E-15
      3749.34  1.191148E-15
      3751.65  1.106738E-15
      3753.95  1.186423E-15
      3756.26  1.286015E-15
      3758.56  1.304011E-15
      3760.87  1.281865E-15
      3763.17  1.214025E-15
      3765.48  1.109196E-15
      3767.78  1.182332E-15
      3770.08  1.275905E-15
      3772.39  1.137925E-15
      3774.69  1.019581E-15
      3777.00  1.041995E-15
      3779.30  1.093688E-15
      3781.61  1.089225E-15
      3783.91  1.075242E-15
      3786.21  1.029841E-15
      3788.52  1.036044E-15
      3790.82  1.168352E-15
      3793.13  1.094786E-15
      3795.43  8.391309E-16
      3797.74  8.180745E-16
      3800.04  9.743773E-16
      3802.34  1.053471E-15
      3804.65  1.066190E-15
      3806.95  1.155485E-15
      3809.26  1.293827E-15
      3811.56  1.280270E-15
      3813.87  1.271813E-15
      3816.17  1.314128E-15
      3818.47  1.301405E-15
      3820.78  1.345334E-15
      3823.08  1.419224E-15
      3825.39  1.345623E-15
      3827.69  1.398549E-15
      3830.00  1.484348E-15
      3832.30  1.401971E-15
      3834.60  1.403262E-15
      3836.91  1.449255E-15
      3839.21  1.313372E-15
      3841.52  1.163922E-15
      3843.82  1.085129E-15
      3846.13  1.079289E-15
      3848.43  1.082839E-15
      3850.74  1.062699E-15
      3853.04  1.021986E-15
      3855.34  8.504407E-16
      3857.65  7.709737E-16
      3859.95  8.438089E-16
      3862.26  8.971052E-16
      3864.56  8.099897E-16
      3866.87  6.670694E-16
      3869.17  6.742436E-16
      3871.47  7.167433E-16
      3873.78  6.192176E-16
      3876.08  7.704822E-16
      3878.39  9.126596E-16
      3880.69  7.643984E-16
      3883.00  7.229876E-16
      3885.30  8.082141E-16
      3887.60  8.208080E-16
      3889.91  6.660949E-16
      3892.21  6.510055E-16
      3894.52  8.773335E-16
      3896.82  1.010496E-15
      3899.13  8.879695E-16
      3901.43  7.688518E-16
      3903.73  8.595816E-16
      3906.04  1.076887E-15
      3908.34  9.128279E-16
      3910.65  8.681533E-16
      3912.95  1.063440E-15
      3915.26  1.033726E-15
      3917.56  1.047468E-15
      3919.87  1.107223E-15
      3922.17  1.025378E-15
      3924.47  1.046079E-15
      3926.78  1.091465E-15
      3929.08  1.118952E-15
      3931.39  1.444206E-15
      3933.69  1.573871E-15
      3936.00  1.403108E-15
      3938.30  1.528253E-15
      3940.60  1.829573E-15
      3942.91  1.864675E-15
      3945.21  1.967614E-15
      3947.52  2.197562E-15
      3949.82  2.359325E-15
      3952.13  2.379428E-15
      3954.43  2.565602E-15
      3956.73  2.527745E-15
      3959.04  2.548139E-15
      3961.34  2.828833E-15
      3963.65  2.746074E-15
      3965.95  2.743222E-15
      3968.26  2.805308E-15
      3970.56  2.758781E-15
      3972.86  2.872829E-15
      3975.17  2.838254E-15
      3977.47  2.884488E-15
      3979.78  3.106659E-15
      3982.08  2.897352E-15
      3984.39  2.662946E-15
      3986.69  2.708113E-15
      3989.00  2.736282E-15
      3991.30  2.779544E-15
      3993.60  2.816820E-15
      3995.91  2.720123E-15
      3998.21  2.592842E-15
      4000.52  2.705070E-15
      4002.82  2.710255E-15
      4005.13  2.755335E-15
      4007.43  2.833608E-15
      4009.73  2.766679E-15
      4012.04  2.506305E-15
      4014.34  2.327511E-15
      4016.65  2.555848E-15
      4018.95  2.537288E-15
      4021.26  2.567286E-15
      4023.56  2.601508E-15
      4025.86  2.530324E-15
      4028.17  2.644192E-15
      4030.47  2.520404E-15
      4032.78  2.330273E-15
      4035.08  2.161081E-15
      4037.39  1.962355E-15
      4039.69  2.040344E-15
      4041.99  2.133330E-15
      4044.30  2.293447E-15
      4046.60  2.309998E-15
      4048.91  2.231023E-15
      4051.21  2.103225E-15
      4053.52  1.931170E-15
      4055.82  1.800892E-15
      4058.13  1.797810E-15
      4060.43  1.852679E-15
      4062.73  1.773657E-15
      4065.04  1.850782E-15
      4067.34  1.942832E-15
      4069.65  1.952054E-15
      4071.95  2.058287E-15
      4074.26  2.334561E-15
      4076.56  2.561192E-15
      4078.86  2.792001E-15
      4081.17  2.937652E-15
      4083.47  2.931720E-15
      4085.78  2.881486E-15
      4088.08  3.032542E-15
      4090.39  3.417502E-15
      4092.69  3.549560E-15
      4094.99  3.477544E-15
      4097.30  3.625151E-15
      4099.60  3.719914E-15
      4101.91  3.397073E-15
      4104.21  3.387591E-15
      4106.52  3.563971E-15
      4108.82  3.276726E-15
      4111.12  3.026067E-15
      4113.43  3.182887E-15
      4115.73  3.315485E-15
      4118.04  3.127867E-15
      4120.34  3.037602E-15
      4122.65  2.994625E-15
      4124.95  2.904211E-15
      4127.26  2.804020E-15
      4129.56  2.722143E-15
      4131.86  2.602668E-15
      4134.17  2.701910E-15
      4136.47  2.647101E-15
      4138.78  2.638293E-15
      4141.08  2.708918E-15
      4143.39  2.676904E-15
      4145.69  2.688164E-15
      4147.99  2.818644E-15
      4150.30  2.929551E-15
      4152.60  2.743498E-15
      4154.91  2.678449E-15
      4157.21  2.853442E-15
      4159.52  2.928693E-15
      4161.82  3.048349E-15
      4164.12  2.845451E-15
      4166.43  2.679060E-15
      4168.73  2.755310E-15
      4171.04  2.614638E-15
      4173.34  2.527383E-15
      4175.65  2.402901E-15
      4177.95  2.361542E-15
      4180.25  2.415962E-15
      4182.56  2.304753E-15
      4184.86  2.216127E-15
      4187.17  2.315281E-15
      4189.47  2.375867E-15
      4191.78  2.344683E-15
      4194.08  2.195821E-15
      4196.39  2.045705E-15
      4198.69  2.127784E-15
      4200.99  2.230991E-15
      4203.30  2.184845E-15
      4205.60  2.132157E-15
      4207.91  2.289885E-15
      4210.21  2.283395E-15
      4212.52  2.228683E-15
      4214.82  2.500867E-15
      4217.12  2.569677E-15
      4219.43  2.374070E-15
      4221.73  2.338196E-15
      4224.04  2.453153E-15
      4226.34  2.283656E-15
      4228.65  2.124871E-15
      4230.95  2.112446E-15
      4233.25  2.014187E-15
      4235.56  1.968515E-15
      4237.86  1.926845E-15
      4240.17  1.886755E-15
      4242.47  1.746985E-15
      4244.78  1.640328E-15
      4247.08  1.682719E-15
      4249.38  1.753352E-15
      4251.69  1.642912E-15
      4253.99  1.446344E-15
      4256.30  1.521612E-15
      4258.60  1.455193E-15
      4260.91  1.265647E-15
      4263.21  1.246871E-15
      4265.51  1.062014E-15
      4267.82  9.600765E-16
      4270.12  1.046710E-15
      4272.43  1.071885E-15
      4274.73  1.022960E-15
      4277.04  1.081128E-15
      4279.34  1.106739E-15
      4281.65  9.990826E-16
      4283.95  1.110665E-15
      4286.25  1.039322E-15
      4288.56  9.470889E-16
      4290.86  1.144762E-15
      4293.17  1.240251E-15
      4295.47  1.281094E-15
      4297.78  1.198921E-15
      4300.08  1.329887E-15
      4302.38  1.598854E-15
      4304.69  1.659403E-15
      4306.99  1.789199E-15
      4309.30  1.995477E-15
      4311.60  2.097375E-15
      4313.91  2.136108E-15
      4316.21  2.285161E-15
      4318.51  2.327463E-15
      4320.82  2.517388E-15
      4323.12  2.496209E-15
      4325.43  2.407735E-15
      4327.73  2.488272E-15
      4330.04  2.461824E-15
      4332.34  2.384857E-15
      4334.64  2.463409E-15
      4336.95  2.398681E-15
      4339.25  2.353041E-15
      4341.56  2.411921E-15
      4343.86  2.403362E-15
      4346.17  2.275163E-15
      4348.47  2.387786E-15
      4350.78  2.536871E-15
      4353.08  2.297541E-15
      4355.38  2.304043E-15
      4357.69  2.358171E-15
      4359.99  2.565967E-15
      4362.30  2.454331E-15
      4364.60  2.128515E-15
      4366.91  2.146199E-15
      4369.21  2.267061E-15
      4371.51  2.325255E-15
      4373.82  2.429006E-15
      4376.12  2.457561E-15
      4378.43  2.306691E-15
      4380.73  2.421913E-15
      4383.04  2.510685E-15
      4385.34  2.470593E-15
      4387.64  2.442182E-15
      4389.95  2.355930E-15
      4392.25  2.327049E-15
      4394.56  2.434604E-15
      4396.86  2.441991E-15
      4399.17  2.337469E-15
      4401.47  2.404861E-15
      4403.77  2.370217E-15
      4406.08  2.235311E-15
      4408.38  2.129528E-15
      4410.69  2.111744E-15
      4412.99  2.097486E-15
      4415.30  2.075200E-15
      4417.60  2.160810E-15
      4419.91  2.232624E-15
      4422.21  2.196079E-15
      4424.51  2.234934E-15
      4426.82  2.352411E-15
      4429.12  2.468250E-15
      4431.43  2.392161E-15
      4433.73  2.258454E-15
      4436.04  2.258784E-15
      4438.34  2.352021E-15
      4440.64  2.437438E-15
      4442.95  2.386725E-15
      4445.25  2.448167E-15
      4447.56  2.478231E-15
      4449.86  2.362906E-15
      4452.17  2.361126E-15
      4454.47  2.437894E-15
      4456.77  2.508274E-15
      4459.08  2.475096E-15
      4461.38  2.370578E-15
      4463.69  2.291547E-15
      4465.99  2.208247E-15
      4468.30  2.200971E-15
      4470.60  2.291830E-15
      4472.90  2.193272E-15
      4475.21  2.108894E-15
      4477.51  2.104982E-15
      4479.82  1.973689E-15
      4482.12  1.999481E-15
      4484.43  1.995326E-15
      4486.73  1.936941E-15
      4489.04  1.883591E-15
      4491.34  1.829433E-15
      4493.64  1.819387E-15
      4495.95  1.771684E-15
      4498.25  1.716822E-15
      4500.56  1.694358E-15
      4502.86  1.662652E-15
      4505.17  1.669255E-15
      4507.47  1.688823E-15
      4509.77  1.655012E-15
      4512.08  1.673542E-15
      4514.38  1.651738E-15
      4516.69  1.645485E-15
      4518.99  1.705996E-15
      4521.30  1.659896E-15
      4523.60  1.679664E-15
      4525.90  1.791119E-15
      4528.21  1.948324E-15
      4530.51  1.940410E-15
      4532.82  1.871145E-15
      4535.12  1.962611E-15
      4537.43  2.052738E-15
      4539.73  2.063278E-15
      4542.03  2.237806E-15
      4544.34  2.363357E-15
      4546.64  2.416094E-15
      4548.95  2.549651E-15
      4551.25  2.476971E-15
      4553.56  2.773141E-15
      4555.86  2.848925E-15
      4558.17  2.975268E-15
      4560.47  3.144662E-15
      4562.77  3.247426E-15
      4565.08  3.419493E-15
      4567.38  3.456990E-15
      4569.69  3.386858E-15
      4571.99  3.541712E-15
      4574.30  3.416373E-15
      4576.60  3.322312E-15
      4578.90  3.314600E-15
      4581.21  3.419891E-15
      4583.51  3.400102E-15
      4585.82  3.178544E-15
      4588.12  3.153299E-15
      4590.43  3.326015E-15
      4592.73  3.254990E-15
      4595.03  3.170304E-15
      4597.34  3.187565E-15
      4599.64  3.151837E-15
      4601.95  3.060529E-15
      4604.25  3.170410E-15
      4606.56  3.093779E-15
      4608.86  3.042968E-15
      4611.16  3.071410E-15
      4613.47  3.027258E-15
      4615.77  2.997160E-15
      4618.08  2.955813E-15
      4620.38  3.025798E-15
      4622.69  3.223456E-15
      4624.99  3.122847E-15
      4627.30  3.038050E-15
      4629.60  3.136774E-15
      4631.90  3.308131E-15
      4634.21  3.326464E-15
      4636.51  3.377462E-15
      4638.82  3.541526E-15
      4641.12  3.608672E-15
      4643.43  3.553898E-15
      4645.73  3.569964E-15
      4648.03  3.595089E-15
      4650.34  3.455251E-15
      4652.64  3.462367E-15
      4654.95  3.549955E-15
      4657.25  3.471637E-15
      4659.56  3.433216E-15
      4661.86  3.278455E-15
      4664.16  3.227869E-15
      4666.47  3.353525E-15
      4668.77  3.304569E-15
      4671.08  3.295630E-15
      4673.38  3.284096E-15
      4675.69  3.253094E-15
      4677.99  3.399084E-15
      4680.29  3.427754E-15
      4682.60  3.396394E-15
      4684.90  3.360146E-15
      4687.21  3.325376E-15
      4689.51  3.372327E-15
      4691.82  3.327987E-15
      4694.12  3.342499E-15
      4696.43  3.200624E-15
      4698.73  3.133257E-15
      4701.03  3.189303E-15
      4703.34  3.152113E-15
      4705.64  3.067922E-15
      4707.95  3.041039E-15
      4710.25  3.086116E-15
      4712.56  3.066596E-15
      4714.86  2.941133E-15
      4717.16  2.855254E-15
      4719.47  2.913730E-15
      4721.77  2.867835E-15
      4724.08  2.740650E-15
      4726.38  2.688904E-15
      4728.69  2.621171E-15
      4730.99  2.463852E-15
      4733.29  2.372093E-15
      4735.60  2.324919E-15
      4737.90  2.281607E-15
      4740.21  2.195639E-15
      4742.51  2.049195E-15
      4744.82  2.052018E-15
      4747.12  1.962018E-15
      4749.42  1.822238E-15
      4751.73  1.792904E-15
      4754.03  1.723819E-15
      4756.34  1.774250E-15
      4758.64  1.899476E-15
      4760.95  1.884211E-15
      4763.25  1.729566E-15
      4765.55  1.616912E-15
      4767.86  1.606685E-15
      4770.16  1.546384E-15
      4772.47  1.518657E-15
      4774.77  1.439868E-15
      4777.08  1.346859E-15
      4779.38  1.345207E-15
      4781.69  1.256223E-15
      4783.99  1.202201E-15
      4786.29  1.300755E-15
      4788.60  1.265240E-15
      4790.90  1.256124E-15
      4793.21  1.216287E-15
      4795.51  1.119188E-15
      4797.82  1.139526E-15
      4800.12  1.181608E-15
      4802.42  1.227000E-15
      4804.73  1.184323E-15
      4807.03  1.293602E-15
      4809.34  1.417018E-15
      4811.64  1.499799E-15
      4813.95  1.586783E-15
      4816.25  1.796427E-15
      4818.55  1.922460E-15
      4820.86  2.125573E-15
      4823.16  2.325216E-15
      4825.47  2.474582E-15
      4827.77  2.616690E-15
      4830.08  2.820905E-15
      4832.38  3.004676E-15
      4834.68  3.258186E-15
      4836.99  3.530068E-15
      4839.29  3.647247E-15
      4841.60  3.783074E-15
      4843.90  4.022673E-15
      4846.21  4.220650E-15
      4848.51  4.262638E-15
      4850.82  4.229956E-15
      4853.12  4.265883E-15
      4855.42  4.218560E-15
      4857.73  4.160445E-15
      4860.03  4.169403E-15
      4862.34  4.060628E-15
      4864.64  4.061636E-15
      4866.95  3.982757E-15
      4869.25  3.963277E-15
      4871.55  4.131476E-15
      4873.86  4.012592E-15
      4876.16  3.780436E-15
      4878.47  3.694124E-15
      4880.77  3.458898E-15
      4883.08  3.467592E-15
      4885.38  3.488447E-15
      4887.68  3.473180E-15
      4889.99  3.553781E-15
      4892.29  3.586065E-15
      4894.60  3.543031E-15
      4896.90  3.563434E-15
      4899.21  3.579095E-15
      4901.51  3.712444E-15
      4903.81  3.895532E-15
      4906.12  3.923700E-15
      4908.42  3.884620E-15
      4910.73  3.954371E-15
      4913.03  4.039938E-15
      4915.34  4.008868E-15
      4917.64  4.045378E-15
      4919.95  4.118763E-15
      4922.25  4.050401E-15
      4924.55  3.923062E-15
      4926.86  4.024163E-15
      4929.16  3.947122E-15
      4931.47  3.886243E-15
      4933.77  3.989950E-15
      4936.08  3.999741E-15
      4938.38  3.838327E-15
      4940.68  3.673127E-15
      4942.99  3.495660E-15
      4945.29  3.543112E-15
      4947.60  3.573004E-15
      4949.90  3.358540E-15
      4952.21  3.267661E-15
      4954.51  3.099223E-15
      4956.81  2.886779E-15
      4959.12  2.863785E-15
      4961.42  2.793374E-15
      4963.73  2.589309E-15
      4966.03  2.533924E-15
      4968.34  2.700719E-15
      4970.64  2.759151E-15
      4972.94  2.767999E-15
      4975.25  2.756140E-15
      4977.55  2.423868E-15
      4979.86  2.267709E-15
      4982.16  2.473752E-15
      4984.47  2.655804E-15
      4986.77  2.651398E-15
      4989.08  2.674713E-15
      4991.38  2.957941E-15
      4993.68  3.248447E-15
      4995.99  3.297567E-15
      4998.29  3.401769E-15
      5000.60  3.349903E-15
      5002.90  3.466982E-15
      5005.21  3.571757E-15
      5007.51  3.614538E-15
      5009.81  3.628970E-15
      5012.12  3.644062E-15
      5014.42  3.696860E-15
      5016.73  3.720160E-15
      5019.03  3.663199E-15
      5021.34  3.658905E-15
      5023.64  3.717927E-15
      5025.94  3.707705E-15
      5028.25  3.557373E-15
      5030.55  3.496929E-15
      5032.86  3.491357E-15
      5035.16  3.417244E-15
      5037.47  3.523144E-15
      5039.77  3.459488E-15
      5042.07  3.465037E-15
      5044.38  3.444756E-15
      5046.68  3.517248E-15
      5048.99  3.489046E-15
      5051.29  3.365576E-15
      5053.60  3.386123E-15
      5055.90  3.318994E-15
      5058.21  3.289432E-15
      5060.51  3.252216E-15
      5062.81  3.230580E-15
      5065.12  3.163731E-15
      5067.42  3.167459E-15
      5069.73  3.061315E-15
      5072.03  2.871196E-15
      5074.34  2.765655E-15
      5076.64  2.859904E-15
      5078.94  2.796643E-15
      5081.25  2.819762E-15
      5083.55  2.763969E-15
      5085.86  2.648136E-15
      5088.16  2.698525E-15
      5090.47  2.732483E-15
      5092.77  2.560230E-15
      5095.07  2.532431E-15
      5097.38  2.489063E-15
      5099.68  2.515337E-15
      5101.99  2.414998E-15
      5104.29  2.272606E-15
      5106.60  2.153823E-15
      5108.90  2.157050E-15
      5111.20  2.161345E-15
      5113.51  2.007442E-15
      5115.81  2.005031E-15
      5118.12  1.992583E-15
      5120.42  1.903341E-15
      5122.73  1.871595E-15
      5125.03  1.766444E-15
      5127.34  1.694674E-15
      5129.64  1.790590E-15
      5131.94  1.897640E-15
      5134.25  1.905244E-15
      5136.55  2.008882E-15
      5138.86  2.100916E-15
      5141.16  2.128983E-15
      5143.47  2.175168E-15
      5145.77  2.366579E-15
      5148.07  2.571414E-15
      5150.38  2.628403E-15
      5152.68  2.621308E-15
      5154.99  2.627758E-15
      5157.29  2.660035E-15
      5159.60  2.661364E-15
      5161.90  2.791234E-15
      5164.20  2.959031E-15
      5166.51  2.870061E-15
      5168.81  2.865728E-15
      5171.12  2.971893E-15
      5173.42  2.951934E-15
      5175.73  2.909244E-15
      5178.03  2.923233E-15
      5180.33  2.941338E-15
      5182.64  2.863372E-15
      5184.94  2.763592E-15
      5187.25  2.883360E-15
      5189.55  2.970114E-15
      5191.86  2.893408E-15
      5194.16  2.929447E-15
      5196.46  3.038757E-15
      5198.77  3.118409E-15
      5201.07  3.126554E-15
      5203.38  3.060484E-15
      5205.68  3.071717E-15
      5207.99  3.032717E-15
      5210.29  3.008261E-15
      5212.60  2.990251E-15
      5214.90  2.908365E-15
      5217.20  3.022870E-15
      5219.51  3.092630E-15
      5221.81  3.007020E-15
      5224.12  3.023778E-15
      5226.42  3.145384E-15
      5228.73  3.106030E-15
      5231.03  2.989473E-15
      5233.33  3.004892E-15
      5235.64  3.028583E-15
      5237.94  3.147108E-15
      5240.25  3.142351E-15
      5242.55  3.135986E-15
      5244.86  3.226875E-15
      5247.16  3.169550E-15
      5249.46  3.209125E-15
      5251.77  3.298615E-15
      5254.07  3.273332E-15
      5256.38  3.190373E-15
      5258.68  3.117559E-15
      5260.99  3.155251E-15
      5263.29  2.884498E-15
      5265.59  2.696389E-15
      5267.90  2.778578E-15
      5270.20  2.728976E-15
      5272.51  2.643151E-15
      5274.81  2.637462E-15
      5277.12  2.650147E-15
      5279.42  2.752161E-15
      5281.73  2.757562E-15
      5284.03  2.765492E-15
      5286.33  2.907098E-15
      5288.64  2.958773E-15
      5290.94  2.941565E-15
      5293.25  2.981476E-15
      5295.55  2.965713E-15
      5297.86  3.013687E-15
      5300.16  3.245099E-15
      5302.46  3.283695E-15
      5304.77  3.181714E-15
      5307.07  3.124926E-15
      5309.38  3.247876E-15
      5311.68  3.249647E-15
      5313.99  3.275811E-15
      5316.29  3.227006E-15
      5318.59  3.196265E-15
      5320.90  3.197957E-15
      5323.20  3.204232E-15
      5325.51  3.308872E-15
      5327.81  3.200251E-15
      5330.12  2.983391E-15
      5332.42  3.071033E-15
      5334.72  3.198118E-15
      5337.03  3.248192E-15
      5339.33  3.199535E-15
      5341.64  3.166614E-15
      5343.94  3.274902E-15
      5346.25  3.212374E-15
      5348.55  3.176295E-15
      5350.86  3.231060E-15
      5353.16  3.215521E-15
      5355.46  3.108659E-15
      5357.77  3.224769E-15
      5360.07  3.230301E-15
      5362.38  3.061722E-15
      5364.68  3.154575E-15
      5366.99  3.248184E-15
      5369.29  3.205347E-15
      5371.59  3.148172E-15
      5373.90  3.153610E-15
      5376.20  3.232491E-15
      5378.51  3.154965E-15
      5380.81  3.202875E-15
      5383.12  3.222842E-15
      5385.42  3.235340E-15
      5387.72  3.287921E-15
      5390.03  3.301177E-15
      5392.33  3.383252E-15
      5394.64  3.288124E-15
      5396.94  3.208507E-15
      5399.25  3.294126E-15
      5401.55  3.273368E-15
      5403.85  3.166624E-15
      5406.16  3.313279E-15
      5408.46  3.435324E-15
      5410.77  3.463839E-15
      5413.07  3.498026E-15
      5415.38  3.403154E-15
      5417.68  3.345565E-15
      5419.99  3.274846E-15
      5422.29  3.230898E-15
      5424.59  3.291475E-15
      5426.90  3.307157E-15
      5429.20  3.209232E-15
      5431.51  3.109954E-15
      5433.81  3.155722E-15
      5436.12  3.204760E-15
      5438.42  3.180162E-15
      5440.72  3.060774E-15
      5443.03  3.101556E-15
      5445.33  3.123570E-15
      5447.64  3.037531E-15
      5449.94  3.104564E-15
      5452.25  3.104117E-15
      5454.55  2.915717E-15
      5456.85  2.914842E-15
      5459.16  3.054704E-15
      5461.46  3.023025E-15
      5463.77  3.031043E-15
      5466.07  3.003974E-15
      5468.38  2.956155E-15
      5470.68  2.931458E-15
      5472.98  2.906610E-15
      5475.29  2.820033E-15
      5477.59  2.685075E-15
      5479.90  2.802199E-15
      5482.20  2.920290E-15
      5484.51  2.937050E-15
      5486.81  2.878368E-15
      5489.12  2.961484E-15
      5491.42  3.193578E-15
      5493.72  3.314601E-15
      5496.03  3.308484E-15
      5498.33  3.235212E-15
      5500.64  3.265465E-15
      5502.94  3.506315E-15
      5505.25  3.486610E-15
      5507.55  3.282295E-15
      5509.85  3.286707E-15
      5512.16  3.263818E-15
      5514.46  3.329257E-15
      5516.77  3.413726E-15
      5519.07  3.455016E-15
      5521.38  3.396965E-15
      5523.68  3.323112E-15
      5525.98  3.322943E-15
      5528.29  3.370706E-15
      5530.59  3.322106E-15
      5532.90  3.251151E-15
      5535.20  3.304291E-15
      5537.51  3.283178E-15
      5539.81  3.193833E-15
      5542.11  3.271408E-15
      5544.42  3.315582E-15
      5546.72  3.333962E-15
      5549.03  3.350787E-15
      5551.33  3.292072E-15
      5553.64  3.239873E-15
      5555.94  3.220574E-15
      5558.25  3.265264E-15
      5560.55  3.178315E-15
      5562.85  3.050864E-15
      5565.16  3.111556E-15
      5567.46  3.174062E-15
      5569.77  3.229759E-15
      5572.07  3.280994E-15
      5574.38  3.245501E-15
      5576.68  3.019607E-15
      5578.98  2.839888E-15
      5581.29  2.910015E-15
      5583.59  2.810971E-15
      5585.90  2.681020E-15
      5588.20  2.738292E-15
      5590.51  2.657754E-15
      5592.81  2.548508E-15
      5595.11  2.628978E-15
      5597.42  2.615657E-15
      5599.72  2.528399E-15
      5602.03  2.527711E-15
      5604.33  2.446206E-15
      5606.64  2.415352E-15
      5608.94  2.499508E-15
      5611.24  2.540023E-15
      5613.55  2.554296E-15
      5615.85  2.494967E-15
      5618.16  2.510728E-15
      5620.46  2.659670E-15
      5622.77  2.686889E-15
      5625.07  2.632423E-15
      5627.38  2.655804E-15
      5629.68  2.734930E-15
      5631.98  2.747321E-15
      5634.29  2.771093E-15
      5636.59  2.787463E-15
      5638.90  2.863976E-15
      5641.20  3.006950E-15
      5643.51  3.020909E-15
      5645.81  3.017301E-15
      5648.11  3.087797E-15
      5650.42  3.164513E-15
      5652.72  3.102931E-15
      5655.03  3.169555E-15
      5657.33  3.093135E-15
      5659.64  3.179200E-15
      5661.94  3.220327E-15
      5664.24  3.249270E-15
      5666.55  3.347831E-15
      5668.85  3.161916E-15
      5671.16  3.221054E-15
      5673.46  3.199640E-15
      5675.77  3.128211E-15
      5678.07  3.127931E-15
      5680.37  3.107908E-15
      5682.68  3.078802E-15
      5684.98  3.234657E-15
      5687.29  3.233394E-15
      5689.59  3.182434E-15
      5691.90  3.035802E-15
      5694.20  3.013894E-15
      5696.50  3.122999E-15
      5698.81  3.154179E-15
      5701.11  3.043596E-15
      5703.42  3.122513E-15
      5705.72  3.183187E-15
      5708.03  3.057787E-15
      5710.33  2.944962E-15
      5712.64  3.070470E-15
      5714.94  3.021782E-15
      5717.24  3.008928E-15
      5719.55  3.099351E-15
      5721.85  3.035413E-15
      5724.16  3.023500E-15
      5726.46  3.058342E-15
      5728.77  3.058798E-15
      5731.07  2.973492E-15
      5733.37  2.891254E-15
      5735.68  2.920607E-15
      5737.98  2.806708E-15
      5740.29  2.865970E-15
      5742.59  2.989910E-15
      5744.90  2.997404E-15
      5747.20  2.991700E-15
      5749.50  2.999561E-15
      5751.81  2.966370E-15
      5754.11  2.972068E-15
      5756.42  2.915241E-15
      5758.72  2.839597E-15
      5761.03  2.867882E-15
      5763.33  2.901351E-15
      5765.63  2.775942E-15
      5767.94  2.854364E-15
      5770.24  2.890594E-15
      5772.55  2.893289E-15
      5774.85  2.796520E-15
      5777.16  2.707432E-15
      5779.46  2.897446E-15
      5781.77  2.946922E-15
      5784.07  2.913905E-15
      5786.37  2.735006E-15
      5788.68  2.750969E-15
      5790.98  2.887884E-15
      5793.29  2.867744E-15
      5795.59  2.782692E-15
      5797.90  2.770888E-15
      5800.20  2.754492E-15
      5802.50  2.780641E-15
      5804.81  2.726566E-15
      5807.11  2.682486E-15
      5809.42  2.674592E-15
      5811.72  2.597852E-15
      5814.03  2.504428E-15
      5816.33  2.539429E-15
      5818.63  2.582721E-15
      5820.94  2.509041E-15
      5823.24  2.390964E-15
      5825.55  2.282201E-15
      5827.85  2.402985E-15
      5830.16  2.457032E-15
      5832.46  2.409678E-15
      5834.76  2.452859E-15
      5837.07  2.470541E-15
      5839.37  2.459672E-15
      5841.68  2.585443E-15
      5843.98  2.730202E-15
      5846.29  2.623516E-15
      5848.59  2.630200E-15
      5850.90  2.770942E-15
      5853.20  2.848439E-15
      5855.50  2.829080E-15
      5857.81  2.858489E-15
      5860.11  2.831685E-15
      5862.42  2.873711E-15
      5864.72  2.943376E-15
      5867.03  2.966091E-15
      5869.33  3.042476E-15
      5871.63  2.960501E-15
      5873.94  2.862333E-15
      5876.24  2.900859E-15
      5878.55  3.023881E-15
      5880.85  2.925027E-15
      5883.16  2.913041E-15
      5885.46  3.058138E-15
      5887.76  2.975840E-15
      5890.07  2.786335E-15
      5892.37  2.906963E-15
      5894.68  3.055291E-15
      5896.98  3.017230E-15
      5899.29  3.031029E-15
      5901.59  3.068170E-15
      5903.89  3.116362E-15
      5906.20  3.016080E-15
      5908.50  2.805786E-15
      5910.81  2.850091E-15
      5913.11  2.944378E-15
      5915.42  2.955401E-15
      5917.72  3.043131E-15
      5920.03  2.855887E-15
      5922.33  2.868170E-15
      5924.63  2.961492E-15
      5926.94  2.985095E-15
      5929.24  2.931151E-15
      5931.55  2.932726E-15
      5933.85  2.944542E-15
      5936.16  3.071060E-15
      5938.46  3.163775E-15
      5940.76  3.009947E-15
      5943.07  2.858391E-15
      5945.37  2.759158E-15
      5947.68  2.763194E-15
      5949.98  2.847479E-15
      5952.29  2.988333E-15
      5954.59  2.993785E-15
      5956.89  2.967718E-15
      5959.20  3.085785E-15
      5961.50  2.947810E-15
      5963.81  2.899752E-15
      5966.11  2.925719E-15
      5968.42  2.892272E-15
      5970.72  2.833387E-15
      5973.02  2.814191E-15
      5975.33  2.858097E-15
      5977.63  2.816127E-15
      5979.94  2.805659E-15
      5982.24  2.836135E-15
      5984.55  2.834805E-15
      5986.85  2.734324E-15
      5989.16  2.838862E-15
      5991.46  2.892239E-15
      5993.76  2.883534E-15
      5996.07  2.868770E-15
      5998.37  2.785842E-15
      6000.68  2.813894E-15
      6002.98  2.791235E-15
      6005.29  2.957705E-15
      6007.59  2.807834E-15
      6009.89  2.756046E-15
      6012.20  2.917520E-15
      6014.50  2.804499E-15
      6016.81  2.823950E-15
      6019.11  2.990857E-15
      6021.42  2.979303E-15
      6023.72  2.891196E-15
      6026.02  2.936172E-15
      6028.33  2.861120E-15
      6030.63  2.802679E-15
      6032.94  2.815398E-15
      6035.24  2.785792E-15
      6037.55  2.731364E-15
      6039.85  2.836677E-15
      6042.15  2.895640E-15
      6044.46  2.781591E-15
      6046.76  2.850069E-15
      6049.07  2.734389E-15
      6051.37  2.656600E-15
      6053.68  2.715075E-15
      6055.98  2.784969E-15
      6058.29  2.758539E-15
      6060.59  2.840196E-15
      6062.89  2.871946E-15
      6065.20  2.993352E-15
      6067.50  2.922997E-15
      6069.81  2.852230E-15
      6072.11  2.805234E-15
      6074.42  2.872422E-15
      6076.72  2.841510E-15
      6079.02  2.765524E-15
      6081.33  2.694280E-15
      6083.63  2.798791E-15
      6085.94  2.776716E-15
      6088.24  2.869796E-15
      6090.55  2.795804E-15
      6092.85  2.710481E-15
      6095.15  2.757269E-15
      6097.46  2.705960E-15
      6099.76  2.566135E-15
      6102.07  2.614670E-15
      6104.37  2.692050E-15
      6106.68  2.663904E-15
      6108.98  2.756743E-15
      6111.28  2.781146E-15
      6113.59  2.690807E-15
      6115.89  2.804991E-15
      6118.20  2.861576E-15
      6120.50  2.826506E-15
      6122.81  2.863667E-15
      6125.11  2.880077E-15
      6127.41  2.868325E-15
      6129.72  2.817331E-15
      6132.02  2.812149E-15
      6134.33  2.857526E-15
      6136.63  2.778378E-15
      6138.94  2.892066E-15
      6141.24  2.950558E-15
      6143.55  2.810955E-15
      6145.85  2.680284E-15
      6148.15  2.839477E-15
      6150.46  2.759688E-15
      6152.76  2.713217E-15
      6155.07  2.798728E-15
      6157.37  2.750091E-15
      6159.68  2.730579E-15
      6161.98  2.829065E-15
      6164.28  2.704392E-15
      6166.59  2.607136E-15
      6168.89  2.836828E-15
      6171.20  2.836497E-15
      6173.50  2.561869E-15
      6175.81  2.603688E-15
      6178.11  2.723717E-15
      6180.41  2.667937E-15
      6182.72  2.541937E-15
      6185.02  2.497508E-15
      6187.33  2.498696E-15
      6189.63  2.529708E-15
      6191.94  2.511942E-15
      6194.24  2.491520E-15
      6196.54  2.545172E-15
      6198.85  2.529347E-15
      6201.15  2.547128E-15
      6203.46  2.592324E-15
      6205.76  2.670762E-15
      6208.07  2.581418E-15
      6210.37  2.627293E-15
      6212.68  2.662975E-15
      6214.98  2.725036E-15
      6217.28  2.676872E-15
      6219.59  2.644105E-15
      6221.89  2.720689E-15
      6224.20  2.669525E-15
      6226.50  2.662175E-15
      6228.81  2.719171E-15
      6231.11  2.624432E-15
      6233.41  2.655334E-15
      6235.72  2.645505E-15
      6238.02  2.686444E-15
      6240.33  2.598391E-15
      6242.63  2.609980E-15
      6244.94  2.626671E-15
      6247.24  2.612364E-15
      6249.54  2.684684E-15
      6251.85  2.659893E-15
      6254.15  2.682181E-15
      6256.46  2.697463E-15
      6258.76  2.616688E-15
      6261.07  2.601980E-15
      6263.37  2.698162E-15
      6265.67  2.776751E-15
      6267.98  2.543434E-15
      6270.28  2.505327E-15
      6272.59  2.518843E-15
      6274.89  2.622388E-15
      6277.20  2.637211E-15
      6279.50  2.557945E-15
      6281.81  2.544947E-15
      6284.11  2.498703E-15
      6286.41  2.553326E-15
      6288.72  2.571384E-15
      6291.02  2.551887E-15
      6293.33  2.449404E-15
      6295.63  2.486303E-15
      6297.94  2.485100E-15
      6300.24  2.330177E-15
      6302.54  2.384499E-15
      6304.85  2.426260E-15
      6307.15  2.475220E-15
      6309.46  2.543420E-15
      6311.76  2.555556E-15
      6314.07  2.505401E-15
      6316.37  2.410267E-15
      6318.67  2.331763E-15
      6320.98  2.462336E-15
      6323.28  2.600241E-15
      6325.59  2.664871E-15
      6327.89  2.622176E-15
      6330.20  2.487163E-15
      6332.50  2.507793E-15
      6334.80  2.551464E-15
      6337.11  2.697026E-15
      6339.41  2.737411E-15
      6341.72  2.644351E-15
      6344.02  2.614187E-15
      6346.33  2.552101E-15
      6348.63  2.573274E-15
      6350.94  2.479991E-15
      6353.24  2.408236E-15
      6355.54  2.442504E-15
      6357.85  2.418506E-15
      6360.15  2.363421E-15
      6362.46  2.346181E-15
      6364.76  2.297620E-15
      6367.07  2.418677E-15
      6369.37  2.429429E-15
      6371.67  2.443313E-15
      6373.98  2.442667E-15
      6376.28  2.436996E-15
      6378.59  2.434886E-15
      6380.89  2.343562E-15
      6383.20  2.189705E-15
      6385.50  2.134014E-15
      6387.80  2.050932E-15
      6390.11  2.091929E-15
      6392.41  1.983159E-15
      6394.72  1.938304E-15
      6397.02  2.032276E-15
      6399.33  1.933187E-15
      6401.63  1.807788E-15
      6403.93  1.676623E-15
      6406.24  1.586958E-15
      6408.54  1.613855E-15
      6410.85  1.544512E-15
      6413.15  1.458558E-15
      6415.46  1.350787E-15
      6417.76  1.287291E-15
      6420.07  1.266352E-15
      6422.37  1.289131E-15
      6424.67  1.249798E-15
      6426.98  1.109241E-15
      6429.28  1.057106E-15
      6431.59  1.105802E-15
      6433.89  1.117170E-15
      6436.20  1.055818E-15
      6438.50  1.038840E-15
      6440.80  1.065798E-15
      6443.11  1.109873E-15
      6445.41  1.102983E-15
      6447.72  1.130003E-15
      6450.02  1.151440E-15
      6452.33  1.138323E-15
      6454.63  1.156600E-15
      6456.93  1.182227E-15
      6459.24  1.267558E-15
      6461.54  1.287037E-15
      6463.85  1.251972E-15
      6466.15  1.272837E-15
      6468.46  1.339016E-15
      6470.76  1.377915E-15
      6473.06  1.438182E-15
      6475.37  1.543016E-15
      6477.67  1.576091E-15
      6479.98  1.568090E-15
      6482.28  1.690375E-15
      6484.59  1.896482E-15
      6486.89  1.981795E-15
      6489.20  2.093166E-15
      6491.50  2.241657E-15
      6493.80  2.365365E-15
      6496.11  2.502459E-15
      6498.41  2.682344E-15
      6500.72  2.846702E-15
      6503.02  3.084043E-15
      6505.33  3.371198E-15
      6507.63  3.570933E-15
      6509.93  3.739668E-15
      6512.24  3.897137E-15
      6514.54  4.070583E-15
      6516.85  4.116153E-15
      6519.15  4.288214E-15
      6521.46  4.502645E-15
      6523.76  4.699515E-15
      6526.06  4.805050E-15
      6528.37  4.959611E-15
      6530.67  4.886368E-15
      6532.98  5.082106E-15
      6535.28  5.247023E-15
      6537.59  5.133298E-15
      6539.89  5.252903E-15
      6542.19  5.386572E-15
      6544.50  5.361796E-15
      6546.80  5.384283E-15
      6549.11  5.406620E-15
      6551.41  5.505035E-15
      6553.72  5.591918E-15
      6556.02  5.639412E-15
      6558.33  5.616870E-15
      6560.63  5.590489E-15
      6562.93  5.762570E-15
      6565.24  5.879702E-15
      6567.54  5.753408E-15
      6569.85  5.798836E-15
      6572.15  5.786595E-15
      6574.46  5.746371E-15
      6576.76  5.766658E-15
      6579.06  5.739256E-15
      6581.37  5.680576E-15
      6583.67  5.699605E-15
      6585.98  5.665077E-15
      6588.28  5.576507E-15
      6590.59  5.436698E-15
      6592.89  5.233499E-15
      6595.19  5.254623E-15
      6597.50  5.171136E-15
      6599.80  5.116823E-15
      6602.11  5.031505E-15
      6604.41  4.913020E-15
      6606.72  4.655454E-15
      6609.02  4.629003E-15
      6611.32  4.652984E-15
      6613.63  4.421935E-15
      6615.93  4.298567E-15
      6618.24  4.239158E-15
      6620.54  4.187603E-15
      6622.85  4.175728E-15
      6625.15  4.073203E-15
      6627.45  3.991938E-15
      6629.76  4.038404E-15
      6632.06  3.932306E-15
      6634.37  3.863238E-15
      6636.67  3.896410E-15
      6638.98  3.814242E-15
      6641.28  3.726766E-15
      6643.59  3.654366E-15
      6645.89  3.668736E-15
      6648.19  3.666829E-15
      6650.50  3.589928E-15
      6652.80  3.533818E-15
      6655.11  3.427833E-15
      6657.41  3.230381E-15
      6659.72  3.314437E-15
      6662.02  3.359047E-15
      6664.32  3.215442E-15
      6666.63  3.208369E-15
      6668.93  3.191060E-15
      6671.24  3.101894E-15
      6673.54  3.161367E-15
      6675.85  3.179230E-15
      6678.15  3.120422E-15
      6680.45  2.987902E-15
      6682.76  3.005410E-15
      6685.06  3.103918E-15
      6687.37  2.933279E-15
      6689.67  2.853526E-15
      6691.98  2.878587E-15
      6694.28  2.849629E-15
      6696.58  2.806027E-15
      6698.89  2.792420E-15
      6701.19  2.803303E-15
      6703.50  2.780427E-15
      6705.80  2.792877E-15
      6708.11  2.810575E-15
      6710.41  2.717992E-15
      6712.72  2.618468E-15
      6715.02  2.540942E-15
      6717.32  2.575952E-15
      6719.63  2.698530E-15
      6721.93  2.734487E-15
      6724.24  2.662685E-15
      6726.54  2.560063E-15
      6728.85  2.469085E-15
      6731.15  2.442745E-15
      6733.45  2.415125E-15
      6735.76  2.432816E-15
      6738.06  2.333793E-15
      6740.37  2.291831E-15
      6742.67  2.463244E-15
      6744.98  2.480719E-15
      6747.28  2.428774E-15
      6749.58  2.417102E-15
      6751.89  2.341475E-15
      6754.19  2.307298E-15
      6756.50  2.357693E-15
      6758.80  2.328734E-15
      6761.11  2.302254E-15
      6763.41  2.328992E-15
      6765.71  2.298817E-15
      6768.02  2.246255E-15
      6770.32  2.243872E-15
      6772.63  2.166733E-15
      6774.93  2.105607E-15
      6777.24  2.134958E-15
      6779.54  2.173109E-15
      6781.85  2.130620E-15
      6784.15  2.112164E-15
      6786.45  2.209176E-15
      6788.76  2.278212E-15
      6791.06  2.358980E-15
      6793.37  2.258306E-15
      6795.67  2.267219E-15
      6797.98  2.213352E-15
      6800.28  2.124609E-15
      6802.58  2.219002E-15
      6804.89  2.177687E-15
      6807.19  2.123468E-15
      6809.50  2.161166E-15
      6811.80  2.128353E-15
      6814.11  2.167199E-15
      6816.41  2.223342E-15
      6818.71  2.191242E-15
      6821.02  2.213850E-15
      6823.32  2.213901E-15
      6825.63  2.145063E-15
      6827.93  2.203886E-15
      6830.24  2.210598E-15
      6832.54  2.002133E-15
      6834.84  2.090196E-15
      6837.15  2.210738E-15
      6839.45  2.223394E-15
      6841.76  2.251048E-15
      6844.06  2.257856E-15
      6846.37  2.162027E-15
      6848.67  2.129594E-15
      6850.98  2.219690E-15
      6853.28  2.197031E-15
      6855.58  2.115692E-15
      6857.89  2.097312E-15
      6860.19  2.054649E-15
      6862.50  1.968094E-15
      6864.80  1.738065E-15
      6867.11  1.501191E-15
      6869.41  1.478560E-15
      6871.71  1.586650E-15
      6874.02  1.642938E-15
      6876.32  1.715996E-15
      6878.63  1.823309E-15
      6880.93  1.899257E-15
      6883.24  1.857917E-15
      6885.54  1.773456E-15
      6887.84  1.791815E-15
      6890.15  1.774681E-15
      6892.45  1.772993E-15
      6894.76  1.728989E-15
      6897.06  1.881809E-15
      6899.37  1.960304E-15
      6901.67  1.851306E-15
      6903.97  1.927187E-15
      6906.28  2.008619E-15
      6908.58  2.051093E-15
      6910.89  1.998638E-15
      6913.19  1.936694E-15
      6915.50  1.952930E-15
      6917.80  2.009511E-15
      6920.11  1.974086E-15
      6922.41  1.955267E-15
      6924.71  1.943254E-15
      6927.02  1.978386E-15
      6929.32  1.894234E-15
      6931.63  1.830612E-15
      6933.93  1.862454E-15
      6936.24  1.844107E-15
      6938.54  1.866030E-15
      6940.84  1.793950E-15
      6943.15  1.798507E-15
      6945.45  1.843966E-15
      6947.76  1.776411E-15
      6950.06  1.754144E-15
      6952.37  1.933674E-15
      6954.67  1.968702E-15
      6956.97  1.929367E-15
      6959.28  2.052030E-15
      6961.58  2.073782E-15
      6963.89  2.073970E-15
      6966.19  2.002757E-15
      6968.50  1.969421E-15
      6970.80  2.022790E-15
      6973.10  2.004428E-15
      6975.41  2.024362E-15
      6977.71  2.089487E-15
      6980.02  2.098058E-15
      6982.32  2.003079E-15
      6984.63  2.005939E-15
      6986.93  2.046589E-15
      6989.24  2.131305E-15
      6991.54  2.170582E-15
      6993.84  2.062050E-15
      6996.15  1.928654E-15
      6998.45  1.998139E-15
      7000.76  2.087404E-15
      7003.06  2.006460E-15
      7005.37  1.951274E-15
      7007.67  1.985633E-15
      7009.97  2.002946E-15
      7012.28  1.954345E-15
      7014.58  1.941641E-15
      7016.89  1.990706E-15
      7019.19  1.947037E-15
      7021.50  1.899428E-15
      7023.80  1.954441E-15
      7026.10  1.986583E-15
      7028.41  2.003641E-15
      7030.71  2.032448E-15
      7033.02  2.021906E-15
      7035.32  1.955545E-15
      7037.63  1.930258E-15
      7039.93  1.986712E-15
      7042.23  2.010024E-15
      7044.54  1.990117E-15
      7046.84  1.907401E-15
      7049.15  1.845622E-15
      7051.45  1.911002E-15
      7053.76  1.993514E-15
      7056.06  1.978694E-15
      7058.36  1.962123E-15
      7060.67  1.982160E-15
      7062.97  1.985203E-15
      7065.28  1.990066E-15
      7067.58  2.069127E-15
      7069.89  2.106775E-15
      7072.19  2.074624E-15
      7074.50  2.047902E-15
      7076.80  2.025803E-15
      7079.10  1.844163E-15
      7081.41  1.865908E-15
      7083.71  1.881366E-15
      7086.02  1.855040E-15
      7088.32  1.900645E-15
      7090.63  1.959936E-15
      7092.93  1.950397E-15
      7095.23  1.963877E-15
      7097.54  1.858292E-15
      7099.84  1.894940E-15
      7102.15  1.986320E-15
      7104.45  1.968890E-15
      7106.76  1.918804E-15
      7109.06  1.847940E-15
      7111.36  1.890376E-15
      7113.67  1.855287E-15
      7115.97  1.845952E-15
      7118.28  1.909638E-15
      7120.58  1.919710E-15
      7122.89  1.915955E-15
      7125.19  1.898595E-15
      7127.49  2.010625E-15
      7129.80  1.970777E-15
      7132.10  1.874213E-15
      7134.41  1.938595E-15
      7136.71  1.956303E-15
      7139.02  1.890112E-15
      7141.32  1.881113E-15
      7143.63  1.883735E-15
      7145.93  1.859717E-15
      7148.23  1.842303E-15
      7150.54  1.861756E-15
      7152.84  1.815437E-15
      7155.15  1.788956E-15
      7157.45  1.842648E-15
      7159.76  1.785178E-15
      7162.06  1.815947E-15
      7164.36  1.811564E-15
      7166.67  1.738583E-15
      7168.97  1.814643E-15
      7171.28  1.885626E-15
      7173.58  1.853936E-15
      7175.89  1.805246E-15
      7178.19  1.795482E-15
      7180.49  1.861283E-15
      7182.80  1.822401E-15
      7185.10  1.760358E-15
      7187.41  1.775501E-15
      7189.71  1.746622E-15
      7192.02  1.677724E-15
      7194.32  1.746295E-15
      7196.62  1.763159E-15
      7198.93  1.750418E-15
      7201.23  1.767869E-15
      7203.54  1.824165E-15
      7205.84  1.974898E-15
      7208.15  1.978389E-15
      7210.45  1.886199E-15
      7212.76  1.911125E-15
      7215.06  2.076367E-15
      7217.36  2.062027E-15
      7219.67  1.893383E-15
      7221.97  1.904501E-15
      7224.28  1.896006E-15
      7226.58  1.829329E-15
      7228.89  1.820518E-15
      7231.19  1.762648E-15
      7233.49  1.731088E-15
      7235.80  1.763838E-15
      7238.10  1.806900E-15
      7240.41  1.834674E-15
      7242.71  1.896133E-15
      7245.02  1.912150E-15
      7247.32  1.879730E-15
      7249.62  1.942424E-15
      7251.93  1.907009E-15
      7254.23  1.874261E-15
      7256.54  1.942762E-15
      7258.84  1.841890E-15
      7261.15  1.706972E-15
      7263.45  1.690330E-15
      7265.75  1.797034E-15
      7268.06  1.835604E-15
      7270.36  1.727912E-15
      7272.67  1.723237E-15
      7274.97  1.819166E-15
      7277.28  1.893880E-15
      7279.58  1.919006E-15
      7281.89  1.820579E-15
      7284.19  1.855720E-15
      7286.49  1.822452E-15
      7288.80  1.713457E-15
      7291.10  1.789472E-15
      7293.41  1.802310E-15
      7295.71  1.743423E-15
      7298.02  1.661918E-15
      7300.32  1.776585E-15
      7302.62  1.818212E-15
      7304.93  1.827332E-15
      7307.23  1.820275E-15
      7309.54  1.866876E-15
      7311.84  1.902392E-15
      7314.15  2.052153E-15
      7316.45  2.054469E-15
      7318.75  1.954745E-15
      7321.06  2.005467E-15
      7323.36  2.085324E-15
      7325.67  2.040283E-15
      7327.97  1.982589E-15
      7330.28  2.047338E-15
      7332.58  1.983404E-15
      7334.88  1.793338E-15
      7337.19  1.747421E-15
      7339.49  1.890408E-15
      7341.80  1.794649E-15
      7344.10  1.781424E-15
      7346.41  1.845811E-15
      7348.71  1.773061E-15
      7351.02  1.859124E-15
      7353.32  1.904188E-15
      7355.62  1.788095E-15
      7357.93  1.840287E-15
      7360.23  1.913415E-15
      7362.54  1.892836E-15
      7364.84  1.918974E-15
      7367.15  1.825020E-15
      7369.45  1.926044E-15
      7371.75  1.950683E-15
      7374.06  1.921992E-15
      7376.36  1.906813E-15
      7378.67  1.887017E-15
      7380.97  1.864331E-15
      7383.28  1.783618E-15
      7385.58  1.774130E-15
      7387.88  1.753136E-15
      7390.19  1.758580E-15
      7392.49  1.753302E-15
      7394.80  1.638574E-15
      7397.10  1.582588E-15
      7399.41  1.626486E-15
      7401.71  1.780436E-15
      7404.01  1.804439E-15
      7406.32  1.796419E-15
      7408.62  1.799906E-15
      7410.93  1.823910E-15
      7413.23  1.830384E-15
      7415.54  1.964363E-15
      7417.84  1.942537E-15
      7420.15  1.906163E-15
      7422.45  1.884733E-15
      7424.75  1.809934E-15
      7427.06  1.687708E-15
      7429.36  1.734514E-15
      7431.67  1.781397E-15
      7433.97  1.843082E-15
      7436.28  1.827411E-15
      7438.58  1.767442E-15
      7440.88  1.823507E-15
      7443.19  1.832303E-15
      7445.49  1.841133E-15
      7447.80  1.848205E-15
      7450.10  1.958427E-15
      7452.41  1.910068E-15
      7454.71  1.779187E-15
      7457.01  1.853094E-15
      7459.32  1.939914E-15
      7461.62  1.948411E-15
      7463.93  1.913116E-15
      7466.23  1.784636E-15
      7468.54  1.799404E-15
      7470.84  1.824461E-15
      7473.14  1.716510E-15
      7475.45  1.672187E-15
      7477.75  1.704188E-15
      7480.06  1.665582E-15
      7482.36  1.651087E-15
      7484.67  1.825666E-15
      7486.97  1.813901E-15
      7489.28  1.734427E-15
      7491.58  1.887754E-15
      7493.88  1.867123E-15
      7496.19  1.802894E-15
      7498.49  1.850704E-15
      7500.80  1.839514E-15
      7503.10  1.884296E-15
      7505.41  1.978939E-15
      7507.71  1.850629E-15
      7510.01  1.754495E-15
      7512.32  1.743448E-15
      7514.62  1.669477E-15
      7516.93  1.626695E-15
      7519.23  1.627946E-15
      7521.54  1.687671E-15
      7523.84  1.609635E-15
      7526.14  1.711356E-15
      7528.45  1.721271E-15
      7530.75  1.819568E-15
      7533.06  1.987807E-15
      7535.36  1.893517E-15
      7537.67  1.960432E-15
      7539.97  1.911850E-15
      7542.27  1.797806E-15
      7544.58  1.748613E-15
      7546.88  1.663981E-15
      7549.19  1.656318E-15
      7551.49  1.648926E-15
      7553.80  1.666073E-15
      7556.10  1.657034E-15
      7558.40  1.725463E-15
      7560.71  1.741023E-15
      7563.01  1.725877E-15
      7565.32  1.759789E-15
      7567.62  1.871701E-15
      7569.93  1.940031E-15
      7572.23  1.910241E-15
      7574.54  1.879421E-15
      7576.84  1.885562E-15
      7579.14  1.839198E-15
      7581.45  1.833742E-15
      7583.75  1.794040E-15
      7586.06  1.688909E-15
      7588.36  1.560385E-15
      7590.67  1.344546E-15
      7592.97  1.114611E-15
      7595.27  8.102155E-16
      7597.58  5.582474E-16
      7599.88  4.912203E-16
      7602.19  4.468776E-16
      7604.49  3.938968E-16
      7606.80  3.750810E-16
      7609.10  5.281037E-16
      7611.40  7.805129E-16
      7613.71  1.011805E-15
      7616.01  1.198234E-15
      7618.32  1.242569E-15
      7620.62  1.147964E-15
      7622.93  9.206162E-16
      7625.23  8.484331E-16
      7627.53  7.664190E-16
      7629.84  7.656159E-16
      7632.14  8.060866E-16
      7634.45  8.387625E-16
      7636.75  8.666209E-16
      7639.06  9.494823E-16
      7641.36  9.972038E-16
      7643.67  1.096268E-15
      7645.97  1.217995E-15
      7648.27  1.287593E-15
      7650.58  1.281417E-15
      7652.88  1.341033E-15
      7655.19  1.423273E-15
      7657.49  1.441780E-15
      7659.80  1.388193E-15
      7662.10  1.324098E-15
      7664.40  1.379217E-15
      7666.71  1.398662E-15
      7669.01  1.398276E-15
      7671.32  1.437414E-15
      7673.62  1.446249E-15
      7675.93  1.391600E-15
      7678.23  1.462909E-15
      7680.53  1.613419E-15
      7682.84  1.594133E-15
      7685.14  1.464360E-15
      7687.45  1.439550E-15
      7689.75  1.418978E-15
      7692.06  1.281152E-15
      7694.36  1.203900E-15
      7696.66  1.199941E-15
      7698.97  1.218089E-15
      7701.27  1.230961E-15
      7703.58  1.220076E-15
      7705.88  1.259218E-15
      7708.19  1.234261E-15
      7710.49  1.232972E-15
      7712.80  1.261318E-15
      7715.10  1.325077E-15
      7717.40  1.316415E-15
      7719.71  1.373118E-15
      7722.01  1.557113E-15
      7724.32  1.605659E-15
      7726.62  1.688691E-15
      7728.93  1.730084E-15
      7731.23  1.716669E-15
      7733.53  1.649060E-15
      7735.84  1.559326E-15
      7738.14  1.563221E-15
      7740.45  1.525042E-15
      7742.75  1.424502E-15
      7745.06  1.334377E-15
      7747.36  1.373998E-15
      7749.66  1.520376E-15
      7751.97  1.814015E-15
      7754.27  1.760105E-15
      7756.58  1.793418E-15
      7758.88  1.872231E-15
      7761.19  1.922395E-15
      7763.49  1.855588E-15
      7765.79  1.689353E-15
      7768.10  1.592721E-15
      7770.40  1.616500E-15
      7772.71  1.630439E-15
      7775.01  1.594440E-15
      7777.32  1.568589E-15
      7779.62  1.692902E-15
      7781.93  1.857636E-15
      7784.23  1.904074E-15
      7786.53  2.068175E-15
      7788.84  2.217658E-15
      7791.14  2.157399E-15
      7793.45  2.077390E-15
      7795.75  1.997251E-15
