      3039.64  1.372568E-13
      3042.64 -6.730245E-14
      3045.63 -3.694158E-15
      3048.63  8.100933E-14
      3051.63 -1.919735E-14
      3054.63  1.171675E-13
      3057.63  8.941837E-14
      3060.63 -5.044874E-14
      3063.63 -7.129505E-14
      3066.62 -1.627914E-15
      3069.62 -3.645007E-14
      3072.62 -2.393259E-15
      3075.62  1.175336E-14
      3078.62 -1.209611E-14
      3081.62 -1.918675E-14
      3084.61 -1.771691E-14
      3087.61 -4.788265E-15
      3090.61  1.760102E-14
      3093.61 -1.543319E-14
      3096.61  1.072486E-14
      3099.61  9.820182E-15
      3102.61 -1.602025E-14
      3105.60  1.011402E-14
      3108.60  7.228829E-16
      3111.60 -2.268635E-14
      3114.60 -5.199826E-15
      3117.60  5.409778E-15
      3120.60 -4.382865E-15
      3123.60 -7.840274E-15
      3126.59  1.590233E-15
      3129.59 -2.482210E-15
      3132.59  4.069383E-17
      3135.59  4.029109E-15
      3138.59  7.111884E-16
      3141.59 -3.674333E-16
      3144.59 -3.768814E-15
      3147.58  6.566692E-16
      3150.58 -1.720174E-15
      3153.58  2.224683E-15
      3156.58 -7.281710E-16
      3159.58  9.934538E-16
      3162.58  6.941411E-16
      3165.58 -9.349606E-16
      3168.57  5.885503E-16
      3171.57  1.616544E-15
      3174.57 -2.636738E-16
      3177.57  2.089066E-15
      3180.57 -7.287200E-16
      3183.57 -2.596084E-16
      3186.57 -1.268459E-16
      3189.56 -1.272313E-16
      3192.56 -1.158797E-15
      3195.56 -3.803496E-16
      3198.56 -3.718980E-16
      3201.56  7.432718E-16
      3204.56  1.527093E-16
      3207.55  5.976929E-16
      3210.55 -5.956147E-18
      3213.55 -3.304589E-16
      3216.55 -7.255402E-16
      3219.55 -2.924177E-16
      3222.55  6.136386E-16
      3225.55 -2.412793E-16
      3228.54  7.930979E-16
      3231.54  1.147689E-16
      3234.54  2.696409E-17
      3237.54 -3.349877E-16
      3240.54  5.058520E-16
      3243.54  1.817739E-16
      3246.54 -5.536039E-16
      3249.53 -1.964181E-16
      3252.53  1.316749E-16
      3255.53 -1.766371E-16
      3258.53  1.112868E-16
      3261.53 -5.230521E-16
      3264.53  2.600621E-16
      3267.53 -4.563169E-16
      3270.52 -2.067709E-16
      3273.52  2.978401E-16
      3276.52  2.999752E-16
      3279.52 -1.242722E-16
      3282.52 -1.948052E-16
      3285.52 -4.554689E-17
      3288.52  1.073419E-16
      3291.51  1.282120E-16
      3294.51 -1.609969E-17
      3297.51 -2.286310E-16
      3300.51 -2.265266E-16
      3303.51  7.398509E-17
      3306.51  1.551100E-16
      3309.51 -3.307821E-17
      3312.50  3.331484E-16
      3315.50  9.991405E-17
      3318.50 -1.563857E-16
      3321.50 -4.224663E-17
      3324.50 -2.450165E-17
      3327.50  2.469612E-17
      3330.49 -7.546997E-17
      3333.49 -7.195704E-17
      3336.49  7.155861E-18
      3339.49  3.112832E-17
      3342.49 -7.368063E-17
      3345.49  1.721933E-16
      3348.49  1.809373E-16
      3351.48 -7.540135E-18
      3354.48  3.818656E-17
      3357.48  4.730739E-17
      3360.48  3.738936E-17
      3363.48 -4.722553E-17
      3366.48 -7.710553E-17
      3369.48  3.342767E-17
      3372.47  4.061318E-17
      3375.47  7.399189E-18
      3378.47  8.625603E-17
      3381.47 -2.694538E-17
      3384.47 -3.555018E-17
      3387.47  4.484898E-17
      3390.47  1.689883E-17
      3393.46 -9.387468E-18
      3396.46  7.520261E-17
      3399.46 -3.041501E-17
      3402.46  1.208386E-16
      3405.46  4.308955E-17
      3408.46 -1.062332E-16
      3411.46  1.159986E-17
      3414.45  1.590039E-17
      3417.45  3.668061E-17
      3420.45  7.375265E-17
      3423.45  9.510849E-17
      3426.45  6.729663E-17
      3429.45  7.298878E-17
      3432.45  4.229909E-17
      3435.44 -7.192239E-18
      3438.44  1.795150E-17
      3441.44  1.682559E-17
      3444.44 -3.865369E-17
      3447.44 -3.065029E-17
      3450.44 -1.302771E-17
      3453.44  2.548193E-17
      3456.43  7.397411E-18
      3459.43  1.767099E-17
      3462.43 -2.164710E-18
      3465.43  7.063612E-17
      3468.43 -1.464544E-17
      3471.43  7.118524E-17
      3474.42 -8.525195E-19
      3477.42 -2.184249E-17
      3480.42  3.510817E-17
      3483.42  4.813197E-17
      3486.42  2.782040E-17
      3489.42 -3.643859E-17
      3492.42  9.443192E-19
      3495.41  7.156623E-18
      3498.41  1.235947E-17
      3501.41 -7.475048E-18
      3504.41  1.472196E-17
      3507.41  4.291923E-17
      3510.41  4.150874E-17
      3513.41  3.633804E-17
      3516.40  1.948841E-18
      3519.40 -1.391501E-17
      3522.40  3.515295E-17
      3525.40  9.471670E-18
      3528.40  9.106914E-18
      3531.40  1.462826E-18
      3534.40  3.911886E-18
      3537.39  2.159311E-17
      3540.39  1.047952E-17
      3543.39 -2.234921E-17
      3546.39  1.869371E-18
      3549.39  1.731914E-17
      3552.39 -1.241855E-17
      3555.39 -3.324853E-17
      3558.38 -1.845484E-17
      3561.38 -3.087419E-17
      3564.38 -1.387287E-17
      3567.38  1.219710E-17
      3570.38  1.435807E-17
      3573.38  1.865958E-17
      3576.38 -4.066867E-20
      3579.37 -3.929838E-20
      3582.37  9.392465E-18
      3585.37  3.313356E-17
      3588.37  1.263945E-17
      3591.37  1.462354E-18
      3594.37  2.160156E-17
      3597.36  1.253297E-17
      3600.36  1.360044E-17
      3603.36  3.316295E-17
      3606.36  1.500196E-18
      3609.36  1.843032E-18
      3612.36  9.029563E-18
      3615.36 -3.822672E-18
      3618.35  1.996693E-18
      3621.35  2.649881E-19
      3624.35 -1.395992E-17
      3627.35 -4.629863E-18
      3630.35 -9.469965E-19
      3633.35  3.056795E-17
      3636.35  1.498954E-17
      3639.34 -2.274474E-18
      3642.34  8.952134E-18
      3645.34  5.779570E-18
      3648.34 -1.446347E-18
      3651.34  1.724561E-17
      3654.34  1.474042E-17
      3657.34  2.877030E-18
      3660.33  1.878215E-17
      3663.33  5.870473E-18
      3666.33  2.587055E-17
      3669.33 -4.904995E-18
      3672.33 -1.152923E-18
      3675.33  1.127500E-17
      3678.33  6.044387E-18
      3681.32  3.725950E-17
      3684.32 -1.399424E-18
      3687.32  4.308113E-18
      3690.32  3.123038E-18
      3693.32 -2.402841E-18
      3696.32  2.766187E-17
      3699.32  9.206981E-18
      3702.31  1.562696E-17
      3705.31  9.020729E-19
      3708.31 -6.660491E-18
      3711.31  2.030485E-17
      3714.31  4.903137E-18
      3717.31 -5.215038E-18
      3720.30  5.225232E-18
      3723.30  3.004907E-18
      3726.30 -1.481009E-17
      3729.30  8.785551E-18
      3732.30  3.530215E-17
      3735.30  5.086891E-17
      3738.30  5.564586E-17
      3741.29  5.461361E-17
      3744.29  2.424885E-17
      3747.29  1.591707E-17
      3750.29  1.816338E-17
      3753.29  3.219906E-17
      3756.29  2.223165E-17
      3759.29  1.380927E-17
      3762.28  1.336645E-17
      3765.28  2.893608E-18
      3768.28  2.012724E-17
      3771.28  5.851174E-18
      3774.28  7.331796E-18
      3777.28  1.702086E-17
      3780.28  7.109493E-19
      3783.27 -3.249175E-18
      3786.27  1.225434E-17
      3789.27  3.509568E-17
      3792.27  1.359312E-17
      3795.27  8.840844E-18
      3798.27  1.080659E-17
      3801.27  6.141740E-18
      3804.26  4.490190E-18
      3807.26  1.618522E-17
      3810.26  1.903439E-17
      3813.26  4.599505E-18
      3816.26  4.364830E-18
      3819.26  9.573319E-18
      3822.26  1.121923E-17
      3825.25 -8.771669E-19
      3828.25  1.836433E-17
      3831.25  2.290202E-17
      3834.25  2.359878E-17
      3837.25  2.521582E-17
      3840.25  1.948884E-17
      3843.25  1.281690E-17
      3846.24  1.091409E-17
      3849.24  7.422090E-18
      3852.24  6.307012E-18
      3855.24 -4.827896E-18
      3858.24  9.065105E-18
      3861.24  1.381018E-18
      3864.23  5.745982E-18
      3867.23  5.399537E-18
      3870.23 -2.566367E-18
      3873.23  4.890462E-18
      3876.23  2.971289E-18
      3879.23 -6.101969E-18
      3882.23  5.759381E-18
      3885.22 -1.791077E-18
      3888.22 -1.144237E-17
      3891.22 -2.430431E-18
      3894.22 -8.960996E-18
      3897.22 -1.387922E-18
      3900.22  1.063621E-17
      3903.22  1.255278E-17
      3906.21  9.369750E-18
      3909.21  1.598047E-17
      3912.21  8.959483E-18
      3915.21  2.107002E-17
      3918.21  1.715161E-17
      3921.21  1.133669E-17
      3924.21  1.317891E-17
      3927.20  1.860483E-17
      3930.20  1.472548E-17
      3933.20  1.058507E-17
      3936.20  1.483817E-17
      3939.20  2.083392E-17
      3942.20  2.905935E-17
      3945.20  2.639005E-17
      3948.19  2.694247E-17
      3951.19  3.432788E-17
      3954.19  2.602617E-17
      3957.19  3.377333E-17
      3960.19  2.484585E-17
      3963.19  3.259985E-17
      3966.19  3.702157E-17
      3969.18  4.306836E-17
      3972.18  3.837581E-17
      3975.18  3.289736E-17
      3978.18  3.419359E-17
      3981.18  4.426159E-17
      3984.18  4.726761E-17
      3987.17  5.399735E-17
      3990.17  4.221115E-17
      3993.17  5.334806E-17
      3996.17  4.655703E-17
      3999.17  5.301632E-17
      4002.17  5.246935E-17
      4005.17  4.822452E-17
      4008.16  5.639240E-17
      4011.16  4.890777E-17
      4014.16  6.355747E-17
      4017.16  5.843533E-17
      4020.16  4.756440E-17
      4023.16  4.952689E-17
      4026.16  4.670984E-17
      4029.15  4.378062E-17
      4032.15  5.429533E-17
      4035.15  5.887093E-17
      4038.15  5.699998E-17
      4041.15  5.484843E-17
      4044.15  6.642986E-17
      4047.15  5.871746E-17
      4050.14  7.183852E-17
      4053.14  5.840879E-17
      4056.14  6.152144E-17
      4059.14  5.038573E-17
      4062.14  4.369593E-17
      4065.14  3.271955E-17
      4068.14  2.476943E-17
      4071.13  1.826561E-17
      4074.13  1.607456E-17
      4077.13  1.038502E-17
      4080.13  6.755966E-18
      4083.13  2.111453E-17
      4086.13  3.390611E-17
      4089.13  3.807314E-17
      4092.12  4.388281E-17
      4095.12  4.973298E-17
      4098.12  5.671829E-17
      4101.12  6.904263E-17
      4104.12  7.617336E-17
      4107.12  7.760087E-17
      4110.11  8.222975E-17
      4113.11  7.973740E-17
      4116.11  8.811058E-17
      4119.11  9.147801E-17
      4122.11  7.357206E-17
      4125.11  7.728589E-17
      4128.11  8.402307E-17
      4131.10  7.714719E-17
      4134.10  6.469225E-17
      4137.10  5.822138E-17
      4140.10  6.122823E-17
      4143.10  6.150746E-17
      4146.10  6.755757E-17
      4149.10  6.195932E-17
      4152.09  6.745167E-17
      4155.09  7.696807E-17
      4158.09  7.078580E-17
      4161.09  8.118126E-17
      4164.09  7.926581E-17
      4167.09  7.309522E-17
      4170.09  8.436431E-17
      4173.08  7.785987E-17
      4176.08  6.915757E-17
      4179.08  6.974007E-17
      4182.08  7.517394E-17
      4185.08  6.698920E-17
      4188.08  6.051890E-17
      4191.08  5.230749E-17
      4194.07  5.374661E-17
      4197.07  4.943120E-17
      4200.07  4.586333E-17
      4203.07  4.156073E-17
      4206.07  4.707387E-17
      4209.07  4.391812E-17
      4212.07  3.844671E-17
      4215.06  4.053464E-17
      4218.06  5.812710E-17
      4221.06  6.835150E-17
      4224.06  7.044454E-17
      4227.06  7.752192E-17
      4230.06  8.477255E-17
      4233.06  8.182917E-17
      4236.05  7.664454E-17
      4239.05  6.646464E-17
      4242.05  5.778500E-17
      4245.05  5.366697E-17
      4248.05  5.207863E-17
      4251.05  4.258582E-17
      4254.04  4.638520E-17
      4257.04  4.489980E-17
      4260.04  4.187239E-17
      4263.04  4.255683E-17
      4266.04  4.532596E-17
      4269.04  3.951856E-17
      4272.04  3.909618E-17
      4275.03  3.931003E-17
      4278.03  4.857214E-17
      4281.03  4.340349E-17
      4284.03  4.092670E-17
      4287.03  3.884427E-17
      4290.03  4.111527E-17
      4293.03  3.657541E-17
      4296.02  3.024275E-17
      4299.02  2.267700E-17
      4302.02  1.865215E-17
      4305.02  3.202975E-17
      4308.02  3.226193E-17
      4311.02  3.361400E-17
      4314.02  3.422477E-17
      4317.01  3.780431E-17
      4320.01  3.637118E-17
      4323.01  5.126311E-17
      4326.01  5.879558E-17
      4329.01  6.930092E-17
      4332.01  7.381983E-17
      4335.01  6.843986E-17
      4338.00  6.190431E-17
      4341.00  6.471392E-17
      4344.00  6.098060E-17
      4347.00  4.189755E-17
      4350.00  3.797290E-17
      4353.00  4.345531E-17
      4356.00  5.179100E-17
      4358.99  6.068670E-17
      4361.99  5.639426E-17
      4364.99  5.122474E-17
      4367.99  5.328437E-17
      4370.99  5.019626E-17
      4373.99  5.095755E-17
      4376.98  5.550307E-17
      4379.98  5.998579E-17
      4382.98  5.859964E-17
      4385.98  6.494389E-17
      4388.98  6.475277E-17
      4391.98  7.220341E-17
      4394.98  7.276466E-17
      4397.97  7.134285E-17
      4400.97  5.919477E-17
      4403.97  6.466103E-17
      4406.97  6.531073E-17
      4409.97  5.936493E-17
      4412.97  6.107628E-17
      4415.97  5.581587E-17
      4418.96  6.096696E-17
      4421.96  6.194930E-17
      4424.96  6.037635E-17
      4427.96  5.817873E-17
      4430.96  5.592409E-17
      4433.96  5.953345E-17
      4436.96  6.420746E-17
      4439.95  7.229975E-17
      4442.95  7.297452E-17
      4445.95  7.371284E-17
      4448.95  7.893062E-17
      4451.95  7.533133E-17
      4454.95  7.623504E-17
      4457.95  8.490656E-17
      4460.94  7.781794E-17
      4463.94  6.697718E-17
      4466.94  6.765936E-17
      4469.94  7.058404E-17
      4472.94  7.469146E-17
      4475.94  6.562813E-17
      4478.94  7.274592E-17
      4481.93  7.330975E-17
      4484.93  6.994444E-17
      4487.93  6.433046E-17
      4490.93  6.628037E-17
      4493.93  6.021076E-17
      4496.93  6.324572E-17
      4499.93  6.684954E-17
      4502.92  5.973131E-17
      4505.92  5.820994E-17
      4508.92  5.955321E-17
      4511.92  5.412262E-17
      4514.92  5.084653E-17
      4517.92  4.370786E-17
      4520.91  5.244423E-17
      4523.91  5.596939E-17
      4526.91  5.142982E-17
      4529.91  5.655331E-17
      4532.91  5.654133E-17
      4535.91  5.849304E-17
      4538.91  6.175795E-17
      4541.90  6.883192E-17
      4544.90  7.671374E-17
      4547.90  7.847151E-17
      4550.90  8.793017E-17
      4553.90  7.930974E-17
      4556.90  8.708121E-17
      4559.90  1.008302E-16
      4562.89  1.062507E-16
      4565.89  1.201019E-16
      4568.89  1.274117E-16
      4571.89  1.369921E-16
      4574.89  1.588924E-16
      4577.89  1.581677E-16
      4580.89  1.507112E-16
      4583.88  1.569305E-16
      4586.88  1.629657E-16
      4589.88  1.588122E-16
      4592.88  1.544123E-16
      4595.88  1.542304E-16
      4598.88  1.538582E-16
      4601.88  1.520718E-16
      4604.87  1.508423E-16
      4607.87  1.589798E-16
      4610.87  1.473293E-16
      4613.87  1.495866E-16
      4616.87  1.511852E-16
      4619.87  1.489284E-16
      4622.87  1.555056E-16
      4625.86  1.451366E-16
      4628.86  1.371082E-16
      4631.86  1.426562E-16
      4634.86  1.448338E-16
      4637.86  1.367574E-16
      4640.86  1.343749E-16
      4643.85  1.410235E-16
      4646.85  1.465690E-16
      4649.85  1.476215E-16
      4652.85  1.459827E-16
      4655.85  1.456234E-16
      4658.85  1.453583E-16
      4661.85  1.471372E-16
      4664.84  1.482617E-16
      4667.84  1.498226E-16
      4670.84  1.373956E-16
      4673.84  1.370503E-16
      4676.84  1.395485E-16
      4679.84  1.417952E-16
      4682.84  1.415511E-16
      4685.83  1.398763E-16
      4688.83  1.365056E-16
      4691.83  1.365857E-16
      4694.83  1.382797E-16
      4697.83  1.442051E-16
      4700.83  1.478350E-16
      4703.83  1.432851E-16
      4706.82  1.408155E-16
      4709.82  1.428495E-16
      4712.82  1.395974E-16
      4715.82  1.363535E-16
      4718.82  1.348898E-16
      4721.82  1.372534E-16
      4724.82  1.398222E-16
      4727.81  1.343073E-16
      4730.81  1.281301E-16
      4733.81  1.284662E-16
      4736.81  1.239704E-16
      4739.81  1.280080E-16
      4742.81  1.290053E-16
      4745.81  1.271017E-16
      4748.80  1.197841E-16
      4751.80  1.231242E-16
      4754.80  1.259669E-16
      4757.80  1.181848E-16
      4760.80  1.124555E-16
      4763.80  1.216721E-16
      4766.79  1.267747E-16
      4769.79  1.303214E-16
      4772.79  1.283426E-16
      4775.79  1.260889E-16
      4778.79  1.231452E-16
      4781.79  1.260443E-16
      4784.79  1.155904E-16
      4787.78  1.120928E-16
      4790.78  1.177545E-16
      4793.78  1.062835E-16
      4796.78  9.529771E-17
      4799.78  8.012263E-17
      4802.78  6.726016E-17
      4805.78  5.186747E-17
      4808.77  3.572825E-17
      4811.77  2.894026E-17
      4814.77  2.863941E-17
      4817.77  2.084308E-17
      4820.77  1.711226E-17
      4823.77  1.641979E-17
      4826.77  2.200106E-17
      4829.76  3.642233E-17
      4832.76  5.139987E-17
      4835.76  6.577512E-17
      4838.76  8.038149E-17
      4841.76  1.079695E-16
      4844.76  1.339664E-16
      4847.76  1.635458E-16
      4850.75  1.947218E-16
      4853.75  2.200448E-16
      4856.75  2.395325E-16
      4859.75  2.563444E-16
      4862.75  2.670466E-16
      4865.75  2.462996E-16
      4868.75  2.180969E-16
      4871.74  2.098083E-16
      4874.74  2.009312E-16
      4877.74  2.000853E-16
      4880.74  2.101290E-16
      4883.74  2.154955E-16
      4886.74  2.205669E-16
      4889.74  2.114045E-16
      4892.73  2.116064E-16
      4895.73  2.131727E-16
      4898.73  2.025441E-16
      4901.73  1.902198E-16
      4904.73  1.941313E-16
      4907.73  1.929402E-16
      4910.72  1.898858E-16
      4913.72  1.884416E-16
      4916.72  1.937170E-16
      4919.72  1.950147E-16
      4922.72  1.980984E-16
      4925.72  1.920992E-16
      4928.72  1.888828E-16
      4931.71  1.869884E-16
      4934.71  1.925830E-16
      4937.71  1.859782E-16
      4940.71  1.806457E-16
      4943.71  1.842771E-16
      4946.71  1.974430E-16
      4949.71  1.942856E-16
      4952.70  1.905321E-16
      4955.70  1.807745E-16
      4958.70  1.698581E-16
      4961.70  1.600135E-16
      4964.70  1.195176E-16
      4967.70  1.003867E-16
      4970.70  9.061558E-17
      4973.69  9.736876E-17
      4976.69  9.743411E-17
      4979.69  9.667238E-17
      4982.69  1.018081E-16
      4985.69  1.020750E-16
      4988.69  1.060778E-16
      4991.69  1.112101E-16
      4994.68  1.174105E-16
      4997.68  1.261059E-16
      5000.68  1.415808E-16
      5003.68  1.400176E-16
      5006.68  1.464735E-16
      5009.68  1.387751E-16
      5012.68  7.200405E-17
      5015.67  4.552436E-17
      5018.67  7.299416E-17
      5021.67  1.029872E-16
      5024.67  1.186825E-16
      5027.67  1.624180E-16
      5030.67  1.813353E-16
      5033.66  1.857673E-16
      5036.66  1.766066E-16
      5039.66  1.783070E-16
      5042.66  1.761407E-16
      5045.66  1.805336E-16
      5048.66  1.837379E-16
      5051.66  1.955971E-16
      5054.65  1.931709E-16
      5057.65  1.905326E-16
      5060.65  1.843031E-16
      5063.65  1.852107E-16
      5066.65  1.755058E-16
      5069.65  1.728506E-16
      5072.65  1.651625E-16
      5075.64  1.645081E-16
      5078.64  1.618468E-16
      5081.64  1.536795E-16
      5084.64  1.547419E-16
      5087.64  1.537259E-16
      5090.64  1.443741E-16
      5093.64  1.421994E-16
      5096.63  1.398970E-16
      5099.63  1.423642E-16
      5102.63  1.402801E-16
      5105.63  1.412870E-16
      5108.63  1.362636E-16
      5111.63  1.335338E-16
      5114.63  1.240189E-16
      5117.62  1.166691E-16
      5120.62  1.061360E-16
      5123.62  9.752182E-17
      5126.62  9.381794E-17
      5129.62  9.326432E-17
      5132.62  9.114656E-17
      5135.62  9.175351E-17
      5138.61  9.371413E-17
      5141.61  9.835295E-17
      5144.61  1.027180E-16
      5147.61  1.001135E-16
      5150.61  1.043486E-16
      5153.61  1.115229E-16
      5156.60  1.133941E-16
      5159.60  1.143496E-16
      5162.60  1.126036E-16
      5165.60  1.200853E-16
      5168.60  1.238771E-16
      5171.60  1.320724E-16
      5174.60  1.323586E-16
      5177.59  1.334322E-16
      5180.59  1.367770E-16
      5183.59  1.476606E-16
      5186.59  1.497501E-16
      5189.59  1.478998E-16
      5192.59  1.475273E-16
      5195.59  1.575469E-16
      5198.58  1.619629E-16
      5201.58  1.721744E-16
      5204.58  1.839366E-16
      5207.58  1.917911E-16
      5210.58  1.968755E-16
      5213.58  1.986229E-16
      5216.58  2.002562E-16
      5219.57  1.980601E-16
      5222.57  1.967827E-16
      5225.57  1.992925E-16
      5228.57  2.015929E-16
      5231.57  2.032762E-16
      5234.57  2.008054E-16
      5237.57  1.941549E-16
      5240.56  1.951456E-16
      5243.56  2.008756E-16
      5246.56  1.960161E-16
      5249.56  1.818721E-16
      5252.56  1.905190E-16
      5255.56  1.910359E-16
      5258.56  1.803080E-16
      5261.55  1.781102E-16
      5264.55  1.814059E-16
      5267.55  1.808268E-16
      5270.55  1.728114E-16
      5273.55  1.754484E-16
      5276.55  1.768398E-16
      5279.55  1.697857E-16
      5282.54  1.778424E-16
      5285.54  1.761720E-16
      5288.54  1.749464E-16
      5291.54  1.704993E-16
      5294.54  1.759527E-16
      5297.54  1.712347E-16
      5300.53  1.785822E-16
      5303.53  1.835721E-16
      5306.53  1.787594E-16
      5309.53  1.876965E-16
      5312.53  1.832449E-16
      5315.53  1.810501E-16
      5318.53  1.853672E-16
      5321.52  1.779305E-16
      5324.52  1.715451E-16
      5327.52  1.799779E-16
      5330.52  1.758890E-16
      5333.52  1.813893E-16
      5336.52  1.783699E-16
      5339.52  1.882192E-16
      5342.51  1.976616E-16
      5345.51  1.943725E-16
      5348.51  1.978427E-16
      5351.51  2.079723E-16
      5354.51  2.054809E-16
      5357.51  2.011662E-16
      5360.51  1.985643E-16
      5363.50  1.851614E-16
      5366.50  1.841465E-16
      5369.50  1.792078E-16
      5372.50  1.759524E-16
      5375.50  1.773227E-16
      5378.50  1.824759E-16
      5381.50  1.787790E-16
      5384.49  1.738975E-16
      5387.49  1.724262E-16
      5390.49  1.784880E-16
      5393.49  1.763009E-16
      5396.49  1.762900E-16
      5399.49  1.805383E-16
      5402.49  1.784647E-16
      5405.48  1.793105E-16
      5408.48  1.768919E-16
      5411.48  1.768265E-16
      5414.48  1.792276E-16
      5417.48  1.874059E-16
      5420.48  1.835694E-16
      5423.47  1.783146E-16
      5426.47  1.808989E-16
      5429.47  1.867456E-16
      5432.47  1.891457E-16
      5435.47  1.887164E-16
      5438.47  1.919064E-16
      5441.47  1.944949E-16
      5444.46  1.921475E-16
      5447.46  1.940897E-16
      5450.46  1.956905E-16
      5453.46  2.003701E-16
      5456.46  1.917455E-16
      5459.46  1.922111E-16
      5462.46  1.967026E-16
      5465.45  1.972916E-16
      5468.45  2.011674E-16
      5471.45  1.957065E-16
      5474.45  1.881320E-16
      5477.45  1.839501E-16
      5480.45  1.839638E-16
      5483.45  1.786144E-16
      5486.44  1.669933E-16
      5489.44  1.555966E-16
      5492.44  1.656640E-16
      5495.44  1.654513E-16
      5498.44  1.670559E-16
      5501.44  1.767547E-16
      5504.44  1.815842E-16
      5507.43  1.860656E-16
      5510.43  1.894658E-16
      5513.43  1.860107E-16
      5516.43  1.895593E-16
      5519.43  1.945157E-16
      5522.43  1.912903E-16
      5525.43  1.923759E-16
      5528.42  1.944421E-16
      5531.42  1.985722E-16
      5534.42  2.085194E-16
      5537.42  2.084995E-16
      5540.42  2.010909E-16
      5543.42  2.020535E-16
      5546.41  2.042072E-16
      5549.41  2.075726E-16
      5552.41  2.119323E-16
      5555.41  2.100949E-16
      5558.41  2.061781E-16
      5561.41  2.094858E-16
      5564.41  2.091706E-16
      5567.40  2.079413E-16
      5570.40  2.141098E-16
      5573.40  2.094964E-16
      5576.40  2.021121E-16
      5579.40  1.970948E-16
      5582.40  1.985379E-16
      5585.40  1.976245E-16
      5588.39  1.855712E-16
      5591.39  1.791178E-16
      5594.39  1.774195E-16
      5597.39  1.724226E-16
      5600.39  1.679977E-16
      5603.39  1.698501E-16
      5606.39  1.694989E-16
      5609.38  1.645979E-16
      5612.38  1.588143E-16
      5615.38  1.581723E-16
      5618.38  1.617290E-16
      5621.38  1.578519E-16
      5624.38  1.544225E-16
      5627.38  1.509129E-16
      5630.37  1.469856E-16
      5633.37  1.528345E-16
      5636.37  1.507600E-16
      5639.37  1.485673E-16
      5642.37  1.555038E-16
      5645.37  1.582107E-16
      5648.37  1.515552E-16
      5651.36  1.587800E-16
      5654.36  1.509249E-16
      5657.36  1.571317E-16
      5660.36  1.663811E-16
      5663.36  1.620855E-16
      5666.36  1.649414E-16
      5669.36  1.652798E-16
      5672.35  1.613843E-16
      5675.35  1.600082E-16
      5678.35  1.640063E-16
      5681.35  1.593534E-16
      5684.35  1.561202E-16
      5687.35  1.592892E-16
      5690.34  1.514514E-16
      5693.34  1.597351E-16
      5696.34  1.614136E-16
      5699.34  1.614236E-16
      5702.34  1.604643E-16
      5705.34  1.620927E-16
      5708.34  1.678640E-16
      5711.33  1.605550E-16
      5714.33  1.612058E-16
      5717.33  1.647615E-16
      5720.33  1.545652E-16
      5723.33  1.556047E-16
      5726.33  1.608359E-16
      5729.33  1.602629E-16
      5732.32  1.584453E-16
      5735.32  1.583588E-16
      5738.32  1.604096E-16
      5741.32  1.524400E-16
      5744.32  1.495060E-16
      5747.32  1.547047E-16
      5750.32  1.537436E-16
      5753.31  1.566985E-16
      5756.31  1.615723E-16
      5759.31  1.619925E-16
      5762.31  1.675911E-16
      5765.31  1.592465E-16
      5768.31  1.566635E-16
      5771.31  1.567024E-16
      5774.30  1.579057E-16
      5777.30  1.572792E-16
      5780.30  1.506104E-16
      5783.30  1.473715E-16
      5786.30  1.446970E-16
      5789.30  1.383758E-16
      5792.30  1.395066E-16
      5795.29  1.393780E-16
      5798.29  1.318799E-16
      5801.29  1.225226E-16
      5804.29  1.085536E-16
      5807.29  1.021037E-16
      5810.29  9.359073E-17
      5813.28  8.487042E-17
      5816.28  7.674163E-17
      5819.28  6.770510E-17
      5822.28  5.280838E-17
      5825.28  4.503134E-17
      5828.28  3.730319E-17
      5831.28  2.836976E-17
      5834.27  2.675005E-17
      5837.27  2.259898E-17
      5840.27  2.198771E-17
      5843.27  2.587782E-17
      5846.27  3.058661E-17
      5849.27  3.622060E-17
      5852.27  4.451058E-17
      5855.26  5.013540E-17
      5858.26  5.986551E-17
      5861.26  7.225874E-17
      5864.26  8.633086E-17
      5867.26  9.935700E-17
      5870.26  1.175523E-16
      5873.26  1.362720E-16
      5876.25  1.494856E-16
      5879.25  1.695858E-16
      5882.25  1.782295E-16
      5885.25  1.978579E-16
      5888.25  2.165087E-16
      5891.25  2.376235E-16
      5894.25  2.495679E-16
      5897.24  2.693537E-16
      5900.24  2.910403E-16
      5903.24  3.149535E-16
      5906.24  3.221520E-16
      5909.24  3.194302E-16
      5912.24  3.242630E-16
      5915.24  3.284438E-16
      5918.23  3.314416E-16
      5921.23  3.270993E-16
      5924.23  3.222563E-16
      5927.23  3.206281E-16
      5930.23  3.170766E-16
      5933.23  3.032006E-16
      5936.23  2.860658E-16
      5939.22  2.739448E-16
      5942.22  2.599026E-16
      5945.22  2.477257E-16
      5948.22  2.428704E-16
      5951.22  2.374034E-16
      5954.22  2.259783E-16
      5957.21  2.181928E-16
      5960.21  2.134460E-16
      5963.21  2.034271E-16
      5966.21  2.102543E-16
      5969.21  1.973052E-16
      5972.21  1.889859E-16
      5975.21  1.918191E-16
      5978.20  1.872548E-16
      5981.20  1.810305E-16
      5984.20  1.791517E-16
      5987.20  1.763620E-16
      5990.20  1.830789E-16
      5993.20  1.879840E-16
      5996.20  1.808549E-16
      5999.19  1.774408E-16
      6002.19  1.789792E-16
      6005.19  1.768286E-16
      6008.19  1.742696E-16
      6011.19  1.734520E-16
      6014.19  1.729470E-16
      6017.19  1.698814E-16
      6020.18  1.710324E-16
      6023.18  1.780649E-16
      6026.18  1.829465E-16
      6029.18  1.835218E-16
      6032.18  1.709598E-16
      6035.18  1.711980E-16
      6038.18  1.718693E-16
      6041.17  1.657817E-16
      6044.17  1.562520E-16
      6047.17  1.527344E-16
      6050.17  1.535902E-16
      6053.17  1.498930E-16
      6056.17  1.502935E-16
      6059.17  1.524095E-16
      6062.16  1.561022E-16
      6065.16  1.551462E-16
      6068.16  1.530179E-16
      6071.16  1.502111E-16
      6074.16  1.460158E-16
      6077.16  1.496778E-16
      6080.15  1.511297E-16
      6083.15  1.510550E-16
      6086.15  1.446555E-16
      6089.15  1.445606E-16
      6092.15  1.461659E-16
      6095.15  1.476268E-16
      6098.15  1.530103E-16
      6101.14  1.495527E-16
      6104.14  1.606262E-16
      6107.14  1.644855E-16
      6110.14  1.625877E-16
      6113.14  1.739471E-16
      6116.14  1.794786E-16
      6119.14  1.726092E-16
      6122.13  1.734639E-16
      6125.13  1.809766E-16
      6128.13  1.821978E-16
      6131.13  1.844605E-16
      6134.13  1.885059E-16
      6137.13  1.848357E-16
      6140.13  1.847381E-16
      6143.12  1.882855E-16
      6146.12  1.830156E-16
      6149.12  1.869628E-16
      6152.12  1.885352E-16
      6155.12  1.926046E-16
      6158.12  1.915238E-16
      6161.12  1.983337E-16
      6164.11  2.077163E-16
      6167.11  2.112707E-16
      6170.11  2.177969E-16
      6173.11  2.254686E-16
      6176.11  2.206489E-16
      6179.11  2.191231E-16
      6182.11  2.180099E-16
      6185.10  2.071900E-16
      6188.10  2.034230E-16
      6191.10  1.997747E-16
      6194.10  1.943693E-16
      6197.10  1.925244E-16
      6200.10  1.820585E-16
      6203.09  1.851243E-16
      6206.09  1.786760E-16
      6209.09  1.755423E-16
      6212.09  1.716463E-16
      6215.09  1.745397E-16
      6218.09  1.789472E-16
      6221.09  1.760614E-16
      6224.08  1.812276E-16
      6227.08  1.790585E-16
      6230.08  1.769897E-16
      6233.08  1.727555E-16
      6236.08  1.792310E-16
      6239.08  1.858415E-16
      6242.08  1.823433E-16
      6245.07  1.840716E-16
      6248.07  1.854116E-16
      6251.07  1.888405E-16
      6254.07  2.032903E-16
      6257.07  2.074392E-16
      6260.07  2.123345E-16
      6263.07  2.297949E-16
      6266.06  2.441398E-16
      6269.06  2.531469E-16
      6272.06  2.671166E-16
      6275.06  2.813994E-16
      6278.06  2.875791E-16
      6281.06  2.825837E-16
      6284.06  2.776365E-16
      6287.05  2.778439E-16
      6290.05  2.805477E-16
      6293.05  2.872937E-16
      6296.05  2.799005E-16
      6299.05  2.698881E-16
      6302.05  2.593813E-16
      6305.05  2.527421E-16
      6308.04  2.628757E-16
      6311.04  2.584230E-16
      6314.04  2.512456E-16
      6317.04  2.544247E-16
      6320.04  2.433146E-16
      6323.04  2.401667E-16
      6326.04  2.453227E-16
      6329.03  2.532293E-16
      6332.03  2.624305E-16
      6335.03  2.757653E-16
      6338.03  2.916813E-16
      6341.03  2.930593E-16
      6344.03  2.972144E-16
      6347.02  2.936081E-16
      6350.02  2.843779E-16
      6353.02  2.765861E-16
      6356.02  2.678964E-16
      6359.02  2.620366E-16
      6362.02  2.614245E-16
      6365.02  2.601231E-16
      6368.01  2.492773E-16
      6371.01  2.483002E-16
      6374.01  2.551802E-16
      6377.01  2.450972E-16
      6380.01  2.331877E-16
      6383.01  2.239493E-16
      6386.01  2.323458E-16
      6389.00  2.158257E-16
      6392.00  2.076446E-16
      6395.00  2.153256E-16
      6398.00  2.201670E-16
      6401.00  2.220838E-16
      6404.00  2.174041E-16
      6407.00  2.126289E-16
      6409.99  2.035973E-16
      6412.99  1.887003E-16
      6415.99  1.741225E-16
      6418.99  1.569059E-16
      6421.99  1.558034E-16
      6424.99  1.591009E-16
      6427.99  1.708798E-16
      6430.98  1.705143E-16
      6433.98  1.724252E-16
      6436.98  1.720573E-16
      6439.98  1.670742E-16
      6442.98  1.628954E-16
      6445.98  1.564399E-16
      6448.98  1.512487E-16
      6451.97  1.462517E-16
      6454.97  1.427379E-16
      6457.97  1.389023E-16
      6460.97  1.304797E-16
      6463.97  1.228035E-16
      6466.97  1.133428E-16
      6469.96  9.637400E-17
      6472.96  8.071967E-17
      6475.96  7.041453E-17
      6478.96  6.352083E-17
      6481.96  6.005603E-17
      6484.96  5.612824E-17
      6487.96  5.682490E-17
      6490.95  6.324201E-17
      6493.95  7.256809E-17
      6496.95  8.166486E-17
      6499.95  9.629642E-17
      6502.95  1.180221E-16
      6505.95  1.561162E-16
      6508.95  2.015208E-16
      6511.94  2.546396E-16
      6514.94  3.312177E-16
      6517.94  4.299188E-16
      6520.94  5.649469E-16
      6523.94  7.354386E-16
      6526.94  9.133429E-16
      6529.94  1.117472E-15
      6532.93  1.324570E-15
      6535.93  1.535619E-15
      6538.93  1.725841E-15
      6541.93  1.896010E-15
      6544.93  2.004051E-15
      6547.93  2.032289E-15
      6550.93  2.059201E-15
      6553.92  2.054746E-15
      6556.92  2.042778E-15
      6559.92  2.016701E-15
      6562.92  1.931211E-15
      6565.92  1.837653E-15
      6568.92  1.764731E-15
      6571.92  1.680070E-15
      6574.91  1.583197E-15
      6577.91  1.549565E-15
      6580.91  1.515090E-15
      6583.91  1.478165E-15
      6586.91  1.445314E-15
      6589.91  1.462704E-15
      6592.90  1.485776E-15
      6595.90  1.516914E-15
      6598.90  1.564722E-15
      6601.90  1.595602E-15
      6604.90  1.597241E-15
      6607.90  1.581832E-15
      6610.90  1.529958E-15
      6613.89  1.449094E-15
      6616.89  1.351137E-15
      6619.89  1.216914E-15
      6622.89  1.088144E-15
      6625.89  9.617885E-16
      6628.89  8.462268E-16
      6631.89  7.271722E-16
      6634.88  6.604838E-16
      6637.88  5.961345E-16
      6640.88  5.110044E-16
      6643.88  4.631612E-16
      6646.88  4.423158E-16
      6649.88  4.107178E-16
      6652.88  3.776898E-16
      6655.87  3.530075E-16
      6658.87  3.326223E-16
      6661.87  3.158995E-16
      6664.87  2.984651E-16
      6667.87  2.772750E-16
      6670.87  2.578682E-16
      6673.87  2.431826E-16
      6676.86  2.320967E-16
      6679.86  2.402325E-16
      6682.86  2.294087E-16
      6685.86  2.202439E-16
      6688.86  2.147166E-16
      6691.86  2.068424E-16
      6694.86  2.067166E-16
      6697.85  2.005876E-16
      6700.85  1.913807E-16
      6703.85  1.885922E-16
      6706.85  1.850456E-16
      6709.85  1.824398E-16
      6712.85  1.845897E-16
      6715.85  1.880986E-16
      6718.84  1.903032E-16
      6721.84  1.883155E-16
      6724.84  1.850125E-16
      6727.84  1.808039E-16
      6730.84  1.864746E-16
      6733.84  1.838305E-16
      6736.83  1.851230E-16
      6739.83  1.818626E-16
      6742.83  1.738518E-16
      6745.83  1.632000E-16
      6748.83  1.597626E-16
      6751.83  1.642419E-16
      6754.83  1.690039E-16
      6757.82  1.711906E-16
      6760.82  1.655548E-16
      6763.82  1.625646E-16
      6766.82  1.651096E-16
      6769.82  1.631811E-16
      6772.82  1.616944E-16
      6775.82  1.580034E-16
      6778.81  1.558367E-16
      6781.81  1.600091E-16
      6784.81  1.583729E-16
      6787.81  1.589722E-16
      6790.81  1.568101E-16
      6793.81  1.530219E-16
      6796.81  1.565852E-16
      6799.80  1.589550E-16
      6802.80  1.551276E-16
      6805.80  1.530808E-16
      6808.80  1.537318E-16
      6811.80  1.518156E-16
      6814.80  1.515541E-16
      6817.80  1.620977E-16
      6820.79  1.534571E-16
      6823.79  1.564612E-16
      6826.79  1.645008E-16
      6829.79  1.553053E-16
      6832.79  1.482172E-16
      6835.79  1.571968E-16
      6838.79  1.628647E-16
      6841.78  1.553928E-16
      6844.78  1.509728E-16
      6847.78  1.544137E-16
      6850.78  1.611303E-16
      6853.78  1.666469E-16
      6856.78  1.572988E-16
      6859.77  1.573865E-16
      6862.77  1.513687E-16
      6865.77  1.448170E-16
      6868.77  1.393222E-16
      6871.77  1.320301E-16
      6874.77  1.352881E-16
      6877.77  1.425638E-16
      6880.76  1.440563E-16
      6883.76  1.455645E-16
      6886.76  1.429322E-16
      6889.76  1.429145E-16
      6892.76  1.449352E-16
      6895.76  1.383518E-16
      6898.76  1.410725E-16
      6901.75  1.406181E-16
      6904.75  1.434925E-16
      6907.75  1.393477E-16
      6910.75  1.435121E-16
      6913.75  1.469174E-16
      6916.75  1.476204E-16
      6919.75  1.460608E-16
      6922.74  1.393249E-16
      6925.74  1.408191E-16
      6928.74  1.473705E-16
      6931.74  1.394085E-16
      6934.74  1.363873E-16
      6937.74  1.478513E-16
      6940.74  1.480724E-16
      6943.73  1.478713E-16
      6946.73  1.445475E-16
      6949.73  1.522353E-16
      6952.73  1.494275E-16
      6955.73  1.547459E-16
      6958.73  1.514413E-16
      6961.73  1.468827E-16
      6964.72  1.542494E-16
      6967.72  1.525519E-16
      6970.72  1.499575E-16
      6973.72  1.575901E-16
      6976.72  1.623919E-16
      6979.72  1.594784E-16
      6982.71  1.556379E-16
      6985.71  1.564775E-16
      6988.71  1.551433E-16
      6991.71  1.531330E-16
      6994.71  1.607570E-16
      6997.71  1.570616E-16
      7000.71  1.512918E-16
      7003.70  1.553955E-16
      7006.70  1.575964E-16
      7009.70  1.568130E-16
      7012.70  1.580876E-16
      7015.70  1.578981E-16
      7018.70  1.669331E-16
      7021.70  1.751841E-16
      7024.69  1.705488E-16
      7027.69  1.711577E-16
      7030.69  1.661941E-16
      7033.69  1.772532E-16
      7036.69  1.891309E-16
      7039.69  1.781909E-16
      7042.69  1.754885E-16
      7045.68  1.769827E-16
      7048.68  1.773253E-16
      7051.68  1.713261E-16
      7054.68  1.733842E-16
      7057.68  1.759602E-16
      7060.68  1.725616E-16
      7063.68  1.792742E-16
      7066.67  1.869444E-16
      7069.67  1.797558E-16
      7072.67  1.755044E-16
      7075.67  1.793217E-16
      7078.67  1.811118E-16
      7081.67  1.790596E-16
      7084.67  1.814597E-16
      7087.66  1.881122E-16
      7090.66  1.895423E-16
      7093.66  1.873119E-16
      7096.66  1.977726E-16
      7099.66  2.028371E-16
      7102.66  2.008107E-16
      7105.66  2.053914E-16
      7108.65  2.084413E-16
      7111.65  2.104730E-16
      7114.65  2.094590E-16
      7117.65  2.100836E-16
      7120.65  2.085067E-16
      7123.65  2.108573E-16
      7126.64  2.072584E-16
      7129.64  2.123138E-16
      7132.64  2.062060E-16
      7135.64  2.077173E-16
      7138.64  2.087155E-16
      7141.64  2.038342E-16
      7144.64  2.067144E-16
      7147.63  2.012447E-16
      7150.63  1.906947E-16
      7153.63  2.010195E-16
      7156.63  2.054888E-16
      7159.63  1.982752E-16
      7162.63  1.916915E-16
      7165.63  1.883355E-16
      7168.62  1.929863E-16
      7171.62  1.840907E-16
      7174.62  1.729580E-16
      7177.62  1.722355E-16
      7180.62  1.757008E-16
      7183.62  1.825210E-16
      7186.62  1.813153E-16
      7189.61  1.764177E-16
      7192.61  1.812193E-16
      7195.61  1.763981E-16
      7198.61  1.761298E-16
      7201.61  1.826632E-16
      7204.61  1.771530E-16
      7207.61  1.807200E-16
      7210.60  1.861841E-16
      7213.60  1.855633E-16
      7216.60  1.953618E-16
      7219.60  2.042541E-16
      7222.60  1.977376E-16
      7225.60  1.925124E-16
      7228.60  1.898081E-16
      7231.59  1.809503E-16
      7234.59  1.812033E-16
      7237.59  1.902152E-16
      7240.59  1.993225E-16
      7243.59  2.062555E-16
      7246.59  2.253599E-16
      7249.58  2.596597E-16
      7252.58  2.927878E-16
      7255.58  3.153993E-16
      7258.58  3.361601E-16
      7261.58  3.510020E-16
      7264.58  3.504337E-16
      7267.58  3.565248E-16
      7270.57  3.693762E-16
      7273.57  3.624723E-16
      7276.57  3.529464E-16
      7279.57  3.606512E-16
      7282.57  3.904960E-16
      7285.57  4.014386E-16
      7288.57  4.156964E-16
      7291.56  4.233137E-16
      7294.56  4.315865E-16
      7297.56  4.395342E-16
      7300.56  4.357048E-16
      7303.56  4.250819E-16
      7306.56  4.197611E-16
      7309.56  4.200995E-16
      7312.55  4.097294E-16
      7315.55  3.920882E-16
      7318.55  3.948646E-16
      7321.55  3.991647E-16
      7324.55  4.134623E-16
      7327.55  4.211636E-16
      7330.55  4.332292E-16
      7333.54  4.378120E-16
      7336.54  4.607868E-16
      7339.54  4.558859E-16
      7342.54  4.373708E-16
      7345.54  4.280313E-16
      7348.54  4.023640E-16
      7351.54  3.716433E-16
      7354.53  3.525604E-16
      7357.53  3.437590E-16
      7360.53  3.427025E-16
      7363.53  3.349968E-16
      7366.53  3.348352E-16
      7369.53  3.485346E-16
      7372.53  3.394961E-16
      7375.52  3.163562E-16
      7378.52  2.993536E-16
      7381.52  2.853354E-16
      7384.52  2.745069E-16
      7387.52  2.615139E-16
      7390.52  2.469126E-16
      7393.51  2.380032E-16
      7396.51  2.249949E-16
      7399.51  2.237264E-16
      7402.51  2.158473E-16
      7405.51  2.176168E-16
      7408.51  2.140320E-16
      7411.51  2.074586E-16
      7414.50  2.053270E-16
      7417.50  2.031324E-16
      7420.50  2.039346E-16
      7423.50  2.080119E-16
      7426.50  2.025408E-16
      7429.50  1.914124E-16
      7432.50  1.875592E-16
      7435.49  1.848230E-16
      7438.49  1.881442E-16
      7441.49  1.883193E-16
      7444.49  1.861601E-16
      7447.49  1.855100E-16
      7450.49  1.864173E-16
      7453.49  1.824100E-16
      7456.48  1.872366E-16
      7459.48  1.912252E-16
      7462.48  1.868396E-16
      7465.48  1.821396E-16
      7468.48  1.789733E-16
      7471.48  1.786473E-16
      7474.48  1.751461E-16
      7477.47  1.737353E-16
      7480.47  1.721132E-16
      7483.47  1.703509E-16
      7486.47  1.724351E-16
      7489.47  1.801833E-16
      7492.47  1.807969E-16
      7495.47  1.867170E-16
      7498.46  1.855303E-16
      7501.46  1.764744E-16
      7504.46  1.774997E-16
      7507.46  1.843564E-16
      7510.46  1.885337E-16
      7513.46  1.744151E-16
      7516.45  1.692022E-16
      7519.45  1.655246E-16
      7522.45  1.566328E-16
      7525.45  1.579345E-16
      7528.45  1.658310E-16
      7531.45  1.695341E-16
      7534.45  1.687978E-16
      7537.44  1.680221E-16
      7540.44  1.657325E-16
      7543.44  1.632978E-16
      7546.44  1.623035E-16
      7549.44  1.568411E-16
      7552.44  1.537612E-16
      7555.44  1.504362E-16
      7558.43  1.501217E-16
      7561.43  1.457970E-16
      7564.43  1.405136E-16
      7567.43  1.371929E-16
      7570.43  1.267967E-16
      7573.43  1.148345E-16
      7576.43  1.113802E-16
      7579.42  1.154689E-16
      7582.42  1.141562E-16
      7585.42  1.027967E-16
      7588.42  9.897019E-17
      7591.42  8.521282E-17
      7594.42  7.525821E-17
      7597.42  5.404752E-17
      7600.41  4.031415E-17
      7603.41  2.841532E-17
      7606.41  2.866348E-17
      7609.41  3.441283E-17
      7612.41  3.148551E-17
      7615.41  3.648516E-17
      7618.41  4.580260E-17
      7621.40  3.996374E-17
      7624.40  3.166312E-17
      7627.40  2.660671E-17
      7630.40  3.354796E-17
      7633.40  3.904726E-17
      7636.40  3.812431E-17
      7639.39  3.741542E-17
      7642.39  3.908825E-17
      7645.39  4.415979E-17
      7648.39  5.518529E-17
      7651.39  6.596624E-17
      7654.39  7.216536E-17
      7657.39  7.837195E-17
      7660.38  8.555663E-17
      7663.38  9.372333E-17
      7666.38  1.020128E-16
      7669.38  1.207560E-16
      7672.38  1.296697E-16
      7675.38  1.365592E-16
      7678.38  1.453243E-16
      7681.37  1.573438E-16
      7684.37  1.683739E-16
      7687.37  1.782172E-16
      7690.37  1.967486E-16
      7693.37  2.159332E-16
      7696.37  2.229095E-16
      7699.37  2.390478E-16
      7702.36  2.637549E-16
      7705.36  2.688512E-16
      7708.36  2.739926E-16
      7711.36  2.823318E-16
      7714.36  2.925924E-16
      7717.36  2.992793E-16
      7720.36  2.921610E-16
      7723.35  2.814366E-16
      7726.35  2.734493E-16
      7729.35  2.591220E-16
      7732.35  2.425483E-16
      7735.35  2.287031E-16
      7738.35  2.275110E-16
      7741.35  2.303046E-16
      7744.34  2.259687E-16
      7747.34  2.227739E-16
      7750.34  2.157951E-16
      7753.34  2.021384E-16
      7756.34  1.979501E-16
      7759.34  1.913230E-16
      7762.34  1.784809E-16
      7765.33  1.772042E-16
      7768.33  1.748172E-16
      7771.33  1.751083E-16
      7774.33  1.791153E-16
      7777.33  1.762089E-16
      7780.33  1.695119E-16
      7783.32  1.748421E-16
      7786.32  1.828862E-16
      7789.32  1.753661E-16
      7792.32  1.649204E-16
      7795.32  1.705428E-16
      7798.32  1.776202E-16
      7801.32  1.693007E-16
      7804.31  1.623295E-16
      7807.31  1.650992E-16
      7810.31  1.636653E-16
      7813.31  1.681620E-16
      7816.31  1.706949E-16
      7819.31  1.646279E-16
      7822.31  1.795079E-16
      7825.30  1.746945E-16
      7828.30  1.659708E-16
      7831.30  1.711790E-16
      7834.30  1.635543E-16
      7837.30  1.563668E-16
      7840.30  1.527575E-16
      7843.30  1.502532E-16
      7846.29  1.519139E-16
      7849.29  1.560106E-16
      7852.29  1.472660E-16
      7855.29  1.445488E-16
      7858.29  1.513464E-16
      7861.29  1.533096E-16
      7864.29  1.445113E-16
      7867.28  1.403042E-16
      7870.28  1.441183E-16
      7873.28  1.413720E-16
      7876.28  1.412610E-16
      7879.28  1.457307E-16
      7882.28  1.498659E-16
      7885.28  1.427945E-16
      7888.27  1.411797E-16
      7891.27  1.456813E-16
      7894.27  1.463322E-16
      7897.27  1.459305E-16
      7900.27  1.423330E-16
      7903.27  1.391005E-16
      7906.26  1.397586E-16
      7909.26  1.365106E-16
      7912.26  1.419395E-16
      7915.26  1.447919E-16
      7918.26  1.525861E-16
      7921.26  1.541931E-16
      7924.26  1.604367E-16
      7927.25  1.603761E-16
      7930.25  1.595296E-16
      7933.25  1.606206E-16
      7936.25  1.634045E-16
      7939.25  1.634993E-16
      7942.25  1.534169E-16
      7945.25  1.519473E-16
      7948.24  1.611352E-16
      7951.24  1.719697E-16
      7954.24  1.575775E-16
      7957.24  1.485544E-16
      7960.24  1.605679E-16
      7963.24  1.514222E-16
      7966.24  1.510057E-16
      7969.23  1.626143E-16
      7972.23  1.562894E-16
      7975.23  1.538026E-16
      7978.23  1.566735E-16
      7981.23  1.546483E-16
      7984.23  1.590596E-16
      7987.23  1.644090E-16
      7990.22  1.598766E-16
      7993.22  1.648174E-16
      7996.22  1.759845E-16
      7999.22  1.750200E-16
      8002.22  1.682074E-16
      8005.22  1.630942E-16
      8008.22  1.521180E-16
      8011.21  1.452206E-16
      8014.21  1.580308E-16
      8017.21  1.678151E-16
      8020.21  1.575318E-16
      8023.21  1.606602E-16
      8026.21  1.618042E-16
      8029.20  1.544174E-16
      8032.20  1.530006E-16
      8035.20  1.654994E-16
      8038.20  1.728217E-16
      8041.20  1.705078E-16
      8044.20  1.775347E-16
      8047.20  1.833355E-16
      8050.19  1.807208E-16
      8053.19  1.786632E-16
      8056.19  1.812460E-16
      8059.19  1.835150E-16
      8062.19  1.719991E-16
      8065.19  1.804387E-16
      8068.19  1.895800E-16
      8071.18  1.773837E-16
      8074.18  1.775660E-16
      8077.18  1.899231E-16
      8080.18  1.902353E-16
      8083.18  1.953447E-16
      8086.18  1.868307E-16
      8089.18  1.926141E-16
      8092.17  1.871765E-16
      8095.17  1.888118E-16
      8098.17  1.912889E-16
      8101.17  1.815321E-16
      8104.17  1.745924E-16
      8107.17  1.730144E-16
      8110.17  1.677068E-16
      8113.16  1.630027E-16
      8116.16  1.552015E-16
      8119.16  1.581058E-16
      8122.16  1.664334E-16
      8125.16  1.633902E-16
      8128.16  1.590663E-16
      8131.16  1.448042E-16
      8134.15  1.347860E-16
      8137.15  1.341251E-16
      8140.15  1.314536E-16
      8143.15  1.341469E-16
      8146.15  1.396808E-16
      8149.15  1.364161E-16
      8152.15  1.336574E-16
      8155.14  1.365791E-16
      8158.14  1.291520E-16
      8161.14  1.195871E-16
      8164.14  1.254366E-16
      8167.14  1.324298E-16
      8170.14  1.212475E-16
      8173.13  1.100666E-16
      8176.13  1.140203E-16
      8179.13  1.108754E-16
      8182.13  1.040070E-16
      8185.13  1.115455E-16
      8188.13  1.160637E-16
      8191.13  1.294193E-16
      8194.12  1.345084E-16
      8197.12  1.332089E-16
      8200.12  1.368064E-16
      8203.12  1.484544E-16
      8206.12  1.594256E-16
      8209.12  1.634122E-16
      8212.12  1.686910E-16
      8215.11  1.690664E-16
      8218.11  1.757615E-16
      8221.11  1.631884E-16
      8224.11  1.521857E-16
      8227.11  1.485444E-16
      8230.11  1.437994E-16
      8233.11  1.412949E-16
      8236.10  1.476955E-16
      8239.10  1.544358E-16
      8242.10  1.582977E-16
      8245.10  1.651383E-16
      8248.10  1.518203E-16
      8251.10  1.417240E-16
      8254.10  1.447250E-16
      8257.09  1.441282E-16
      8260.09  1.487933E-16
      8263.09  1.472422E-16
      8266.09  1.418698E-16
      8269.09  1.391288E-16
      8272.09  1.352759E-16
      8275.09  1.355379E-16
      8278.08  1.326945E-16
      8281.08  1.457443E-16
      8284.08  1.350307E-16
      8287.08  1.394763E-16
      8290.08  1.426878E-16
      8293.08  1.411444E-16
      8296.07  1.386219E-16
      8299.07  1.464762E-16
      8302.07  1.512437E-16
      8305.07  1.370866E-16
      8308.07  1.387674E-16
      8311.07  1.400979E-16
      8314.07  1.389407E-16
      8317.06  1.348465E-16
      8320.06  1.337680E-16
      8323.06  1.414459E-16
      8326.06  1.490914E-16
      8329.06  1.478375E-16
      8332.06  1.493539E-16
      8335.06  1.559248E-16
      8338.05  1.590553E-16
      8341.05  1.691010E-16
      8344.05  1.662319E-16
      8347.05  1.695480E-16
      8350.05  1.823601E-16
      8353.05  1.708880E-16
      8356.05  1.671214E-16
      8359.04  1.719134E-16
      8362.04  1.669801E-16
      8365.04  1.686844E-16
      8368.04  1.736310E-16
      8371.04  1.691859E-16
      8374.04  1.771313E-16
      8377.04  1.664582E-16
      8380.03  1.546539E-16
      8383.03  1.593767E-16
      8386.03  1.527071E-16
      8389.03  1.530179E-16
      8392.03  1.552071E-16
      8395.03  1.493931E-16
      8398.03  1.602313E-16
      8401.02  1.751202E-16
      8404.02  1.800297E-16
      8407.02  1.861315E-16
      8410.02  1.831840E-16
      8413.02  1.925337E-16
      8416.02  1.823892E-16
      8419.01  1.789294E-16
      8422.01  1.819567E-16
      8425.01  1.822664E-16
      8428.01  1.777243E-16
      8431.01  1.543907E-16
      8434.01  1.502623E-16
      8437.01  1.454226E-16
      8440.00  1.476743E-16
      8443.00  1.358583E-16
      8446.00  1.255141E-16
      8449.00  1.263387E-16
      8452.00  1.417329E-16
      8455.00  1.531505E-16
      8458.00  1.557538E-16
      8460.99  1.688565E-16
      8463.99  1.758626E-16
      8466.99  1.816256E-16
      8469.99  1.980826E-16
      8472.99  2.021772E-16
      8475.99  2.073381E-16
      8478.99  2.145052E-16
      8481.98  2.230196E-16
      8484.98  2.422251E-16
      8487.98  2.657548E-16
      8490.98  2.892033E-16
      8493.98  3.320369E-16
      8496.98  3.850173E-16
      8499.98  4.195132E-16
      8502.97  4.613758E-16
      8505.97  5.081506E-16
      8508.97  5.462602E-16
      8511.97  5.862063E-16
      8514.97  6.201972E-16
      8517.97  6.486231E-16
      8520.97  6.847845E-16
      8523.96  7.048331E-16
      8526.96  7.140347E-16
      8529.96  7.274456E-16
      8532.96  7.552527E-16
      8535.96  7.721132E-16
      8538.96  7.838468E-16
      8541.96  7.866138E-16
      8544.95  7.856926E-16
      8547.95  7.855624E-16
      8550.95  7.772890E-16
      8553.95  7.661366E-16
      8556.95  7.343695E-16
      8559.95  7.107780E-16
      8562.94  6.955827E-16
      8565.94  6.574840E-16
      8568.94  6.333947E-16
      8571.94  6.173919E-16
      8574.94  5.884996E-16
      8577.94  5.623579E-16
      8580.94  5.420310E-16
      8583.93  5.234164E-16
      8586.93  5.086186E-16
      8589.93  4.760660E-16
      8592.93  4.287361E-16
      8595.93  4.039547E-16
      8598.93  3.684901E-16
      8601.93  3.295015E-16
      8604.92  3.049166E-16
      8607.92  2.790805E-16
      8610.92  2.673234E-16
      8613.92  2.823431E-16
      8616.92  3.040828E-16
      8619.92  3.384226E-16
      8622.92  3.522207E-16
      8625.91  3.720317E-16
      8628.91  3.979335E-16
      8631.91  4.197896E-16
      8634.91  4.385341E-16
      8637.91  4.475914E-16
      8640.91  4.530978E-16
      8643.91  4.621021E-16
      8646.90  4.527744E-16
      8649.90  4.510180E-16
      8652.90  4.473927E-16
      8655.90  4.740861E-16
      8658.90  4.826859E-16
      8661.90  4.611968E-16
      8664.90  4.705126E-16
      8667.89  5.155134E-16
      8670.89  5.373968E-16
      8673.89  5.191643E-16
      8676.89  5.496647E-16
      8679.89  5.413137E-16
      8682.89  5.464759E-16
      8685.88  5.493720E-16
      8688.88  5.449713E-16
      8691.88  5.482495E-16
      8694.88  5.401369E-16
      8697.88  5.301740E-16
      8700.88  5.384196E-16
      8703.88  5.406350E-16
      8706.87  5.470625E-16
      8709.87  5.620306E-16
      8712.87  5.592654E-16
      8715.87  5.495096E-16
      8718.87  5.556003E-16
      8721.87  5.636546E-16
      8724.87  5.586786E-16
      8727.86  5.423345E-16
      8730.86  5.020375E-16
      8733.86  4.714954E-16
      8736.86  4.646173E-16
      8739.86  4.398365E-16
      8742.86  4.248139E-16
      8745.86  4.223766E-16
      8748.85  4.068310E-16
      8751.85  3.823425E-16
      8754.85  3.560875E-16
      8757.85  3.297957E-16
      8760.85  3.154142E-16
      8763.85  2.878871E-16
      8766.85  2.654049E-16
      8769.84  2.670123E-16
      8772.84  2.617587E-16
      8775.84  2.534767E-16
      8778.84  2.432877E-16
      8781.84  2.162628E-16
      8784.84  2.102732E-16
      8787.84  2.187541E-16
      8790.83  2.046072E-16
      8793.83  1.820668E-16
      8796.83  1.840046E-16
      8799.83  1.877249E-16
      8802.83  1.897619E-16
      8805.83  1.956956E-16
      8808.83  1.943263E-16
      8811.82  1.927482E-16
      8814.82  1.961671E-16
      8817.82  2.024066E-16
      8820.82  2.066612E-16
      8823.82  1.907946E-16
      8826.82  1.883387E-16
      8829.81  2.046002E-16
      8832.81  2.197020E-16
      8835.81  2.115698E-16
      8838.81  1.847658E-16
      8841.81  1.789532E-16
      8844.81  1.561730E-16
      8847.81  1.529608E-16
      8850.80  1.617902E-16
      8853.80  1.789707E-16
      8856.80  1.701554E-16
      8859.80  1.607302E-16
      8862.80  1.761155E-16
      8865.80  1.763465E-16
      8868.80  1.717819E-16
      8871.79  1.733020E-16
      8874.79  1.735441E-16
      8877.79  1.719054E-16
      8880.79  1.838749E-16
      8883.79  1.676719E-16
      8886.79  1.500573E-16
      8889.79  1.608933E-16
      8892.78  1.587746E-16
      8895.78  1.551606E-16
      8898.78  1.575028E-16
      8901.78  1.354866E-16
      8904.78  1.315745E-16
      8907.78  1.338085E-16
      8910.78  1.367231E-16
      8913.77  1.329417E-16
      8916.77  1.248300E-16
      8919.77  1.234813E-16
      8922.77  1.150938E-16
      8925.77  1.194469E-16
      8928.77  1.372979E-16
      8931.77  1.280257E-16
      8934.76  1.244935E-16
      8937.76  1.200752E-16
      8940.76  1.112095E-16
      8943.76  1.134907E-16
      8946.76  1.168012E-16
      8949.76  1.099951E-16
      8952.75  9.864396E-17
      8955.75  1.139718E-16
      8958.75  1.039144E-16
      8961.75  1.075342E-16
      8964.75  1.021415E-16
      8967.75  1.012204E-16
      8970.75  1.150598E-16
      8973.74  1.042778E-16
      8976.74  1.088281E-16
      8979.74  1.216086E-16
      8982.74  1.129088E-16
      8985.74  1.037676E-16
      8988.74  9.928113E-17
      8991.74  9.106552E-17
      8994.73  9.174582E-17
      8997.73  9.559577E-17
      9000.73  9.283603E-17
      9003.73  1.082751E-16
      9006.73  1.111862E-16
      9009.73  1.081508E-16
      9012.73  9.804887E-17
      9015.72  1.032808E-16
      9018.72  1.282952E-16
      9021.72  1.244495E-16
      9024.72  1.107590E-16
      9027.72  1.327376E-16
      9030.72  1.217317E-16
      9033.72  1.293987E-16
      9036.71  1.467609E-16
      9039.71  1.491118E-16
      9042.71  1.527213E-16
      9045.71  1.498269E-16
      9048.71  1.350129E-16
      9051.71  1.347902E-16
      9054.71  1.447143E-16
      9057.70  1.351432E-16
      9060.70  1.380257E-16
      9063.70  1.322796E-16
      9066.70  1.187126E-16
      9069.70  1.169681E-16
      9072.70  1.190921E-16
      9075.69  1.173979E-16
      9078.69  1.172392E-16
      9081.69  1.174216E-16
      9084.69  1.322585E-16
      9087.69  1.255674E-16
      9090.69  1.215031E-16
      9093.69  1.289421E-16
      9096.68  1.214703E-16
      9099.68  1.081352E-16
      9102.68  1.205116E-16
      9105.68  1.418839E-16
      9108.68  1.431204E-16
      9111.68  1.516356E-16
      9114.68  1.582795E-16
      9117.67  1.662108E-16
      9120.67  1.571112E-16
      9123.67  1.549756E-16
      9126.67  1.668689E-16
      9129.67  1.620448E-16
