      3270.93 -1.256552E-17
      3273.23  7.179766E-17
      3275.54  1.940909E-16
      3277.84  3.414954E-16
      3280.14  2.054530E-16
      3282.45 -2.079357E-17
      3284.75  1.638186E-16
      3287.05  1.005180E-16
      3289.36 -1.724044E-17
      3291.66 -1.630588E-16
      3293.96  2.436164E-17
      3296.27  5.111534E-16
      3298.57  4.104903E-16
      3300.87  3.535689E-16
      3303.18  3.326276E-16
      3305.48 -3.428944E-16
      3307.78 -9.575029E-17
      3310.09  6.547139E-17
      3312.39  1.704269E-16
      3314.69  9.271554E-18
      3317.00  1.652999E-16
      3319.30  3.212639E-16
      3321.60 -1.709787E-16
      3323.90  2.501988E-17
      3326.21 -8.794362E-19
      3328.51 -3.013470E-16
      3330.81 -3.225215E-16
      3333.12 -1.439092E-16
      3335.42 -1.590219E-16
      3337.72 -1.363572E-16
      3340.03  3.014677E-16
      3342.33  9.765811E-18
      3344.63 -1.731626E-16
      3346.94 -3.169568E-16
      3349.24  2.123166E-16
      3351.54  3.369999E-17
      3353.85 -1.673767E-16
      3356.15 -5.236589E-17
      3358.45  3.337307E-16
      3360.76  5.876976E-16
      3363.06  5.183937E-16
      3365.36  7.977346E-18
      3367.67 -3.446525E-16
      3369.97  2.684358E-16
      3372.27  6.522026E-16
      3374.57  1.078481E-16
      3376.88  3.799639E-17
      3379.18 -1.549412E-16
      3381.48 -9.296273E-18
      3383.79  4.468820E-16
      3386.09  1.388930E-16
      3388.39  1.799178E-16
      3390.70  6.491267E-16
      3393.00  3.399267E-16
      3395.30  1.648890E-16
      3397.61  1.603439E-16
      3399.91  3.616533E-16
      3402.21  2.894716E-16
      3404.52  1.132420E-16
      3406.82  1.906375E-16
      3409.12  5.512705E-16
      3411.43  2.063331E-16
      3413.73  2.240533E-16
      3416.03  4.636988E-16
      3418.33 -1.807548E-16
      3420.64 -5.468944E-17
      3422.94  5.361112E-17
      3425.24 -1.607717E-16
      3427.55  6.590921E-16
      3429.85  2.215469E-17
      3432.15  1.864061E-16
      3434.46  8.342144E-17
      3436.76  5.739038E-16
      3439.06  5.424297E-16
      3441.37  1.849109E-16
      3443.67  2.881257E-16
      3445.97  3.108772E-16
      3448.28  3.723054E-16
      3450.58  3.765863E-16
      3452.88  2.843573E-16
      3455.19  1.930596E-16
      3457.49 -5.097541E-18
      3459.79 -8.080383E-17
      3462.10  1.656043E-16
      3464.40  1.512199E-17
      3466.70 -6.291630E-17
      3469.00  1.005612E-16
      3471.31  8.413334E-17
      3473.61  7.431023E-17
      3475.91  1.518740E-16
      3478.22  2.334132E-17
      3480.52  1.482048E-18
      3482.82  1.482048E-18
      3485.13 -6.032593E-17
      3487.43  1.743606E-16
      3489.73  3.232897E-17
      3492.04  2.864489E-16
      3494.34  4.653953E-19
      3496.64  3.037418E-16
      3498.95  4.514529E-16
      3501.25  3.191166E-16
      3503.55  2.944453E-17
      3505.86  4.197395E-16
      3508.16  4.017478E-16
      3510.46  5.567205E-16
      3512.76  1.077704E-16
      3515.07  3.650882E-16
      3517.37  6.737139E-17
      3519.67  1.405936E-16
      3521.98  5.661313E-16
      3524.28  2.250716E-16
      3526.58 -3.917922E-17
      3528.89  2.874823E-16
      3531.19  4.011092E-16
      3533.49 -1.667791E-16
      3535.80  3.870356E-16
      3538.10  7.070837E-16
      3540.40  2.059395E-16
      3542.71  2.595356E-16
      3545.01 -1.862320E-17
      3547.31  5.740381E-17
      3549.62 -1.666242E-16
      3551.92  6.347429E-17
      3554.22 -1.814984E-16
      3556.53  6.302180E-17
      3558.83  3.126879E-16
      3561.13  2.358255E-17
      3563.43  2.732357E-16
      3565.74  3.839904E-16
      3568.04  1.912896E-16
      3570.34 -5.192373E-17
      3572.65 -9.132523E-17
      3574.95 -1.063343E-16
      3577.25  1.514787E-16
      3579.56  3.074454E-16
      3581.86  1.374493E-16
      3584.16  2.740344E-16
      3586.47  3.420577E-16
      3588.77  1.114822E-16
      3591.07  2.595559E-16
      3593.38  2.020982E-16
      3595.68 -2.353495E-17
      3597.98  3.322739E-17
      3600.29  1.566943E-16
      3602.59  1.142494E-16
      3604.89  1.917357E-16
      3607.20  4.986875E-17
      3609.50  1.055069E-16
      3611.80 -2.677965E-16
      3614.10 -9.357596E-17
      3616.41  1.411175E-16
      3618.71 -2.599476E-16
      3621.01 -8.534199E-18
      3623.32  1.944997E-16
      3625.62  7.826459E-17
      3627.92 -7.758716E-17
      3630.23 -1.142397E-16
      3632.53  5.388778E-17
      3634.83  4.709458E-17
      3637.14 -2.590540E-16
      3639.44  6.433072E-17
      3641.74  4.338562E-16
      3644.05  3.422423E-16
      3646.35  3.931840E-16
      3648.65  5.751267E-16
      3650.96  7.980380E-17
      3653.26  7.980380E-17
      3655.56  7.198100E-17
      3657.86  7.726354E-17
      3660.17  7.305950E-17
      3662.47  1.720360E-16
      3664.77  1.807608E-16
      3667.08  2.910527E-17
      3669.38  3.280950E-16
      3671.68  3.414913E-16
      3673.99  3.219849E-16
      3676.29  2.684833E-16
      3678.59  1.326119E-16
      3680.90  1.920644E-16
      3683.20  4.895605E-17
      3685.50  7.239906E-17
      3687.81 -3.608096E-18
      3690.11  1.193106E-17
      3692.41  1.068519E-16
      3694.72  5.521872E-17
      3697.02  8.667634E-18
      3699.32  1.291330E-16
      3701.63 -3.552150E-18
      3703.93 -6.308136E-17
      3706.23 -7.908406E-17
      3708.53  3.651018E-17
      3710.84  2.179685E-17
      3713.14 -2.438343E-17
      3715.44  1.676587E-16
      3717.75  1.128892E-16
      3720.05 -3.466717E-18
      3722.35  4.219387E-17
      3724.66  1.597752E-16
      3726.96  1.805138E-17
      3729.26 -1.299938E-17
      3731.57  2.482748E-16
      3733.87  2.639205E-16
      3736.17  2.639205E-16
      3738.48  2.639205E-16
      3740.78  1.503028E-16
      3743.08  1.503028E-16
      3745.39  1.346570E-16
      3747.69  1.424798E-16
      3749.99  5.270351E-17
      3752.30  1.283044E-16
      3754.60  2.376508E-16
      3756.90 -1.541753E-18
      3759.20 -5.311030E-17
      3761.51 -3.181194E-17
      3763.81  4.871056E-17
      3766.11  1.526882E-19
      3768.42 -1.208440E-17
      3770.72  1.636656E-16
      3773.02  5.822987E-17
      3775.33  2.272807E-16
      3777.63  3.791698E-16
      3779.93  2.568267E-16
      3782.24 -2.397272E-17
      3784.54 -1.243048E-17
      3786.84  1.873012E-16
      3789.15  8.218803E-17
      3791.45  1.450840E-16
      3793.75  2.516849E-18
      3796.06 -9.634613E-17
      3798.36 -4.807707E-17
      3800.66 -1.044665E-16
      3802.96 -1.197326E-16
      3805.27 -7.704840E-17
      3807.57  1.728678E-16
      3809.87  1.994082E-16
      3812.18  2.561633E-17
      3814.48  2.113558E-16
      3816.78  2.067399E-16
      3819.09  5.675254E-17
      3821.39  4.135766E-17
      3823.69  9.154392E-17
      3826.00  1.573243E-16
      3828.30  6.597672E-17
      3830.60 -1.134569E-17
      3832.91 -1.372746E-16
      3835.21 -5.009918E-17
      3837.51  2.258221E-16
      3839.82  5.872841E-17
      3842.12 -2.577741E-17
      3844.42  1.627252E-16
      3846.73  4.026177E-17
      3849.03  4.944492E-17
      3851.33  2.984869E-17
      3853.63  1.160620E-17
      3855.94  8.416056E-17
      3858.24  1.063872E-16
      3860.54  1.565596E-16
      3862.85  1.327434E-16
      3865.15  2.107894E-17
      3867.45 -3.856607E-17
      3869.76 -3.457375E-17
      3872.06  4.424702E-17
      3874.36  1.228764E-16
      3876.67  1.883485E-16
      3878.97  1.814324E-16
      3881.27  8.369419E-17
      3883.58 -7.716160E-18
      3885.88  6.830650E-17
      3888.18  5.488130E-18
      3890.49 -1.836879E-17
      3892.79 -3.055070E-17
      3895.09  1.506952E-17
      3897.40  1.313344E-17
      3899.70  8.749940E-17
      3902.00  1.362777E-16
      3904.30  6.690222E-17
      3906.61  6.039203E-17
      3908.91 -7.542320E-17
      3911.21 -1.128349E-16
      3913.52  9.483425E-17
      3915.82  9.166154E-17
      3918.12  6.210648E-17
      3920.43  1.855901E-16
      3922.73  1.927819E-16
      3925.03  7.327280E-17
      3927.34 -2.717510E-17
      3929.64  1.001031E-16
      3931.94 -2.318397E-17
      3934.25 -8.929777E-17
      3936.55 -1.358967E-17
      3938.85  1.345201E-16
      3941.16  2.357398E-17
      3943.46  7.922240E-17
      3945.76  2.209844E-17
      3948.06  6.627070E-17
      3950.37  1.310929E-16
      3952.67  1.103938E-16
      3954.97 -1.564807E-17
      3957.28  2.920457E-17
      3959.58  1.574931E-16
      3961.88  1.780002E-16
      3964.19  1.882323E-16
      3966.49  1.062252E-17
      3968.79  1.535048E-16
      3971.10  1.730146E-16
      3973.40  1.363552E-16
      3975.70  1.753309E-16
      3978.01  2.473537E-16
      3980.31  4.312866E-16
      3982.61  3.035831E-16
      3984.92  2.025512E-16
      3987.22  1.024303E-16
      3989.52  1.735706E-16
      3991.83  2.611874E-16
      3994.13  2.055992E-16
      3996.43  1.953933E-16
      3998.73  1.673592E-16
      4001.04  2.744836E-16
      4003.34  1.733540E-16
      4005.64  1.248908E-16
      4007.95  1.645720E-16
      4010.25  1.056692E-16
      4012.55  9.072751E-17
      4014.86  1.552275E-16
      4017.16  1.483481E-16
      4019.46 -5.424067E-18
      4021.77  1.372420E-16
      4024.07  1.444036E-16
      4026.37  1.158772E-16
      4028.68  2.439108E-16
      4030.98  1.098230E-16
      4033.28  1.440262E-16
      4035.59  1.420592E-16
      4037.89  2.240528E-16
      4040.19  3.970954E-16
      4042.49  4.347457E-16
      4044.80  5.245640E-16
      4047.10  2.443579E-16
      4049.40 -5.422510E-17
      4051.71  1.052163E-17
      4054.01 -9.722617E-17
      4056.31  5.839877E-17
      4058.62  4.968271E-17
      4060.92  4.321609E-17
      4063.22  1.307533E-19
      4065.53  1.343166E-16
      4067.83 -3.936997E-17
      4070.13  1.180164E-17
      4072.44  9.459057E-17
      4074.74  1.409398E-16
      4077.04  1.606516E-16
      4079.35  1.574390E-16
      4081.65  1.161366E-16
      4083.95  1.051124E-16
      4086.26  1.941175E-16
      4088.56  1.829963E-16
      4090.86  1.731927E-16
      4093.16  2.564081E-16
      4095.47  3.145426E-16
      4097.77  3.022855E-16
      4100.07  1.524214E-16
      4102.38  2.396979E-16
      4104.68  3.338090E-16
      4106.98  2.455304E-16
      4109.29  2.694388E-16
      4111.59  3.468292E-16
      4113.89  3.237273E-16
      4116.20  3.127757E-16
      4118.50  2.774209E-16
      4120.80  1.780323E-16
      4123.11  1.486138E-16
      4125.41  1.914697E-16
      4127.71  2.418463E-16
      4130.02  2.352843E-16
      4132.32  2.424985E-16
      4134.62  2.180188E-16
      4136.93  2.624956E-16
      4139.23  2.549259E-16
      4141.53  2.032035E-16
      4143.83  2.019097E-16
      4146.14  2.238028E-16
      4148.44  1.960277E-16
      4150.74  2.059277E-16
      4153.05  1.968101E-16
      4155.35  1.666062E-16
      4157.65  1.844540E-16
      4159.96  2.164757E-16
      4162.26  2.010563E-16
      4164.56  1.871238E-16
      4166.87  1.934635E-16
      4169.17  1.946302E-16
      4171.47  2.275492E-16
      4173.78  2.195950E-16
      4176.08  2.341098E-16
      4178.38  2.065103E-16
      4180.69  1.670021E-16
      4182.99  1.506787E-16
      4185.29  1.780753E-16
      4187.59  1.330637E-16
      4189.90  1.222049E-16
      4192.20  1.439101E-16
      4194.50  2.131000E-17
      4196.81  5.289285E-17
      4199.11  2.015429E-17
      4201.41  4.797026E-17
      4203.72  4.907629E-17
      4206.02  6.352656E-17
      4208.32 -3.498661E-17
      4210.63  1.695077E-16
      4212.93  1.794854E-16
      4215.23  7.666782E-17
      4217.54  1.207353E-16
      4219.84  9.812371E-17
      4222.14  1.192814E-16
      4224.45  5.653388E-17
      4226.75  1.089966E-16
      4229.05  1.272004E-16
      4231.36  2.021665E-16
      4233.66  9.955878E-17
      4235.96  8.866796E-17
      4238.26  1.485405E-16
      4240.57  1.693830E-16
      4242.87  6.270345E-17
      4245.17  1.270001E-16
      4247.48  2.433302E-16
      4249.78  2.338825E-16
      4252.08  2.262413E-16
      4254.39  2.104799E-16
      4256.69  1.452834E-16
      4258.99  1.390963E-16
      4261.30  1.311325E-16
      4263.60  1.502773E-16
      4265.90  1.056618E-16
      4268.21  1.114061E-16
      4270.51  1.784743E-16
      4272.81  1.922222E-16
      4275.12  1.745375E-16
      4277.42  1.582599E-16
      4279.72  7.228052E-17
      4282.03  2.258014E-17
      4284.33  5.251152E-17
      4286.63  6.482067E-17
      4288.93 -6.025971E-18
      4291.24  1.239732E-16
      4293.54  1.111751E-16
      4295.84  4.093743E-17
      4298.15  2.903844E-17
      4300.45  1.559167E-16
      4302.75  1.007847E-16
      4305.06 -2.718083E-18
      4307.36  5.865227E-17
      4309.66  2.252760E-17
      4311.97  6.404134E-17
      4314.27  7.463110E-17
      4316.57  5.223090E-17
      4318.88  5.070188E-17
      4321.18  9.635998E-17
      4323.48  1.696751E-16
      4325.79  1.349832E-16
      4328.09  4.649506E-17
      4330.39  1.151693E-16
      4332.69  1.704539E-16
      4335.00  1.146916E-16
      4337.30  1.743776E-16
      4339.60  2.584204E-16
      4341.91  2.504843E-16
      4344.21  2.645055E-16
      4346.51  2.882135E-16
      4348.82  2.234432E-16
      4351.12  1.778471E-16
      4353.42  1.213591E-16
      4355.73  1.609391E-16
      4358.03  1.275764E-16
      4360.33  4.531302E-17
      4362.64 -9.490628E-17
      4364.94 -1.507270E-16
      4367.24  1.216930E-17
      4369.55  4.002612E-17
      4371.85  2.237535E-17
      4374.15  2.305703E-16
      4376.46  1.824298E-16
      4378.76  1.704726E-16
      4381.06  1.801304E-16
      4383.36  1.142531E-16
      4385.67  1.224175E-16
      4387.97  4.583677E-17
      4390.27  3.773778E-17
      4392.58  1.263320E-16
      4394.88  2.021203E-16
      4397.18  2.240458E-16
      4399.49  1.329929E-16
      4401.79  1.160737E-16
      4404.09  2.072744E-16
      4406.40  1.843395E-16
      4408.70  2.213223E-16
      4411.00  2.495990E-16
      4413.31  1.544961E-16
      4415.61  9.044131E-17
      4417.91  1.441452E-16
      4420.22  1.869432E-16
      4422.52  9.900379E-17
      4424.82  1.448406E-16
      4427.13  1.690489E-16
      4429.43  1.544038E-16
      4431.73  1.689491E-16
      4434.03  1.584301E-16
      4436.34  2.028051E-16
      4438.64  1.927018E-16
      4440.94  1.509728E-16
      4443.25  2.167989E-16
      4445.55  1.940191E-16
      4447.85  1.209913E-16
      4450.16  2.000794E-16
      4452.46  1.572462E-16
      4454.76  9.843601E-17
      4457.07  1.532305E-16
      4459.37  1.898463E-16
      4461.67  2.210151E-16
      4463.98  2.529936E-16
      4466.28  2.443800E-16
      4468.58  2.227966E-16
      4470.89  2.267908E-16
      4473.19  3.200930E-16
      4475.49  2.810511E-16
      4477.79  2.900973E-16
      4480.10  2.254620E-16
      4482.40  2.191268E-16
      4484.70  1.962863E-16
      4487.01  1.701409E-16
      4489.31  1.342290E-16
      4491.61  1.775149E-16
      4493.92  1.772097E-16
      4496.22  1.903469E-16
      4498.52  2.197327E-16
      4500.83  1.147443E-16
      4503.13  1.834819E-16
      4505.43  1.953852E-16
      4507.74  1.364166E-16
      4510.04  2.060553E-16
      4512.34  1.504398E-16
      4514.65  8.006130E-17
      4516.95  1.258933E-16
      4519.25  2.461726E-16
      4521.56  8.849417E-17
      4523.86  1.218372E-16
      4526.16  8.436637E-17
      4528.46  1.779002E-16
      4530.77  1.137021E-16
      4533.07  2.423210E-16
      4535.37  2.254656E-16
      4537.68  1.601415E-16
      4539.98  1.358187E-16
      4542.28  1.503565E-16
      4544.59  1.737905E-16
      4546.89  1.162192E-16
      4549.19  1.068273E-16
      4551.50  1.723978E-16
      4553.80  8.683437E-17
      4556.10  1.562515E-16
      4558.41  2.204067E-16
      4560.71  2.201344E-16
      4563.01  2.040566E-16
      4565.32  2.411873E-16
      4567.62  2.323684E-16
      4569.92  3.658537E-16
      4572.22  3.513259E-16
      4574.53  3.159676E-16
      4576.83  2.664716E-16
      4579.13  3.807815E-16
      4581.44  3.475954E-16
      4583.74  3.285502E-16
      4586.04  3.605916E-16
      4588.35  4.575789E-16
      4590.65  4.049190E-16
      4592.95  4.660355E-16
      4595.26  4.473334E-16
      4597.56  4.611927E-16
      4599.86  5.199789E-16
      4602.17  4.921974E-16
      4604.47  4.083875E-16
      4606.77  4.767633E-16
      4609.08  4.338731E-16
      4611.38  4.450166E-16
      4613.68  4.158701E-16
      4615.99  3.462706E-16
      4618.29  3.174601E-16
      4620.59  3.119329E-16
      4622.89  3.089806E-16
      4625.20  2.846156E-16
      4627.50  3.654420E-16
      4629.80  4.106476E-16
      4632.11  3.540383E-16
      4634.41  3.390110E-16
      4636.71  3.932497E-16
      4639.02  4.490635E-16
      4641.32  3.748050E-16
      4643.62  3.164768E-16
      4645.93  3.412725E-16
      4648.23  3.008473E-16
      4650.53  3.233931E-16
      4652.84  3.826876E-16
      4655.14  3.694876E-16
      4657.44  4.710615E-16
      4659.75  4.013673E-16
      4662.05  3.443951E-16
      4664.35  3.908583E-16
      4666.66  3.782001E-16
      4668.96  3.950485E-16
      4671.26  4.057955E-16
      4673.56  3.325201E-16
      4675.87  3.764796E-16
      4678.17  4.394650E-16
      4680.47  3.938766E-16
      4682.78  3.723509E-16
      4685.08  4.079702E-16
      4687.38  4.608758E-16
      4689.69  4.534568E-16
      4691.99  4.664931E-16
      4694.29  3.913541E-16
      4696.60  3.574473E-16
      4698.90  3.698585E-16
      4701.20  3.417736E-16
      4703.51  3.513325E-16
      4705.81  4.075831E-16
      4708.11  4.249400E-16
      4710.42  4.486061E-16
      4712.72  4.452716E-16
      4715.02  3.622267E-16
      4717.32  3.741671E-16
      4719.63  3.440569E-16
      4721.93  2.797433E-16
      4724.23  3.069352E-16
      4726.54  3.316165E-16
      4728.84  3.143315E-16
      4731.14  3.133270E-16
      4733.45  3.137531E-16
      4735.75  3.162923E-16
      4738.05  3.407293E-16
      4740.36  3.967611E-16
      4742.66  3.637591E-16
      4744.96  3.447449E-16
      4747.27  2.426917E-16
      4749.57  2.640665E-16
      4751.87  2.830707E-16
      4754.18  2.912675E-16
      4756.48  2.562407E-16
      4758.78  2.535595E-16
      4761.09  2.882313E-16
      4763.39  2.856475E-16
      4765.69  3.077247E-16
      4767.99  2.552680E-16
      4770.30  1.838664E-16
      4772.60  2.140873E-16
      4774.90  2.426985E-16
      4777.21  2.506531E-16
      4779.51  2.673119E-16
      4781.81  2.410897E-16
      4784.12  1.673064E-16
      4786.42  1.537513E-16
      4788.72  1.893837E-16
      4791.03  1.213355E-16
      4793.33  1.586444E-16
      4795.63  1.506667E-16
      4797.94  1.284851E-16
      4800.24  1.189531E-16
      4802.54  8.727848E-17
      4804.85  8.752253E-17
      4807.15  5.857442E-17
      4809.45  3.781278E-17
      4811.76  4.341677E-17
      4814.06  3.816690E-17
      4816.36  9.368061E-17
      4818.66  3.367511E-17
      4820.97  5.939119E-17
      4823.27  3.836160E-17
      4825.57  3.880806E-17
      4827.88  8.023609E-17
      4830.18  7.056376E-17
      4832.48  8.932056E-17
      4834.79  1.478734E-16
      4837.09  1.418075E-16
      4839.39  1.981352E-16
      4841.70  2.466968E-16
      4844.00  2.894421E-16
      4846.30  3.059340E-16
      4848.61  2.870656E-16
      4850.91  3.102142E-16
      4853.21  3.480622E-16
      4855.52  4.233496E-16
      4857.82  4.078023E-16
      4860.12  4.305514E-16
      4862.42  4.474741E-16
      4864.73  5.310324E-16
      4867.03  5.158870E-16
      4869.33  5.289138E-16
      4871.64  5.357373E-16
      4873.94  5.345446E-16
      4876.24  5.244974E-16
      4878.55  4.983681E-16
      4880.85  4.569129E-16
      4883.15  4.356729E-16
      4885.46  4.316597E-16
      4887.76  4.317356E-16
      4890.06  4.026119E-16
      4892.37  3.912330E-16
      4894.67  4.219944E-16
      4896.97  3.881803E-16
      4899.28  3.861040E-16
      4901.58  3.778338E-16
      4903.88  3.631714E-16
      4906.19  3.770728E-16
      4908.49  3.105414E-16
      4910.79  3.151037E-16
      4913.09  3.257905E-16
      4915.40  3.410976E-16
      4917.70  3.214725E-16
      4920.00  3.397105E-16
      4922.31  4.057965E-16
      4924.61  3.511695E-16
      4926.91  3.702409E-16
      4929.22  4.143768E-16
      4931.52  4.637652E-16
      4933.82  4.909298E-16
      4936.13  4.825263E-16
      4938.43  5.692733E-16
      4940.73  5.783101E-16
      4943.04  5.139215E-16
      4945.34  5.265488E-16
      4947.64  5.508525E-16
      4949.95  5.465295E-16
      4952.25  5.027134E-16
      4954.55  5.185049E-16
      4956.86  5.082274E-16
      4959.16  4.708457E-16
      4961.46  4.357260E-16
      4963.76  4.312611E-16
      4966.07  4.166805E-16
      4968.37  3.878080E-16
      4970.67  3.438769E-16
      4972.98  2.631266E-16
      4975.28  2.629387E-16
      4977.58  2.480947E-16
      4979.89  2.759086E-16
      4982.19  1.965698E-16
      4984.49  2.054281E-16
      4986.80  2.086621E-16
      4989.10  1.476653E-16
      4991.40  2.184207E-16
      4993.71  1.988647E-16
      4996.01  1.429024E-16
      4998.31  1.837896E-16
      5000.62  2.375855E-16
      5002.92  2.403642E-16
      5005.22  2.153806E-16
      5007.52  2.135746E-16
      5009.83  2.614857E-16
      5012.13  3.310102E-16
      5014.43  3.942223E-16
      5016.74  4.031676E-16
      5019.04  4.046739E-16
      5021.34  4.819394E-16
      5023.65  5.204443E-16
      5025.95  5.019662E-16
      5028.25  5.239558E-16
      5030.56  5.271172E-16
      5032.86  5.377646E-16
      5035.16  4.953636E-16
      5037.47  5.082866E-16
      5039.77  4.686659E-16
      5042.07  5.198424E-16
      5044.38  4.600627E-16
      5046.68  5.132086E-16
      5048.98  4.928075E-16
      5051.29  5.035971E-16
      5053.59  4.540221E-16
      5055.89  4.239977E-16
      5058.19  4.492234E-16
      5060.50  4.549526E-16
      5062.80  4.025275E-16
      5065.10  3.966896E-16
      5067.41  3.863151E-16
      5069.71  3.794780E-16
      5072.01  3.444639E-16
      5074.32  3.452701E-16
      5076.62  3.363876E-16
      5078.92  3.466911E-16
      5081.23  3.392303E-16
      5083.53  3.580914E-16
      5085.83  3.724363E-16
      5088.14  3.562000E-16
      5090.44  3.287335E-16
      5092.74  3.349152E-16
      5095.05  3.056843E-16
      5097.35  3.167876E-16
      5099.65  3.081626E-16
      5101.95  3.285267E-16
      5104.26  3.273063E-16
      5106.56  2.861532E-16
      5108.86  2.677615E-16
      5111.17  3.175431E-16
      5113.47  3.303814E-16
      5115.77  2.701736E-16
      5118.08  1.905112E-16
      5120.38  1.802454E-16
      5122.68  2.435249E-16
      5124.99  2.365373E-16
      5127.29  1.835116E-16
      5129.59  1.484804E-16
      5131.90  1.338128E-16
      5134.20  1.441954E-16
      5136.50  1.863830E-16
      5138.81  1.768207E-16
      5141.11  1.441142E-16
      5143.41  1.336065E-16
      5145.72  9.785253E-17
      5148.02  1.015852E-16
      5150.32  1.216237E-16
      5152.62  1.030784E-16
      5154.93  1.307001E-16
      5157.23  9.035513E-17
      5159.53  1.254561E-16
      5161.84  1.711467E-16
      5164.14  1.835998E-16
      5166.44  2.266522E-16
      5168.75  2.122836E-16
      5171.05  2.162616E-16
      5173.35  2.404322E-16
      5175.66  2.239433E-16
      5177.96  2.484109E-16
      5180.26  2.611505E-16
      5182.57  2.792687E-16
      5184.87  3.208645E-16
      5187.17  3.268439E-16
      5189.48  3.098862E-16
      5191.78  3.377678E-16
      5194.08  3.683919E-16
      5196.39  3.833770E-16
      5198.69  3.939633E-16
      5200.99  3.840707E-16
      5203.29  3.858476E-16
      5205.60  3.470441E-16
      5207.90  3.661640E-16
      5210.20  3.549257E-16
      5212.51  3.895986E-16
      5214.81  3.741160E-16
      5217.11  3.392538E-16
      5219.42  3.658985E-16
      5221.72  3.293175E-16
      5224.02  3.024499E-16
      5226.33  3.294181E-16
      5228.63  3.290967E-16
      5230.93  3.329135E-16
      5233.24  3.515175E-16
      5235.54  3.331707E-16
      5237.84  3.618824E-16
      5240.15  3.888063E-16
      5242.45  3.348051E-16
      5244.75  2.800910E-16
      5247.05  2.654681E-16
      5249.36  2.846209E-16
      5251.66  3.077910E-16
      5253.96  3.221699E-16
      5256.27  3.547097E-16
      5258.57  3.002099E-16
      5260.87  2.979778E-16
      5263.18  3.553773E-16
      5265.48  3.485655E-16
      5267.78  3.719575E-16
      5270.09  3.589458E-16
      5272.39  3.653713E-16
      5274.69  3.796100E-16
      5277.00  3.666525E-16
      5279.30  3.781536E-16
      5281.60  3.491513E-16
      5283.91  3.744863E-16
      5286.21  3.794590E-16
      5288.51  3.796332E-16
      5290.82  3.147097E-16
      5293.12  3.647733E-16
      5295.42  3.295449E-16
      5297.72  3.146939E-16
      5300.03  2.880100E-16
      5302.33  2.825982E-16
      5304.63  2.646382E-16
      5306.94  2.691048E-16
      5309.24  2.457955E-16
      5311.54  2.449566E-16
      5313.85  2.651091E-16
      5316.15  2.817799E-16
      5318.45  3.122978E-16
      5320.76  3.283588E-16
      5323.06  3.081497E-16
      5325.36  3.365054E-16
      5327.67  4.218051E-16
      5329.97  3.719686E-16
      5332.27  3.861321E-16
      5334.58  4.503755E-16
      5336.88  4.449635E-16
      5339.18  4.068492E-16
      5341.49  3.895162E-16
      5343.79  4.115607E-16
      5346.09  4.335402E-16
      5348.39  4.439907E-16
      5350.70  4.173902E-16
      5353.00  4.182223E-16
      5355.30  4.153136E-16
      5357.61  3.437641E-16
      5359.91  3.739108E-16
      5362.21  4.359499E-16
      5364.52  3.897601E-16
      5366.82  3.259457E-16
      5369.12  2.629589E-16
      5371.43  2.705722E-16
      5373.73  2.806226E-16
      5376.03  2.633512E-16
      5378.34  2.966523E-16
      5380.64  3.474180E-16
      5382.94  2.755281E-16
      5385.25  3.442449E-16
      5387.55  3.539504E-16
      5389.85  3.625797E-16
      5392.15  4.035558E-16
      5394.46  3.733892E-16
      5396.76  4.055674E-16
      5399.06  3.725397E-16
      5401.37  3.079547E-16
      5403.67  3.726383E-16
      5405.97  4.246948E-16
      5408.28  4.243426E-16
      5410.58  3.798024E-16
      5412.88  4.169615E-16
      5415.19  4.701411E-16
      5417.49  3.584423E-16
      5419.79  4.415091E-16
      5422.10  4.193788E-16
      5424.40  3.488654E-16
      5426.70  3.868854E-16
      5429.01  4.110347E-16
      5431.31  4.554489E-16
      5433.61  4.609042E-16
      5435.92  4.910749E-16
      5438.22  5.142424E-16
      5440.52  4.912250E-16
      5442.82  3.966690E-16
      5445.13  3.810002E-16
      5447.43  4.321243E-16
      5449.73  4.800101E-16
      5452.04  4.822800E-16
      5454.34  4.609581E-16
      5456.64  4.559754E-16
      5458.95  4.429434E-16
      5461.25  4.191421E-16
      5463.55  3.166117E-16
      5465.86  1.948970E-16
      5468.16  3.063775E-16
      5470.46  3.035880E-16
      5472.77  2.830161E-16
      5475.07  3.726376E-16
      5477.37  3.513639E-16
      5479.68  2.843074E-16
      5481.98  4.407538E-16
      5484.28  3.890886E-16
      5486.59  3.658243E-16
      5488.89  3.462366E-16
      5491.19  3.501337E-16
      5493.49  3.228419E-16
      5495.80  2.956685E-16
      5498.10  3.151990E-16
      5500.40  3.854015E-16
      5502.71  3.132804E-16
      5505.01  3.691645E-16
      5507.31  3.625641E-16
      5509.62  3.704893E-16
      5511.92  3.613751E-16
      5514.22  3.711645E-16
      5516.53  3.822222E-16
      5518.83  3.326821E-16
      5521.13  3.499362E-16
      5523.44  3.668853E-16
      5525.74  3.392612E-16
      5528.04  3.933501E-16
      5530.35  4.163266E-16
      5532.65  3.817986E-16
      5534.95  4.066892E-16
      5537.25  4.157839E-16
      5539.56  4.291397E-16
      5541.86  4.523166E-16
      5544.16  4.328809E-16
      5546.47  4.225487E-16
      5548.77  4.498720E-16
      5551.07  4.406536E-16
      5553.38  3.795542E-16
      5555.68  3.802638E-16
      5557.98  4.407254E-16
      5560.29  4.291367E-16
      5562.59  4.036327E-16
      5564.89  3.679029E-16
      5567.20  3.733247E-16
      5569.50  4.465448E-16
      5571.80  4.476736E-16
      5574.11  4.880259E-16
      5576.41  3.930289E-16
      5578.71  3.592780E-16
      5581.02  3.535454E-16
      5583.32  2.917604E-16
      5585.62  3.740769E-16
      5587.92  2.966153E-16
      5590.23  3.331651E-16
      5592.53  3.303828E-16
      5594.83  3.372596E-16
      5597.14  3.488280E-16
      5599.44  3.303705E-16
      5601.74  3.302770E-16
      5604.05  3.203896E-16
      5606.35  2.832741E-16
      5608.65  2.824720E-16
      5610.96  3.245118E-16
      5613.26  3.215130E-16
      5615.56  3.132275E-16
      5617.87  3.074087E-16
      5620.17  2.435624E-16
      5622.47  2.657669E-16
      5624.78  2.775920E-16
      5627.08  2.938283E-16
      5629.38  2.593023E-16
      5631.68  3.203590E-16
      5633.99  2.536783E-16
      5636.29  2.147343E-16
      5638.59  2.765126E-16
      5640.90  3.214822E-16
      5643.20  2.819702E-16
      5645.50  2.551267E-16
      5647.81  2.551658E-16
      5650.11  2.265637E-16
      5652.41  3.059358E-16
      5654.72  3.069326E-16
      5657.02  2.775438E-16
      5659.32  2.417690E-16
      5661.63  2.926199E-16
      5663.93  3.445034E-16
      5666.23  3.495536E-16
      5668.54  2.860292E-16
      5670.84  3.348807E-16
      5673.14  4.267643E-16
      5675.45  3.074437E-16
      5677.75  3.859026E-16
      5680.05  5.096152E-16
      5682.35  4.798158E-16
      5684.66  4.649448E-16
      5686.96  4.788798E-16
      5689.26  4.789245E-16
      5691.57  4.545719E-16
      5693.87  4.236670E-16
      5696.17  3.272958E-16
      5698.48  3.638562E-16
      5700.78  3.546142E-16
      5703.08  2.965725E-16
      5705.39  3.586272E-16
      5707.69  3.418618E-16
      5709.99  3.586760E-16
      5712.30  3.714908E-16
      5714.60  3.575760E-16
      5716.90  4.035186E-16
      5719.21  3.218449E-16
      5721.51  2.381785E-16
      5723.81  2.950724E-16
      5726.12  3.250454E-16
      5728.42  3.365052E-16
      5730.72  2.953472E-16
      5733.02  3.202234E-16
      5735.33  3.849354E-16
      5737.63  3.374006E-16
      5739.93  3.298065E-16
      5742.24  3.072759E-16
      5744.54  3.121108E-16
      5746.84  3.373992E-16
      5749.15  3.468738E-16
      5751.45  3.578260E-16
      5753.75  3.129892E-16
      5756.06  2.850139E-16
      5758.36  3.693117E-16
      5760.66  3.539048E-16
      5762.97  3.626375E-16
      5765.27  4.129852E-16
      5767.57  3.766989E-16
      5769.88  3.613932E-16
      5772.18  3.761229E-16
      5774.48  3.554836E-16
      5776.78  3.202707E-16
      5779.09  2.936320E-16
      5781.39  3.025959E-16
      5783.69  4.053823E-16
      5786.00  3.394778E-16
      5788.30  2.944406E-16
      5790.60  1.651240E-16
      5792.91  2.422356E-16
      5795.21  2.023011E-16
      5797.51  2.065155E-16
      5799.82  1.721176E-16
      5802.12  2.957943E-16
      5804.42  2.158480E-16
      5806.73  2.596307E-16
      5809.03  2.760271E-16
      5811.33  1.912763E-16
      5813.64  1.575272E-16
      5815.94  1.236501E-16
      5818.24  1.067946E-16
      5820.55  1.188065E-16
      5822.85  1.452883E-16
      5825.15  2.250392E-16
      5827.45  1.770123E-16
      5829.76  7.385871E-17
      5832.06  9.548923E-17
      5834.36  1.200205E-16
      5836.67  1.001239E-16
      5838.97  1.037847E-16
      5841.27  4.452533E-17
      5843.58 -1.350810E-17
      5845.88  7.576182E-17
      5848.18  1.355427E-16
      5850.49  1.035576E-16
      5852.79  1.606288E-16
      5855.09  1.565473E-16
      5857.40  1.997922E-16
      5859.70  9.561207E-17
      5862.00  1.595853E-16
      5864.31  2.050320E-16
      5866.61  1.989187E-16
      5868.91  1.242289E-16
      5871.22  2.075417E-16
      5873.52  1.821512E-16
      5875.82  2.386530E-16
      5878.12  1.968921E-16
      5880.43  1.768266E-16
      5882.73  2.057068E-16
      5885.03  2.575905E-16
      5887.34  3.914914E-16
      5889.64  4.202430E-16
      5891.94  4.700458E-16
      5894.25  4.886819E-16
      5896.55  4.536059E-16
      5898.85  4.490338E-16
      5901.16  4.373589E-16
      5903.46  4.800246E-16
      5905.76  5.610894E-16
      5908.07  5.243327E-16
      5910.37  5.895778E-16
      5912.67  5.626751E-16
      5914.98  6.666874E-16
      5917.28  6.418305E-16
      5919.58  6.053327E-16
      5921.88  5.898787E-16
      5924.19  5.965648E-16
      5926.49  5.478689E-16
      5928.79  5.449760E-16
      5931.10  4.669198E-16
      5933.40  5.115975E-16
      5935.70  5.421674E-16
      5938.01  5.062253E-16
      5940.31  4.708436E-16
      5942.61  4.244471E-16
      5944.92  3.703307E-16
      5947.22  2.619615E-16
      5949.52  3.788623E-16
      5951.83  3.948932E-16
      5954.13  4.497808E-16
      5956.43  3.103709E-16
      5958.74  3.194614E-16
      5961.04  4.041618E-16
      5963.34  3.385429E-16
      5965.65  3.644291E-16
      5967.95  2.990608E-16
      5970.25  3.142204E-16
      5972.55  3.192697E-16
      5974.86  3.450437E-16
      5977.16  3.323934E-16
      5979.46  3.259116E-16
      5981.77  4.387735E-16
      5984.07  3.937529E-16
      5986.37  3.612802E-16
      5988.68  2.708829E-16
      5990.98  2.654808E-16
      5993.28  1.951086E-16
      5995.59  2.327928E-16
      5997.89  3.784047E-16
      6000.19  3.471631E-16
      6002.50  3.516512E-16
      6004.80  3.604430E-16
      6007.10  3.927896E-16
      6009.41  3.679145E-16
      6011.71  2.880111E-16
      6014.01  2.472953E-16
      6016.32  3.365208E-16
      6018.62  3.544388E-16
      6020.92  3.911251E-16
      6023.22  4.723121E-16
      6025.53  4.841524E-16
      6027.83  2.784560E-16
      6030.13  2.589896E-16
      6032.44  3.486266E-16
      6034.74  3.109444E-16
      6037.04  3.205784E-16
      6039.35  3.408393E-16
      6041.65  3.442815E-16
      6043.95  3.143812E-16
      6046.26  2.552144E-16
      6048.56  3.084698E-16
      6050.86  3.162309E-16
      6053.17  2.508799E-16
      6055.47  2.598128E-16
      6057.77  3.354409E-16
      6060.08  2.598390E-16
      6062.38  3.190916E-16
      6064.68  3.422424E-16
      6066.98  3.106091E-16
      6069.29  2.414378E-16
      6071.59  2.590290E-16
      6073.89  3.176521E-16
      6076.20  2.877694E-16
      6078.50  2.741552E-16
      6080.80  2.754946E-16
      6083.11  2.863692E-16
      6085.41  2.929193E-16
      6087.71  3.004596E-16
      6090.02  3.321060E-16
      6092.32  3.202682E-16
      6094.62  2.886108E-16
      6096.93  2.174569E-16
      6099.23  1.971996E-16
      6101.53  3.526648E-16
      6103.84  4.475952E-16
      6106.14  4.418192E-16
      6108.44  4.069344E-16
      6110.75  2.915539E-16
      6113.05  2.275178E-16
      6115.35  2.531281E-16
      6117.65  1.800142E-16
      6119.96  1.617367E-16
      6122.26  2.350340E-16
      6124.56  2.443398E-16
      6126.87  2.796457E-16
      6129.17  1.843610E-16
      6131.47  1.663205E-16
      6133.78  2.406060E-16
      6136.08  1.929859E-16
      6138.38  1.936032E-16
      6140.69  2.573357E-16
      6142.99  3.158370E-16
      6145.29  3.709856E-16
      6147.60  3.818211E-16
      6149.90  4.512677E-16
      6152.20  4.604583E-16
      6154.51  3.877307E-16
      6156.81  3.410624E-16
      6159.11  4.101552E-16
      6161.41  4.035771E-16
      6163.72  3.071349E-16
      6166.02  3.315682E-16
      6168.32  4.110628E-16
      6170.63  3.643410E-16
      6172.93  3.173334E-16
      6175.23  3.828827E-16
      6177.54  3.742642E-16
      6179.84  3.327283E-16
      6182.14  3.888166E-16
      6184.45  3.519738E-16
      6186.75  2.964230E-16
      6189.05  2.872307E-16
      6191.36  2.779979E-16
      6193.66  3.063077E-16
      6195.96  3.110185E-16
      6198.27  3.708984E-16
      6200.57  3.956978E-16
      6202.87  3.424671E-16
      6205.18  3.129256E-16
      6207.48  3.156397E-16
      6209.78  2.885346E-16
      6212.08  2.509542E-16
      6214.39  2.597816E-16
      6216.69  2.447782E-16
      6218.99  2.833707E-16
      6221.30  2.928962E-16
      6223.60  3.473827E-16
      6225.90  2.965741E-16
      6228.21  2.790235E-16
      6230.51  2.617801E-16
      6232.81  2.232932E-16
      6235.12  2.777666E-16
      6237.42  2.831832E-16
      6239.72  3.027301E-16
      6242.03  3.181324E-16
      6244.33  2.946763E-16
      6246.63  2.809727E-16
      6248.94  2.440070E-16
      6251.24  2.902029E-16
      6253.54  3.444994E-16
      6255.85  3.274721E-16
      6258.15  3.654581E-16
      6260.45  3.893654E-16
      6262.75  4.261938E-16
      6265.06  3.786067E-16
      6267.36  3.595916E-16
      6269.66  3.454882E-16
      6271.97  3.377990E-16
      6274.27  3.277831E-16
      6276.57  3.289098E-16
      6278.88  3.250565E-16
      6281.18  2.821108E-16
      6283.48  3.017103E-16
      6285.79  3.255662E-16
      6288.09  3.190840E-16
      6290.39  3.199863E-16
      6292.70  3.313844E-16
      6295.00  2.907550E-16
      6297.30  2.841345E-16
      6299.61  3.302694E-16
      6301.91  3.085962E-16
      6304.21  2.617155E-16
      6306.51  3.076717E-16
      6308.82  3.084411E-16
      6311.12  3.399318E-16
      6313.42  3.828435E-16
      6315.73  3.488096E-16
      6318.03  3.376095E-16
      6320.33  3.790694E-16
      6322.64  3.309137E-16
      6324.94  3.195198E-16
      6327.24  3.729172E-16
      6329.55  3.429495E-16
      6331.85  3.097667E-16
      6334.15  3.012283E-16
      6336.46  2.682909E-16
      6338.76  2.949113E-16
      6341.06  3.355308E-16
      6343.37  3.404436E-16
      6345.67  3.185620E-16
      6347.97  3.230086E-16
      6350.28  3.153541E-16
      6352.58  2.721301E-16
      6354.88  2.753263E-16
      6357.18  3.216971E-16
      6359.49  3.425512E-16
      6361.79  2.937228E-16
      6364.09  2.499687E-16
      6366.40  2.683602E-16
      6368.70  2.594900E-16
      6371.00  2.547615E-16
      6373.31  2.597317E-16
      6375.61  3.023247E-16
      6377.91  2.993906E-16
      6380.22  2.459837E-16
      6382.52  2.838365E-16
      6384.82  2.941728E-16
      6387.13  3.170864E-16
      6389.43  3.093890E-16
      6391.73  2.861708E-16
      6394.04  2.331785E-16
      6396.34  2.537943E-16
      6398.64  2.466476E-16
      6400.95  2.565360E-16
      6403.25  2.617297E-16
      6405.55  2.320705E-16
      6407.85  2.225759E-16
      6410.16  2.269095E-16
      6412.46  2.253209E-16
      6414.76  2.125657E-16
      6417.07  1.697784E-16
      6419.37  1.895455E-16
      6421.67  2.532955E-16
      6423.98  2.037805E-16
      6426.28  1.788177E-16
      6428.58  1.861372E-16
      6430.89  1.587344E-16
      6433.19  1.810952E-16
      6435.49  1.608260E-16
      6437.80  1.153783E-16
      6440.10  1.717305E-16
      6442.40  1.843958E-16
      6444.71  1.391364E-16
      6447.01  1.413119E-16
      6449.31  9.635834E-17
      6451.61  9.910651E-17
      6453.92  1.042983E-16
      6456.22  8.057627E-17
      6458.52  1.005419E-16
      6460.83  7.555024E-17
      6463.13  9.032907E-17
      6465.43  1.337166E-16
      6467.74  1.149896E-16
      6470.04  9.005588E-17
      6472.34  7.027093E-17
      6474.65  5.227565E-17
      6476.95  9.014529E-17
      6479.25  9.940650E-17
      6481.56  5.119536E-17
      6483.86  8.620658E-17
      6486.16  1.639911E-16
      6488.47  1.298573E-16
      6490.77  1.065956E-16
      6493.07  9.967213E-17
      6495.38  8.140304E-17
      6497.68  1.508109E-16
      6499.98  1.935788E-16
      6502.28  1.837214E-16
      6504.59  1.638334E-16
      6506.89  1.615956E-16
      6509.19  2.330302E-16
      6511.50  3.023106E-16
      6513.80  3.284496E-16
      6516.10  3.418524E-16
      6518.41  3.672110E-16
      6520.71  4.521773E-16
      6523.01  4.838253E-16
      6525.32  4.707216E-16
      6527.62  5.825619E-16
      6529.92  6.474419E-16
      6532.23  6.664469E-16
      6534.53  6.867890E-16
      6536.83  6.795918E-16
      6539.14  7.160240E-16
      6541.44  7.972479E-16
      6543.74  8.115043E-16
      6546.05  8.388868E-16
      6548.35  9.156992E-16
      6550.65  9.285529E-16
      6552.95  9.288033E-16
      6555.26  9.597032E-16
      6557.56  9.812337E-16
      6559.86  1.037565E-15
      6562.17  1.096605E-15
      6564.47  1.136755E-15
      6566.77  1.167537E-15
      6569.08  1.185537E-15
      6571.38  1.203834E-15
      6573.68  1.187266E-15
      6575.99  1.173675E-15
      6578.29  1.179521E-15
      6580.59  1.177722E-15
      6582.90  1.170052E-15
      6585.20  1.153942E-15
      6587.50  1.140038E-15
      6589.81  1.136457E-15
      6592.11  1.098644E-15
      6594.41  1.075000E-15
      6596.71  1.066931E-15
      6599.02  1.053775E-15
      6601.32  1.054337E-15
      6603.62  1.036567E-15
      6605.93  1.020832E-15
      6608.23  9.848529E-16
      6610.53  8.942965E-16
      6612.84  8.464544E-16
      6615.14  8.542085E-16
      6617.44  8.229760E-16
      6619.75  7.701410E-16
      6622.05  7.347962E-16
      6624.35  7.546119E-16
      6626.66  7.805362E-16
      6628.96  7.275050E-16
      6631.26  6.279471E-16
      6633.57  6.192041E-16
      6635.87  6.015999E-16
      6638.17  5.504571E-16
      6640.48  5.450878E-16
      6642.78  5.393827E-16
      6645.08  5.203686E-16
      6647.38  5.070823E-16
      6649.69  5.017390E-16
      6651.99  4.852292E-16
      6654.29  4.792006E-16
      6656.60  4.427804E-16
      6658.90  4.290912E-16
      6661.20  4.060446E-16
      6663.51  4.044695E-16
      6665.81  3.999464E-16
      6668.11  4.105510E-16
      6670.42  3.736096E-16
      6672.72  3.646497E-16
      6675.02  3.748344E-16
      6677.33  3.411892E-16
      6679.63  3.377543E-16
      6681.93  3.610754E-16
      6684.24  3.370430E-16
      6686.54  3.061194E-16
      6688.84  3.256802E-16
      6691.14  3.463743E-16
      6693.45  3.356797E-16
      6695.75  3.446692E-16
      6698.05  3.231341E-16
      6700.36  2.807266E-16
      6702.66  3.302322E-16
      6704.96  3.110726E-16
      6707.27  3.082623E-16
      6709.57  3.013249E-16
      6711.87  3.050135E-16
      6714.18  3.239469E-16
      6716.48  2.875289E-16
      6718.78  2.852311E-16
      6721.09  2.348837E-16
      6723.39  2.604936E-16
      6725.69  2.859693E-16
      6728.00  2.523834E-16
      6730.30  2.659848E-16
      6732.60  3.156710E-16
      6734.91  3.390051E-16
      6737.21  2.676463E-16
      6739.51  2.800031E-16
      6741.81  2.721404E-16
      6744.12  2.700720E-16
      6746.42  2.303634E-16
      6748.72  2.534729E-16
      6751.03  3.069400E-16
      6753.33  3.170410E-16
      6755.63  2.288974E-16
      6757.94  2.388692E-16
      6760.24  2.331996E-16
      6762.54  2.644144E-16
      6764.85  2.235593E-16
      6767.15  1.899088E-16
      6769.45  2.737980E-16
      6771.76  2.472555E-16
      6774.06  2.389568E-16
      6776.36  2.664153E-16
      6778.67  2.313488E-16
      6780.97  1.963050E-16
      6783.27  2.307733E-16
      6785.58  2.549748E-16
      6787.88  2.431729E-16
      6790.18  2.486614E-16
      6792.48  2.423968E-16
      6794.79  2.227911E-16
      6797.09  2.429099E-16
      6799.39  2.355535E-16
      6801.70  1.973564E-16
      6804.00  2.249877E-16
      6806.30  2.526985E-16
      6808.61  2.139834E-16
      6810.91  2.584957E-16
      6813.21  2.495488E-16
      6815.52  2.677390E-16
      6817.82  2.619851E-16
      6820.12  2.515901E-16
      6822.43  2.161590E-16
      6824.73  2.547658E-16
      6827.03  2.649384E-16
      6829.34  2.571728E-16
      6831.64  2.060037E-16
      6833.94  2.227525E-16
      6836.24  2.748971E-16
      6838.55  2.531432E-16
      6840.85  2.195137E-16
      6843.15  1.684523E-16
      6845.46  2.270026E-16
      6847.76  2.586861E-16
      6850.06  1.919754E-16
      6852.37  2.363013E-16
      6854.67  2.439782E-16
      6856.97  2.639739E-16
      6859.28  2.294126E-16
      6861.58  2.207335E-16
      6863.88  2.353971E-16
      6866.19  2.292321E-16
      6868.49  1.836581E-16
      6870.79  1.359262E-16
      6873.10  1.674345E-16
      6875.40  1.687712E-16
      6877.70  1.908019E-16
      6880.01  1.748532E-16
      6882.31  1.977967E-16
      6884.61  2.414218E-16
      6886.91  2.194754E-16
      6889.22  2.250852E-16
      6891.52  2.033426E-16
      6893.82  1.926550E-16
      6896.13  1.449529E-16
      6898.43  1.774135E-16
      6900.73  2.337437E-16
      6903.04  2.096345E-16
      6905.34  2.141157E-16
      6907.64  1.982255E-16
      6909.95  1.992053E-16
      6912.25  2.191620E-16
      6914.55  2.103464E-16
      6916.86  2.410416E-16
      6919.16  2.657483E-16
      6921.46  2.352663E-16
      6923.77  1.958778E-16
      6926.07  2.056470E-16
      6928.37  1.943805E-16
      6930.68  1.762109E-16
      6932.98  1.663432E-16
      6935.28  1.725217E-16
      6937.58  1.963049E-16
      6939.89  2.029379E-16
      6942.19  1.869043E-16
      6944.49  2.171770E-16
      6946.80  2.020877E-16
      6949.10  1.813629E-16
      6951.40  2.298618E-16
      6953.71  2.397428E-16
      6956.01  2.007155E-16
      6958.31  1.783376E-16
      6960.62  2.203616E-16
      6962.92  2.301722E-16
      6965.22  2.283902E-16
      6967.53  2.336977E-16
      6969.83  2.086353E-16
      6972.13  2.125508E-16
      6974.44  2.289655E-16
      6976.74  2.281982E-16
      6979.04  2.272263E-16
      6981.34  2.368863E-16
      6983.65  2.154964E-16
      6985.95  2.153888E-16
      6988.25  2.159363E-16
      6990.56  2.230543E-16
      6992.86  2.282946E-16
      6995.16  2.142419E-16
      6997.47  2.217465E-16
      6999.77  2.413698E-16
      7002.07  2.494009E-16
      7004.38  2.330917E-16
      7006.68  2.350679E-16
      7008.98  2.155070E-16
      7011.29  2.117942E-16
      7013.59  1.958585E-16
      7015.89  2.196753E-16
      7018.20  1.945858E-16
      7020.50  2.253706E-16
      7022.80  2.451618E-16
      7025.11  2.798456E-16
      7027.41  2.531422E-16
      7029.71  2.471666E-16
      7032.01  2.533344E-16
      7034.32  2.952188E-16
      7036.62  2.419852E-16
      7038.92  1.851581E-16
      7041.23  1.900636E-16
      7043.53  2.323167E-16
      7045.83  2.167556E-16
      7048.14  2.091154E-16
      7050.44  2.006455E-16
      7052.74  1.797488E-16
      7055.05  2.012347E-16
      7057.35  1.988964E-16
      7059.65  2.198050E-16
      7061.96  2.241088E-16
      7064.26  2.425041E-16
      7066.56  2.418828E-16
      7068.87  2.274733E-16
      7071.17  1.897270E-16
      7073.47  2.348886E-16
      7075.78  2.152082E-16
      7078.08  2.054712E-16
      7080.38  2.042075E-16
      7082.68  2.103948E-16
      7084.99  1.434549E-16
      7087.29  1.609570E-16
      7089.59  2.237340E-16
      7091.90  1.861643E-16
      7094.20  2.436770E-16
      7096.50  2.321400E-16
      7098.81  2.119729E-16
      7101.11  2.052540E-16
      7103.41  2.166544E-16
      7105.72  1.816206E-16
      7108.02  1.865963E-16
      7110.32  1.828450E-16
      7112.63  1.760359E-16
      7114.93  1.691958E-16
      7117.23  1.710640E-16
      7119.54  2.207090E-16
      7121.84  1.738230E-16
      7124.14  1.448313E-16
      7126.44  1.673608E-16
      7128.75  2.352180E-16
      7131.05  2.365258E-16
      7133.35  2.085812E-16
      7135.66  2.116847E-16
      7137.96  2.126631E-16
      7140.26  2.310412E-16
      7142.57  2.294684E-16
      7144.87  2.255357E-16
      7147.17  2.310431E-16
      7149.48  2.361659E-16
      7151.78  2.204372E-16
      7154.08  2.415468E-16
      7156.39  2.076180E-16
      7158.69  1.934425E-16
      7160.99  2.142671E-16
      7163.30  2.001193E-16
      7165.60  1.833504E-16
      7167.90  1.811065E-16
      7170.21  1.843438E-16
      7172.51  2.226273E-16
      7174.81  2.226161E-16
      7177.11  1.678005E-16
      7179.42  1.788117E-16
      7181.72  1.474792E-16
      7184.02  1.263778E-16
      7186.33  1.587381E-16
      7188.63  1.641739E-16
      7190.93  1.883754E-16
      7193.24  1.777995E-16
      7195.54  1.613158E-16
      7197.84  1.504200E-16
      7200.15  1.795683E-16
      7202.45  1.881807E-16
      7204.75  1.883148E-16
      7207.06  2.018607E-16
      7209.36  1.757544E-16
      7211.66  2.006837E-16
      7213.97  2.012687E-16
      7216.27  2.109258E-16
      7218.57  2.251025E-16
      7220.87  1.981780E-16
      7223.18  2.362047E-16
      7225.48  2.339714E-16
      7227.78  2.377386E-16
      7230.09  2.364999E-16
      7232.39  2.248523E-16
      7234.69  2.187213E-16
      7237.00  1.639742E-16
      7239.30  1.784294E-16
      7241.60  1.958677E-16
      7243.91  1.838916E-16
      7246.21  2.056406E-16
      7248.51  1.936478E-16
      7250.82  2.108530E-16
      7253.12  2.157202E-16
      7255.42  2.231506E-16
      7257.73  2.243988E-16
      7260.03  2.455421E-16
      7262.33  2.888489E-16
      7264.64  2.325900E-16
      7266.94  2.006836E-16
      7269.24  2.189756E-16
      7271.54  2.413126E-16
      7273.85  2.063358E-16
      7276.15  1.521771E-16
      7278.45  2.628986E-16
      7280.76  1.956979E-16
      7283.06  2.165497E-16
      7285.36  2.525722E-16
      7287.67  2.693829E-16
      7289.97  2.634915E-16
      7292.27  2.470389E-16
      7294.58  2.228425E-16
      7296.88  1.908451E-16
      7299.18  2.066025E-16
      7301.49  2.225337E-16
      7303.79  2.331019E-16
      7306.09  2.422498E-16
      7308.40  2.226778E-16
      7310.70  2.438497E-16
      7313.00  2.368220E-16
      7315.31  1.630969E-16
      7317.61  1.526758E-16
      7319.91  1.846093E-16
      7322.21  2.125859E-16
      7324.52  2.434604E-16
      7326.82  2.466436E-16
      7329.12  2.563477E-16
      7331.43  2.627917E-16
      7333.73  2.838010E-16
      7336.03  2.644459E-16
      7338.34  2.708244E-16
      7340.64  2.683471E-16
      7342.94  2.030151E-16
      7345.25  2.395753E-16
      7347.55  2.572697E-16
      7349.85  2.290520E-16
      7352.16  2.101173E-16
      7354.46  2.172263E-16
      7356.76  2.099232E-16
      7359.07  2.394424E-16
      7361.37  2.939828E-16
      7363.67  2.829139E-16
      7365.97  2.747781E-16
      7368.28  2.951856E-16
      7370.58  2.352603E-16
      7372.88  1.939908E-16
      7375.19  2.131685E-16
      7377.49  1.801979E-16
      7379.79  1.734996E-16
      7382.10  1.441677E-16
      7384.40  1.830171E-16
      7386.70  1.962455E-16
      7389.01  2.177391E-16
      7391.31  1.888746E-16
      7393.61  2.058081E-16
      7395.92  2.312711E-16
      7398.22  2.214658E-16
      7400.52  2.296554E-16
      7402.83  2.321616E-16
      7405.13  1.838394E-16
      7407.43  2.282376E-16
      7409.74  2.175760E-16
      7412.04  1.806002E-16
      7414.34  1.788883E-16
      7416.64  2.215370E-16
      7418.95  2.288968E-16
      7421.25  1.791347E-16
      7423.55  1.919703E-16
      7425.86  2.003421E-16
      7428.16  1.712877E-16
      7430.46  1.743952E-16
      7432.77  2.178643E-16
      7435.07  2.455389E-16
      7437.37  1.750960E-16
      7439.68  1.636953E-16
      7441.98  1.842632E-16
      7444.28  2.461191E-16
      7446.59  2.289527E-16
      7448.89  1.761923E-16
      7451.19  1.832281E-16
      7453.50  2.064363E-16
      7455.80  2.086426E-16
      7458.10  2.250935E-16
      7460.41  2.068526E-16
      7462.71  2.135650E-16
      7465.01  2.124616E-16
      7467.31  1.812012E-16
      7469.62  1.734752E-16
      7471.92  1.353602E-16
      7474.22  1.365082E-16
      7476.53  1.437559E-16
      7478.83  1.478799E-16
      7481.13  1.770048E-16
      7483.44  1.544188E-16
      7485.74  1.886740E-16
      7488.04  2.207257E-16
      7490.35  1.986217E-16
      7492.65  1.924514E-16
      7494.95  1.897719E-16
      7497.26  2.166571E-16
      7499.56  2.455239E-16
      7501.86  2.330113E-16
      7504.17  2.049114E-16
      7506.47  1.853938E-16
      7508.77  1.344560E-16
      7511.07  1.678297E-16
      7513.38  1.790043E-16
      7515.68  1.448706E-16
      7517.98  1.671299E-16
      7520.29  1.848247E-16
      7522.59  1.375697E-16
      7524.89  1.017379E-16
      7527.20  1.395514E-16
      7529.50  1.771623E-16
      7531.80  1.847007E-16
      7534.11  1.964090E-16
      7536.41  2.233501E-16
      7538.71  2.042022E-16
      7541.02  2.183375E-16
      7543.32  2.374369E-16
      7545.62  2.162293E-16
      7547.93  2.099035E-16
      7550.23  1.545366E-16
      7552.53  1.446993E-16
      7554.84  1.579151E-16
      7557.14  1.238090E-16
      7559.44  1.092027E-16
      7561.74  1.691451E-16
      7564.05  1.734279E-16
      7566.35  1.331257E-16
      7568.65  1.355717E-16
      7570.96  1.549597E-16
      7573.26  2.089023E-16
      7575.56  1.879421E-16
      7577.87  1.575377E-16
      7580.17  2.166783E-16
      7582.47  2.201567E-16
      7584.78  1.773443E-16
      7587.08  1.770145E-16
      7589.38  1.655939E-16
      7591.69  1.398190E-16
      7593.99  1.264342E-16
      7596.29  1.083003E-16
      7598.60  6.017016E-17
      7600.90  5.019187E-17
      7603.20  7.544680E-17
      7605.51  3.548832E-17
      7607.81  1.361805E-17
      7610.11  1.876305E-17
      7612.41  6.897895E-17
      7614.72  5.104037E-17
      7617.02  4.385349E-17
      7619.32  6.834438E-17
      7621.63  1.072430E-16
      7623.93  1.351282E-16
      7626.23  9.928724E-17
      7628.54  2.729626E-17
      7630.84  1.082747E-17
      7633.14  5.035037E-17
      7635.45  4.561075E-17
      7637.75  5.461489E-17
      7640.05  6.172064E-17
      7642.36  5.286951E-17
      7644.66  7.156418E-17
      7646.96  5.297234E-17
      7649.27  4.471213E-17
      7651.57  9.532718E-17
      7653.87  8.264951E-17
      7656.17  1.195267E-16
      7658.48  1.499163E-16
      7660.78  1.546311E-16
      7663.08  2.257025E-16
      7665.39  2.680910E-16
      7667.69  2.269743E-16
      7669.99  2.040385E-16
      7672.30  1.603566E-16
      7674.60  1.637865E-16
      7676.90  1.668272E-16
      7679.21  1.422158E-16
      7681.51  1.157805E-16
      7683.81  1.066191E-16
      7686.12  7.497466E-17
      7688.42  7.788366E-17
      7690.72  1.748237E-16
      7693.03  2.120868E-16
      7695.33  2.178934E-16
      7697.63  2.703610E-16
      7699.94  2.614952E-16
      7702.24  1.914166E-16
      7704.54  2.063250E-16
      7706.84  2.282435E-16
      7709.15  1.549562E-16
      7711.45  1.726615E-16
      7713.75  1.656790E-16
      7716.06  1.367352E-16
      7718.36  1.553146E-16
      7720.66  1.518244E-16
      7722.97  1.220497E-16
      7725.27  6.729482E-17
      7727.57  9.875586E-17
      7729.88  1.356220E-16
      7732.18  1.089570E-16
      7734.48  7.489341E-17
      7736.79  1.349613E-16
      7739.09  1.950739E-16
      7741.39  1.819722E-16
      7743.70  1.708812E-16
      7746.00  1.309208E-16
      7748.30  2.224569E-16
      7750.60  1.819807E-16
      7752.91  8.297945E-17
      7755.21  8.599325E-17
      7757.51  8.753843E-17
      7759.82  1.175102E-16
      7762.12  1.007550E-16
      7764.42  1.155803E-16
      7766.73  1.727441E-16
      7769.03  1.081357E-16
      7771.33  1.371263E-16
      7773.64  1.874858E-16
      7775.94  1.902043E-16
      7778.24  2.083822E-16
      7780.55  2.267083E-16
      7782.85  2.105131E-16
      7785.15  2.069080E-16
      7787.46  1.770766E-16
      7789.76  1.652821E-16
      7792.06  1.391086E-16
      7794.37  1.186086E-16
      7796.67  1.219800E-16
      7798.97  1.073025E-16
      7801.27  1.572445E-16
      7803.58  1.704794E-16
      7805.88  1.685323E-16
      7808.18  1.895247E-16
      7810.49  1.799004E-16
      7812.79  2.010057E-16
      7815.09  2.423258E-16
      7817.40  1.958505E-16
      7819.70  2.129369E-16
      7822.00  2.351843E-16
      7824.31  2.264755E-16
      7826.61  1.978312E-16
      7828.91  1.440532E-16
      7831.22  1.685239E-16
      7833.52  1.240819E-16
      7835.82  2.089928E-16
      7838.13  1.789481E-16
      7840.43  1.438182E-16
      7842.73  1.029921E-16
      7845.04  1.168234E-16
      7847.34  1.592530E-16
      7849.64  1.816734E-16
      7851.94  2.633085E-16
      7854.25  3.050129E-16
      7856.55  2.285913E-16
      7858.85  1.950870E-16
      7861.16  1.549674E-16
      7863.46  1.562538E-16
      7865.76  1.054877E-16
      7868.07  1.379311E-16
      7870.37  1.587074E-16
      7872.67  1.648101E-16
      7874.98  1.494215E-16
      7877.28  1.903817E-16
      7879.58  2.063155E-16
      7881.89  1.504376E-16
      7884.19  1.572344E-16
      7886.49  1.916351E-16
      7888.80  1.887158E-16
      7891.10  2.026891E-16
      7893.40  2.126216E-16
      7895.70  1.537246E-16
      7898.01  1.507568E-16
      7900.31  1.241868E-16
