      3246.94  2.858134E-16
      3249.23  5.595051E-15
      3251.53  1.771367E-15
      3253.82  9.873761E-15
      3256.12  6.289553E-15
      3258.41  8.750569E-15
      3260.71  8.005527E-15
      3263.00 -1.002669E-15
      3265.30  9.975055E-15
      3267.59  1.043310E-14
      3269.88  1.310220E-14
      3272.18  2.506140E-14
      3274.47  1.454943E-14
      3276.77  1.649525E-14
      3279.06  1.260280E-14
      3281.36  4.889615E-15
      3283.65  4.408601E-15
      3285.95  1.573794E-14
      3288.24  1.232071E-14
      3290.54  1.740172E-14
      3292.83  1.109022E-14
      3295.13 -2.895369E-15
      3297.42  1.042054E-14
      3299.72  9.919925E-15
      3302.01  9.404875E-15
      3304.30  1.204948E-14
      3306.60  1.197009E-14
      3308.89  1.211821E-14
      3311.19  6.687743E-15
      3313.48 -1.960030E-15
      3315.78  6.982671E-15
      3318.07  7.228356E-15
      3320.37  4.110789E-15
      3322.66  8.925752E-15
      3324.96  5.399564E-15
      3327.25  9.358660E-15
      3329.55  9.816325E-15
      3331.84  6.525434E-15
      3334.14  7.239773E-15
      3336.43  7.062926E-15
      3338.72  4.614388E-15
      3341.02  6.768664E-15
      3343.31  8.009754E-15
      3345.61  7.917428E-15
      3347.90  6.857448E-15
      3350.20  5.206842E-15
      3352.49  5.647899E-15
      3354.79  7.011995E-15
      3357.08  7.859650E-15
      3359.38  8.726301E-15
      3361.67  9.193318E-15
      3363.97  1.023216E-14
      3366.26  8.859727E-15
      3368.55  9.343722E-15
      3370.85  9.208481E-15
      3373.14  1.085789E-14
      3375.44  1.090607E-14
      3377.73  9.391803E-15
      3380.03  1.174331E-14
      3382.32  1.155765E-14
      3384.62  7.017115E-15
      3386.91  1.015857E-14
      3389.21  1.080881E-14
      3391.50  8.252611E-15
      3393.80  7.696910E-15
      3396.09  7.623252E-15
      3398.39  7.855273E-15
      3400.68  9.390414E-15
      3402.97  1.008783E-14
      3405.27  1.019885E-14
      3407.56  9.335861E-15
      3409.86  8.132622E-15
      3412.15  8.028705E-15
      3414.45  7.673253E-15
      3416.74  9.921122E-15
      3419.04  9.647183E-15
      3421.33  9.893053E-15
      3423.63  9.353730E-15
      3425.92  8.691623E-15
      3428.22  8.094747E-15
      3430.51  9.450107E-15
      3432.80  8.981028E-15
      3435.10  8.863107E-15
      3437.39  7.580833E-15
      3439.69  8.985370E-15
      3441.98  9.703972E-15
      3444.28  8.930873E-15
      3446.57  9.339302E-15
      3448.87  8.897071E-15
      3451.16  1.069032E-14
      3453.46  9.055655E-15
      3455.75  9.884118E-15
      3458.05  9.415961E-15
      3460.34  9.273420E-15
      3462.64  9.473158E-15
      3464.93  9.997842E-15
      3467.22  8.666407E-15
      3469.52  9.512142E-15
      3471.81  9.863575E-15
      3474.11  1.027983E-14
      3476.40  1.050444E-14
      3478.70  1.005655E-14
      3480.99  9.810600E-15
      3483.29  1.007458E-14
      3485.58  1.128953E-14
      3487.88  1.058562E-14
      3490.17  1.001205E-14
      3492.47  1.019532E-14
      3494.76  1.114534E-14
      3497.05  1.182735E-14
      3499.35  1.155607E-14
      3501.64  1.093274E-14
      3503.94  1.093897E-14
      3506.23  1.044318E-14
      3508.53  1.048823E-14
      3510.82  9.695681E-15
      3513.12  1.016737E-14
      3515.41  9.946151E-15
      3517.71  9.792915E-15
      3520.00  8.997681E-15
      3522.30  1.036462E-14
      3524.59  1.017688E-14
      3526.89  9.657554E-15
      3529.18  1.011724E-14
      3531.47  9.126723E-15
      3533.77  9.441501E-15
      3536.06  9.456907E-15
      3538.36  9.295319E-15
      3540.65  8.917700E-15
      3542.95  9.198029E-15
      3545.24  9.526449E-15
      3547.54  8.301525E-15
      3549.83  9.936547E-15
      3552.13  9.552337E-15
      3554.42  9.024870E-15
      3556.72  8.329199E-15
      3559.01  9.236908E-15
      3561.31  8.721196E-15
      3563.60  1.069204E-14
      3565.89  1.016556E-14
      3568.19  1.027046E-14
      3570.48  9.011457E-15
      3572.78  9.426420E-15
      3575.07  9.646635E-15
      3577.37  9.824955E-15
      3579.66  9.763137E-15
      3581.96  1.041760E-14
      3584.25  1.088636E-14
      3586.55  9.167907E-15
      3588.84  9.277826E-15
      3591.14  1.028557E-14
      3593.43  1.040597E-14
      3595.72  1.063668E-14
      3598.02  1.029343E-14
      3600.31  9.114137E-15
      3602.61  8.887835E-15
      3604.90  9.983672E-15
      3607.20  1.010584E-14
      3609.49  9.783707E-15
      3611.79  9.877913E-15
      3614.08  9.877193E-15
      3616.38  1.009695E-14
      3618.67  9.729200E-15
      3620.97  9.254375E-15
      3623.26  8.729828E-15
      3625.56  7.959935E-15
      3627.85  8.856792E-15
      3630.14  9.396938E-15
      3632.44  9.140255E-15
      3634.73  9.341435E-15
      3637.03  9.194726E-15
      3639.32  8.982605E-15
      3641.62  1.004977E-14
      3643.91  1.027036E-14
      3646.21  1.136650E-14
      3648.50  1.088103E-14
      3650.80  1.073019E-14
      3653.09  1.155657E-14
      3655.39  1.090999E-14
      3657.68  9.897422E-15
      3659.97  1.043904E-14
      3662.27  9.949861E-15
      3664.56  1.008254E-14
      3666.86  1.072210E-14
      3669.15  9.843594E-15
      3671.45  1.037070E-14
      3673.74  1.074227E-14
      3676.04  1.001394E-14
      3678.33  1.034813E-14
      3680.63  9.232658E-15
      3682.92  9.923660E-15
      3685.22  1.024502E-14
      3687.51  9.535563E-15
      3689.81  9.036629E-15
      3692.10  8.535111E-15
      3694.39  8.534408E-15
      3696.69  8.991374E-15
      3698.98  8.944434E-15
      3701.28  9.365297E-15
      3703.57  8.872281E-15
      3705.87  8.706718E-15
      3708.16  9.003981E-15
      3710.46  8.958950E-15
      3712.75  9.103296E-15
      3715.05  9.742727E-15
      3717.34  9.697789E-15
      3719.64  1.083527E-14
      3721.93  1.150787E-14
      3724.22  1.166462E-14
      3726.52  1.203973E-14
      3728.81  1.312327E-14
      3731.11  1.495211E-14
      3733.40  1.718621E-14
      3735.70  1.888189E-14
      3737.99  1.936729E-14
      3740.29  1.943220E-14
      3742.58  1.777861E-14
      3744.88  1.645665E-14
      3747.17  1.631879E-14
      3749.47  1.642665E-14
      3751.76  1.659302E-14
      3754.06  1.622856E-14
      3756.35  1.654755E-14
      3758.64  1.745601E-14
      3760.94  1.744991E-14
      3763.23  1.688398E-14
      3765.53  1.708896E-14
      3767.82  1.706884E-14
      3770.12  1.752742E-14
      3772.41  1.694772E-14
      3774.71  1.642351E-14
      3777.00  1.743773E-14
      3779.30  1.704270E-14
      3781.59  1.649893E-14
      3783.89  1.636227E-14
      3786.18  1.645229E-14
      3788.47  1.667072E-14
      3790.77  1.709171E-14
      3793.06  1.664720E-14
      3795.36  1.753002E-14
      3797.65  1.820155E-14
      3799.95  1.739698E-14
      3802.24  1.801324E-14
      3804.54  1.740279E-14
      3806.83  1.789711E-14
      3809.13  1.742285E-14
      3811.42  1.714834E-14
      3813.72  1.614223E-14
      3816.01  1.668274E-14
      3818.31  1.691795E-14
      3820.60  1.644600E-14
      3822.89  1.552151E-14
      3825.19  1.526647E-14
      3827.48  1.495447E-14
      3829.78  1.417940E-14
      3832.07  1.399318E-14
      3834.37  1.366944E-14
      3836.66  1.351597E-14
      3838.96  1.317677E-14
      3841.25  1.269267E-14
      3843.55  1.243517E-14
      3845.84  1.178997E-14
      3848.14  1.160888E-14
      3850.43  1.133607E-14
      3852.73  1.087726E-14
      3855.02  1.019943E-14
      3857.31  9.258068E-15
      3859.61  9.566998E-15
      3861.90  9.455659E-15
      3864.20  9.069947E-15
      3866.49  8.441807E-15
      3868.79  8.462061E-15
      3871.08  9.267730E-15
      3873.38  9.293624E-15
      3875.67  9.642554E-15
      3877.97  9.911107E-15
      3880.26  1.012433E-14
      3882.56  1.010923E-14
      3884.85  1.017829E-14
      3887.14  9.878335E-15
      3889.44  9.861377E-15
      3891.73  1.015120E-14
      3894.03  1.032466E-14
      3896.32  1.015881E-14
      3898.62  1.059192E-14
      3900.91  1.035475E-14
      3903.21  1.058262E-14
      3905.50  1.060274E-14
      3907.80  1.113223E-14
      3910.09  1.144598E-14
      3912.39  1.168041E-14
      3914.68  1.299134E-14
      3916.98  1.401977E-14
      3919.27  1.506719E-14
      3921.56  1.537489E-14
      3923.86  1.571811E-14
      3926.15  1.664872E-14
      3928.45  1.764526E-14
      3930.74  1.886187E-14
      3933.04  1.893291E-14
      3935.33  1.861601E-14
      3937.63  1.971315E-14
      3939.92  2.081022E-14
      3942.22  2.103241E-14
      3944.51  2.064159E-14
      3946.81  2.116180E-14
      3949.10  2.211666E-14
      3951.39  2.250311E-14
      3953.69  2.203418E-14
      3955.98  2.283529E-14
      3958.28  2.286281E-14
      3960.57  2.210510E-14
      3962.87  2.227018E-14
      3965.16  2.207444E-14
      3967.46  2.151114E-14
      3969.75  2.236060E-14
      3972.05  2.328296E-14
      3974.34  2.310780E-14
      3976.64  2.278312E-14
      3978.93  2.287511E-14
      3981.23  2.347138E-14
      3983.52  2.283735E-14
      3985.81  2.199495E-14
      3988.11  2.161143E-14
      3990.40  2.178167E-14
      3992.70  2.230018E-14
      3994.99  2.209203E-14
      3997.29  2.115448E-14
      3999.58  2.090558E-14
      4001.88  2.131890E-14
      4004.17  2.080693E-14
      4006.47  2.114584E-14
      4008.76  2.126812E-14
      4011.06  1.985891E-14
      4013.35  1.958586E-14
      4015.64  1.949563E-14
      4017.94  1.968555E-14
      4020.23  1.875856E-14
      4022.53  1.769892E-14
      4024.82  1.813732E-14
      4027.12  1.818166E-14
      4029.41  1.773225E-14
      4031.71  1.702641E-14
      4034.00  1.711952E-14
      4036.30  1.712594E-14
      4038.59  1.791919E-14
      4040.89  1.753135E-14
      4043.18  1.664128E-14
      4045.48  1.688053E-14
      4047.77  1.720569E-14
      4050.06  1.801537E-14
      4052.36  1.843509E-14
      4054.65  1.922329E-14
      4056.95  2.002342E-14
      4059.24  2.049325E-14
      4061.54  2.116309E-14
      4063.83  2.101182E-14
      4066.13  2.099952E-14
      4068.42  2.106835E-14
      4070.72  2.107489E-14
      4073.01  2.197197E-14
      4075.31  2.219907E-14
      4077.60  2.136484E-14
      4079.89  2.201254E-14
      4082.19  2.086908E-14
      4084.48  2.147057E-14
      4086.78  2.228822E-14
      4089.07  2.127615E-14
      4091.37  2.058932E-14
      4093.66  2.140911E-14
      4095.96  2.136182E-14
      4098.25  2.069020E-14
      4100.55  2.086374E-14
      4102.84  1.969909E-14
      4105.14  1.906876E-14
      4107.43  1.948696E-14
      4109.73  2.087915E-14
      4112.02  2.078568E-14
      4114.31  2.035071E-14
      4116.61  2.005737E-14
      4118.90  1.977769E-14
      4121.20  1.973686E-14
      4123.49  2.034936E-14
      4125.79  2.005574E-14
      4128.08  1.966097E-14
      4130.38  1.973141E-14
      4132.67  1.983762E-14
      4134.97  2.022302E-14
      4137.26  2.038874E-14
      4139.56  2.014257E-14
      4141.85  2.019330E-14
      4144.15  2.043183E-14
      4146.44  1.962245E-14
      4148.73  2.013288E-14
      4151.03  1.978356E-14
      4153.32  1.907086E-14
      4155.62  2.010732E-14
      4157.91  1.977037E-14
      4160.21  1.934855E-14
      4162.50  1.915788E-14
      4164.80  1.888785E-14
      4167.09  1.862815E-14
      4169.39  1.800714E-14
      4171.68  1.782191E-14
      4173.98  1.753626E-14
      4176.27  1.729602E-14
      4178.56  1.781018E-14
      4180.86  1.765594E-14
      4183.15  1.732178E-14
      4185.45  1.715116E-14
      4187.74  1.756292E-14
      4190.04  1.737159E-14
      4192.33  1.733497E-14
      4194.63  1.787689E-14
      4196.92  1.798898E-14
      4199.22  1.741616E-14
      4201.51  1.779961E-14
      4203.81  1.679321E-14
      4206.10  1.642489E-14
      4208.40  1.710245E-14
      4210.69  1.614235E-14
      4212.98  1.568415E-14
      4215.28  1.505600E-14
      4217.57  1.459521E-14
      4219.87  1.426970E-14
      4222.16  1.397172E-14
      4224.46  1.317764E-14
      4226.75  1.285413E-14
      4229.05  1.303066E-14
      4231.34  1.254923E-14
      4233.64  1.156448E-14
      4235.93  1.153511E-14
      4238.23  1.104485E-14
      4240.52  1.025321E-14
      4242.81  1.041187E-14
      4245.11  9.964542E-15
      4247.40  9.423413E-15
      4249.70  9.452120E-15
      4251.99  9.467568E-15
      4254.29  9.309154E-15
      4256.58  9.458837E-15
      4258.88  9.101339E-15
      4261.17  9.099805E-15
      4263.47  9.179421E-15
      4265.76  9.035539E-15
      4268.06  9.472853E-15
      4270.35  9.601544E-15
      4272.65  9.917502E-15
      4274.94  9.794499E-15
      4277.23  9.979599E-15
      4279.53  1.116948E-14
      4281.82  1.127017E-14
      4284.12  1.219857E-14
      4286.41  1.315060E-14
      4288.71  1.385604E-14
      4291.00  1.406327E-14
      4293.30  1.445694E-14
      4295.59  1.561859E-14
      4297.89  1.593474E-14
      4300.18  1.659073E-14
      4302.48  1.720169E-14
      4304.77  1.698410E-14
      4307.06  1.692175E-14
      4309.36  1.730076E-14
      4311.65  1.747435E-14
      4313.95  1.746999E-14
      4316.24  1.728957E-14
      4318.54  1.696642E-14
      4320.83  1.667430E-14
      4323.13  1.705712E-14
      4325.42  1.779119E-14
      4327.72  1.750771E-14
      4330.01  1.703207E-14
      4332.31  1.730079E-14
      4334.60  1.722778E-14
      4336.90  1.610518E-14
      4339.19  1.682291E-14
      4341.48  1.677496E-14
      4343.78  1.750585E-14
      4346.07  1.789344E-14
      4348.37  1.796081E-14
      4350.66  1.849652E-14
      4352.96  1.790201E-14
      4355.25  1.754407E-14
      4357.55  1.782441E-14
      4359.84  1.798704E-14
      4362.14  1.771341E-14
      4364.43  1.800906E-14
      4366.73  1.701051E-14
      4369.02  1.654022E-14
      4371.31  1.701592E-14
      4373.61  1.620127E-14
      4375.90  1.623263E-14
      4378.20  1.620986E-14
      4380.49  1.657505E-14
      4382.79  1.622352E-14
      4385.08  1.622052E-14
      4387.38  1.586940E-14
      4389.67  1.605310E-14
      4391.97  1.592003E-14
      4394.26  1.580074E-14
      4396.56  1.582620E-14
      4398.85  1.612213E-14
      4401.15  1.602003E-14
      4403.44  1.595072E-14
      4405.73  1.582145E-14
      4408.03  1.585522E-14
      4410.32  1.550079E-14
      4412.62  1.534429E-14
      4414.91  1.537595E-14
      4417.21  1.568676E-14
      4419.50  1.501895E-14
      4421.80  1.481253E-14
      4424.09  1.518010E-14
      4426.39  1.524306E-14
      4428.68  1.515355E-14
      4430.98  1.460567E-14
      4433.27  1.477721E-14
      4435.57  1.482846E-14
      4437.86  1.484336E-14
      4440.15  1.421879E-14
      4442.45  1.446007E-14
      4444.74  1.459873E-14
      4447.04  1.412448E-14
      4449.33  1.438763E-14
      4451.63  1.444414E-14
      4453.92  1.445074E-14
      4456.22  1.366892E-14
      4458.51  1.345239E-14
      4460.81  1.357231E-14
      4463.10  1.341328E-14
      4465.40  1.294065E-14
      4467.69  1.315764E-14
      4469.98  1.273698E-14
      4472.28  1.300370E-14
      4474.57  1.297212E-14
      4476.87  1.284115E-14
      4479.16  1.252405E-14
      4481.46  1.295920E-14
      4483.75  1.190474E-14
      4486.05  1.256472E-14
      4488.34  1.234455E-14
      4490.64  1.248266E-14
      4492.93  1.204411E-14
      4495.23  1.192497E-14
      4497.52  1.222704E-14
      4499.82  1.243914E-14
      4502.11  1.266851E-14
      4504.40  1.275164E-14
      4506.70  1.255538E-14
      4508.99  1.239296E-14
      4511.29  1.253199E-14
      4513.58  1.312902E-14
      4515.88  1.370318E-14
      4518.17  1.346869E-14
      4520.47  1.366229E-14
      4522.76  1.418193E-14
      4525.06  1.445731E-14
      4527.35  1.470960E-14
      4529.65  1.487381E-14
      4531.94  1.520785E-14
      4534.23  1.519255E-14
      4536.53  1.592493E-14
      4538.82  1.636603E-14
      4541.12  1.596329E-14
      4543.41  1.653890E-14
      4545.71  1.673797E-14
      4548.00  1.680945E-14
      4550.30  1.690899E-14
      4552.59  1.676447E-14
      4554.89  1.708494E-14
      4557.18  1.726918E-14
      4559.48  1.663513E-14
      4561.77  1.647601E-14
      4564.07  1.684410E-14
      4566.36  1.700667E-14
      4568.65  1.699466E-14
      4570.95  1.718348E-14
      4573.24  1.718626E-14
      4575.54  1.719949E-14
      4577.83  1.758797E-14
      4580.13  1.741553E-14
      4582.42  1.694946E-14
      4584.72  1.694610E-14
      4587.01  1.685006E-14
      4589.31  1.670064E-14
      4591.60  1.680581E-14
      4593.90  1.659855E-14
      4596.19  1.633073E-14
      4598.48  1.631894E-14
      4600.78  1.667133E-14
      4603.07  1.665135E-14
      4605.37  1.658856E-14
      4607.66  1.697384E-14
      4609.96  1.701382E-14
      4612.25  1.680932E-14
      4614.55  1.684217E-14
      4616.84  1.677613E-14
      4619.14  1.709839E-14
      4621.43  1.712064E-14
      4623.73  1.728587E-14
      4626.02  1.754865E-14
      4628.32  1.738231E-14
      4630.61  1.699714E-14
      4632.90  1.731694E-14
      4635.20  1.718418E-14
      4637.49  1.675514E-14
      4639.79  1.680600E-14
      4642.08  1.678617E-14
      4644.38  1.704207E-14
      4646.67  1.719315E-14
      4648.97  1.703278E-14
      4651.26  1.676391E-14
      4653.56  1.704053E-14
      4655.85  1.690535E-14
      4658.15  1.665999E-14
      4660.44  1.664614E-14
      4662.73  1.706250E-14
      4665.03  1.674165E-14
      4667.32  1.609157E-14
      4669.62  1.609955E-14
      4671.91  1.654734E-14
      4674.21  1.645894E-14
      4676.50  1.637727E-14
      4678.80  1.638665E-14
      4681.09  1.604013E-14
      4683.39  1.590181E-14
      4685.68  1.599445E-14
      4687.98  1.561011E-14
      4690.27  1.572324E-14
      4692.57  1.584614E-14
      4694.86  1.548258E-14
      4697.15  1.532725E-14
      4699.45  1.537996E-14
      4701.74  1.540176E-14
      4704.04  1.514652E-14
      4706.33  1.483943E-14
      4708.63  1.507284E-14
      4710.92  1.542409E-14
      4713.22  1.473124E-14
      4715.51  1.417993E-14
      4717.81  1.419203E-14
      4720.10  1.413464E-14
      4722.40  1.384941E-14
      4724.69  1.386730E-14
      4726.99  1.358291E-14
      4729.28  1.317108E-14
      4731.57  1.287979E-14
      4733.87  1.263272E-14
      4736.16  1.239043E-14
      4738.46  1.192986E-14
      4740.75  1.157376E-14
      4743.05  1.154004E-14
      4745.34  1.132536E-14
      4747.64  1.084187E-14
      4749.93  1.050162E-14
      4752.23  1.018368E-14
      4754.52  1.014557E-14
      4756.82  9.767136E-15
      4759.11  9.211839E-15
      4761.40  9.333396E-15
      4763.70  8.973926E-15
      4765.99  8.813430E-15
      4768.29  8.640877E-15
      4770.58  8.396505E-15
      4772.88  8.126191E-15
      4775.17  8.025220E-15
      4777.47  8.417861E-15
      4779.76  8.679639E-15
      4782.06  8.907034E-15
      4784.35  9.293777E-15
      4786.65  9.545003E-15
      4788.94  9.882571E-15
      4791.24  1.040136E-14
      4793.53  1.125476E-14
      4795.82  1.207027E-14
      4798.12  1.251889E-14
      4800.41  1.333639E-14
      4802.71  1.383922E-14
      4805.00  1.413076E-14
      4807.30  1.468060E-14
      4809.59  1.512862E-14
      4811.89  1.595866E-14
      4814.18  1.667994E-14
      4816.48  1.716822E-14
      4818.77  1.758423E-14
      4821.07  1.839481E-14
      4823.36  1.870274E-14
      4825.65  1.871344E-14
      4827.95  1.857432E-14
      4830.24  1.919195E-14
      4832.54  1.929175E-14
      4834.83  1.974428E-14
      4837.13  2.029413E-14
      4839.42  1.985195E-14
      4841.72  1.976734E-14
      4844.01  1.948245E-14
      4846.31  1.970900E-14
      4848.60  1.976685E-14
      4850.90  1.934177E-14
      4853.19  1.911388E-14
      4855.49  1.943260E-14
      4857.78  1.969118E-14
      4860.07  1.921947E-14
      4862.37  1.912035E-14
      4864.66  1.952580E-14
      4866.96  1.984780E-14
      4869.25  2.087421E-14
      4871.55  2.134725E-14
      4873.84  2.155626E-14
      4876.14  2.095475E-14
      4878.43  2.136504E-14
      4880.73  2.046180E-14
      4883.02  2.017731E-14
      4885.32  2.006507E-14
      4887.61  1.951890E-14
      4889.90  1.973993E-14
      4892.20  1.962450E-14
      4894.49  1.948732E-14
      4896.79  1.973496E-14
      4899.08  1.968003E-14
      4901.38  1.959967E-14
      4903.67  1.969418E-14
      4905.97  1.929483E-14
      4908.26  1.918859E-14
      4910.56  1.924020E-14
      4912.85  1.894500E-14
      4915.15  1.865288E-14
      4917.44  1.815671E-14
      4919.74  1.835942E-14
      4922.03  1.823749E-14
      4924.32  1.819057E-14
      4926.62  1.750887E-14
      4928.91  1.710236E-14
      4931.21  1.716317E-14
      4933.50  1.653223E-14
      4935.80  1.603589E-14
      4938.09  1.547526E-14
      4940.39  1.522550E-14
      4942.68  1.510444E-14
      4944.98  1.475858E-14
      4947.27  1.452475E-14
      4949.57  1.467957E-14
      4951.86  1.478429E-14
      4954.16  1.454409E-14
      4956.45  1.442450E-14
      4958.74  1.453934E-14
      4961.04  1.485412E-14
      4963.33  1.498299E-14
      4965.63  1.541635E-14
      4967.92  1.673357E-14
      4970.22  1.673676E-14
      4972.51  1.663867E-14
      4974.81  1.636248E-14
      4977.10  1.618398E-14
      4979.40  1.578469E-14
      4981.69  1.556380E-14
      4983.99  1.536321E-14
      4986.28  1.544026E-14
      4988.57  1.553503E-14
      4990.87  1.545463E-14
      4993.16  1.570272E-14
      4995.46  1.558008E-14
      4997.75  1.554682E-14
      5000.05  1.570761E-14
      5002.34  1.560479E-14
      5004.64  1.604890E-14
      5006.93  1.581856E-14
      5009.23  1.601944E-14
      5011.52  1.643671E-14
      5013.82  1.773861E-14
      5016.11  2.000399E-14
      5018.41  2.167686E-14
      5020.70  2.141805E-14
      5022.99  1.968877E-14
      5025.29  1.747234E-14
      5027.58  1.645625E-14
      5029.88  1.570885E-14
      5032.17  1.528601E-14
      5034.47  1.520729E-14
      5036.76  1.501144E-14
      5039.06  1.505801E-14
      5041.35  1.502687E-14
      5043.65  1.501103E-14
      5045.94  1.490906E-14
      5048.24  1.482377E-14
      5050.53  1.448372E-14
      5052.82  1.440050E-14
      5055.12  1.438758E-14
      5057.41  1.403765E-14
      5059.71  1.404004E-14
      5062.00  1.380392E-14
      5064.30  1.374753E-14
      5066.59  1.371417E-14
      5068.89  1.361721E-14
      5071.18  1.329203E-14
      5073.48  1.286743E-14
      5075.77  1.266775E-14
      5078.07  1.242146E-14
      5080.36  1.239367E-14
      5082.66  1.248332E-14
      5084.95  1.181643E-14
      5087.24  1.152654E-14
      5089.54  1.159243E-14
      5091.83  1.121464E-14
      5094.13  1.126403E-14
      5096.42  1.112481E-14
      5098.72  1.105112E-14
      5101.01  1.125152E-14
      5103.31  1.136329E-14
      5105.60  1.127124E-14
      5107.90  1.132866E-14
      5110.19  1.152374E-14
      5112.49  1.143313E-14
      5114.78  1.155859E-14
      5117.07  1.168781E-14
      5119.37  1.183043E-14
      5121.66  1.248133E-14
      5123.96  1.256666E-14
      5126.25  1.247182E-14
      5128.55  1.261479E-14
      5130.84  1.269767E-14
      5133.14  1.266764E-14
      5135.43  1.278207E-14
      5137.73  1.282571E-14
      5140.02  1.293333E-14
      5142.32  1.318985E-14
      5144.61  1.318743E-14
      5146.91  1.324719E-14
      5149.20  1.333545E-14
      5151.49  1.325321E-14
      5153.79  1.287217E-14
      5156.08  1.288337E-14
      5158.38  1.339254E-14
      5160.67  1.375749E-14
      5162.97  1.378221E-14
      5165.26  1.368441E-14
      5167.56  1.375013E-14
      5169.85  1.369009E-14
      5172.15  1.401271E-14
      5174.44  1.435158E-14
      5176.74  1.410598E-14
      5179.03  1.389705E-14
      5181.32  1.408050E-14
      5183.62  1.399299E-14
      5185.91  1.390478E-14
      5188.21  1.378262E-14
      5190.50  1.403607E-14
      5192.80  1.395713E-14
      5195.09  1.364369E-14
      5197.39  1.362482E-14
      5199.68  1.382162E-14
      5201.98  1.380567E-14
      5204.27  1.364689E-14
      5206.57  1.372280E-14
      5208.86  1.376766E-14
      5211.16  1.411306E-14
      5213.45  1.414326E-14
      5215.74  1.405385E-14
      5218.04  1.346750E-14
      5220.33  1.359665E-14
      5222.63  1.380890E-14
      5224.92  1.390407E-14
      5227.22  1.349923E-14
      5229.51  1.373258E-14
      5231.81  1.396666E-14
      5234.10  1.371217E-14
      5236.40  1.360114E-14
      5238.69  1.333768E-14
      5240.99  1.318985E-14
      5243.28  1.320616E-14
      5245.58  1.312752E-14
      5247.87  1.316262E-14
      5250.16  1.316300E-14
      5252.46  1.321282E-14
      5254.75  1.330564E-14
      5257.05  1.323255E-14
      5259.34  1.305823E-14
      5261.64  1.322632E-14
      5263.93  1.327804E-14
      5266.23  1.335277E-14
      5268.52  1.346575E-14
      5270.82  1.343770E-14
      5273.11  1.357042E-14
      5275.41  1.312009E-14
      5277.70  1.335357E-14
      5279.99  1.371582E-14
      5282.29  1.341790E-14
      5284.58  1.352819E-14
      5286.88  1.376697E-14
      5289.17  1.351353E-14
      5291.47  1.364063E-14
      5293.76  1.407012E-14
      5296.06  1.410084E-14
      5298.35  1.358726E-14
      5300.65  1.339184E-14
      5302.94  1.369705E-14
      5305.24  1.371575E-14
      5307.53  1.373791E-14
      5309.83  1.364079E-14
      5312.12  1.396494E-14
      5314.41  1.384379E-14
      5316.71  1.385649E-14
      5319.00  1.395832E-14
      5321.30  1.359834E-14
      5323.59  1.346602E-14
      5325.89  1.344179E-14
      5328.18  1.360849E-14
      5330.48  1.360787E-14
      5332.77  1.334385E-14
      5335.07  1.338869E-14
      5337.36  1.389274E-14
      5339.66  1.360119E-14
      5341.95  1.331506E-14
      5344.24  1.330889E-14
      5346.54  1.318318E-14
      5348.83  1.309387E-14
      5351.13  1.323985E-14
      5353.42  1.310706E-14
      5355.72  1.349277E-14
      5358.01  1.301640E-14
      5360.31  1.283437E-14
      5362.60  1.297668E-14
      5364.90  1.318071E-14
      5367.19  1.335490E-14
      5369.49  1.313268E-14
      5371.78  1.312989E-14
      5374.08  1.340388E-14
      5376.37  1.311068E-14
      5378.66  1.311221E-14
      5380.96  1.285049E-14
      5383.25  1.313665E-14
      5385.55  1.316711E-14
      5387.84  1.309096E-14
      5390.14  1.315327E-14
      5392.43  1.298384E-14
      5394.73  1.301443E-14
      5397.02  1.293349E-14
      5399.32  1.293250E-14
      5401.61  1.279873E-14
      5403.91  1.263875E-14
      5406.20  1.297909E-14
      5408.49  1.278476E-14
      5410.79  1.277911E-14
      5413.08  1.261773E-14
      5415.38  1.261424E-14
      5417.67  1.287451E-14
      5419.97  1.267382E-14
      5422.26  1.267887E-14
      5424.56  1.275143E-14
      5426.85  1.241843E-14
      5429.15  1.235099E-14
      5431.44  1.216232E-14
      5433.74  1.222120E-14
      5436.03  1.209519E-14
      5438.33  1.235396E-14
      5440.62  1.219328E-14
      5442.91  1.242607E-14
      5445.21  1.209103E-14
      5447.50  1.195287E-14
      5449.80  1.217365E-14
      5452.09  1.210002E-14
      5454.39  1.219254E-14
      5456.68  1.227184E-14
      5458.98  1.231201E-14
      5461.27  1.234149E-14
      5463.57  1.236202E-14
      5465.86  1.201335E-14
      5468.16  1.203873E-14
      5470.45  1.198941E-14
      5472.74  1.234423E-14
      5475.04  1.235516E-14
      5477.33  1.219768E-14
      5479.63  1.224801E-14
      5481.92  1.242293E-14
      5484.22  1.246773E-14
      5486.51  1.230492E-14
      5488.81  1.224711E-14
      5491.10  1.213491E-14
      5493.40  1.229988E-14
      5495.69  1.254928E-14
      5497.99  1.252218E-14
      5500.28  1.235601E-14
      5502.58  1.230869E-14
      5504.87  1.240352E-14
      5507.16  1.251125E-14
      5509.46  1.249769E-14
      5511.75  1.257489E-14
      5514.05  1.229483E-14
      5516.34  1.227889E-14
      5518.64  1.253226E-14
      5520.93  1.235821E-14
      5523.23  1.212202E-14
      5525.52  1.197147E-14
      5527.82  1.198840E-14
      5530.11  1.228149E-14
      5532.41  1.196190E-14
      5534.70  1.197089E-14
      5537.00  1.213405E-14
      5539.29  1.229293E-14
      5541.58  1.215352E-14
      5543.88  1.180921E-14
      5546.17  1.193046E-14
      5548.47  1.171548E-14
      5550.76  1.169073E-14
      5553.06  1.180913E-14
      5555.35  1.157171E-14
      5557.65  1.127816E-14
      5559.94  1.130446E-14
      5562.24  1.144600E-14
      5564.53  1.137262E-14
      5566.83  1.116187E-14
      5569.12  1.126518E-14
      5571.41  1.140967E-14
      5573.71  1.119370E-14
      5576.00  1.122040E-14
      5578.30  1.126124E-14
      5580.59  1.087919E-14
      5582.89  1.101909E-14
      5585.18  1.123058E-14
      5587.48  1.117348E-14
      5589.77  1.121970E-14
      5592.07  1.106398E-14
      5594.36  1.128390E-14
      5596.66  1.121109E-14
      5598.95  1.120842E-14
      5601.25  1.137697E-14
      5603.54  1.108078E-14
      5605.83  1.101171E-14
      5608.13  1.099541E-14
      5610.42  1.094058E-14
      5612.72  1.090564E-14
      5615.01  1.121366E-14
      5617.31  1.118246E-14
      5619.60  1.134643E-14
      5621.90  1.138728E-14
      5624.19  1.127185E-14
      5626.49  1.093301E-14
      5628.78  1.129413E-14
      5631.08  1.127875E-14
      5633.37  1.146980E-14
      5635.66  1.171105E-14
      5637.96  1.118185E-14
      5640.25  1.104339E-14
      5642.55  1.137619E-14
      5644.84  1.124241E-14
      5647.14  1.101773E-14
      5649.43  1.105707E-14
      5651.73  1.134500E-14
      5654.02  1.145233E-14
      5656.32  1.124602E-14
      5658.61  1.134170E-14
      5660.91  1.122925E-14
      5663.20  1.140493E-14
      5665.50  1.136733E-14
      5667.79  1.107810E-14
      5670.08  1.104384E-14
      5672.38  1.113080E-14
      5674.67  1.106780E-14
      5676.97  1.123710E-14
      5679.26  1.137710E-14
      5681.56  1.111856E-14
      5683.85  1.093968E-14
      5686.15  1.114145E-14
      5688.44  1.076828E-14
      5690.74  1.051346E-14
      5693.03  1.099401E-14
      5695.33  1.065129E-14
      5697.62  1.052599E-14
      5699.91  1.069573E-14
      5702.21  1.064310E-14
      5704.50  1.050370E-14
      5706.80  1.052723E-14
      5709.09  1.055671E-14
      5711.39  1.064796E-14
      5713.68  1.076261E-14
      5715.98  1.054409E-14
      5718.27  1.058737E-14
      5720.57  1.045325E-14
      5722.86  1.063398E-14
      5725.16  1.039484E-14
      5727.45  1.045451E-14
      5729.75  1.053920E-14
      5732.04  1.029580E-14
      5734.33  1.014130E-14
      5736.63  1.041709E-14
      5738.92  1.040364E-14
      5741.22  1.047798E-14
      5743.51  1.064845E-14
      5745.81  1.067694E-14
      5748.10  1.060103E-14
      5750.40  1.048624E-14
      5752.69  1.032222E-14
      5754.99  1.050340E-14
      5757.28  1.033946E-14
      5759.58  1.043664E-14
      5761.87  1.054070E-14
      5764.16  1.036568E-14
      5766.46  1.016922E-14
      5768.75  1.080243E-14
      5771.05  1.076675E-14
      5773.34  1.070592E-14
      5775.64  1.040203E-14
      5777.93  1.038450E-14
      5780.23  1.012709E-14
      5782.52  1.046424E-14
      5784.82  1.045452E-14
      5787.11  1.043008E-14
      5789.41  1.048292E-14
      5791.70  9.916913E-15
      5794.00  9.947638E-15
      5796.29  1.047970E-14
      5798.58  1.046859E-14
      5800.88  1.033756E-14
      5803.17  1.037158E-14
      5805.47  1.038335E-14
      5807.76  1.034441E-14
      5810.06  1.015424E-14
      5812.35  1.017539E-14
      5814.65  1.017323E-14
      5816.94  1.030615E-14
      5819.24  1.026297E-14
      5821.53  1.018336E-14
      5823.83  1.037260E-14
      5826.12  1.060586E-14
      5828.42  1.047742E-14
      5830.71  1.060524E-14
      5833.00  1.048476E-14
      5835.30  1.030844E-14
      5837.59  1.037419E-14
      5839.89  1.011125E-14
      5842.18  1.048715E-14
      5844.48  1.084349E-14
      5846.77  1.058226E-14
      5849.07  1.039820E-14
      5851.36  1.038621E-14
      5853.66  1.060626E-14
      5855.95  1.053278E-14
      5858.25  1.059497E-14
      5860.54  1.039839E-14
      5862.83  1.040599E-14
      5865.13  1.031011E-14
      5867.42  1.050637E-14
      5869.72  1.052428E-14
      5872.01  1.046391E-14
      5874.31  1.048042E-14
      5876.60  1.057245E-14
      5878.90  1.043322E-14
      5881.19  1.067760E-14
      5883.49  1.028483E-14
      5885.78  1.002248E-14
      5888.08  1.011578E-14
      5890.37  9.842064E-15
      5892.67  9.710819E-15
      5894.96  1.000959E-14
      5897.25  1.005744E-14
      5899.55  1.019526E-14
      5901.84  1.012250E-14
      5904.14  1.021416E-14
      5906.43  1.024926E-14
      5908.73  1.062619E-14
      5911.02  1.049348E-14
      5913.32  1.015477E-14
      5915.61  1.020525E-14
      5917.91  1.036637E-14
      5920.20  1.027905E-14
      5922.50  1.041576E-14
      5924.79  1.082765E-14
      5927.08  1.081855E-14
      5929.38  1.059941E-14
      5931.67  1.030527E-14
      5933.97  1.053881E-14
      5936.26  1.058407E-14
      5938.56  1.050383E-14
      5940.85  1.024791E-14
      5943.15  1.032877E-14
      5945.44  1.018163E-14
      5947.74  1.045907E-14
      5950.03  1.049922E-14
      5952.33  1.031942E-14
      5954.62  1.034550E-14
      5956.92  1.031015E-14
      5959.21  1.014738E-14
      5961.50  1.034164E-14
      5963.80  1.051920E-14
      5966.09  1.034872E-14
      5968.39  1.019171E-14
      5970.68  1.031303E-14
      5972.98  1.012922E-14
      5975.27  1.025367E-14
      5977.57  1.011368E-14
      5979.86  1.020475E-14
      5982.16  1.043014E-14
      5984.45  1.017330E-14
      5986.75  1.032864E-14
      5989.04  1.011543E-14
      5991.33  1.028891E-14
      5993.63  1.067787E-14
      5995.92  1.011201E-14
      5998.22  1.022566E-14
      6000.51  1.013740E-14
      6002.81  9.714889E-15
      6005.10  1.013148E-14
      6007.40  9.991424E-15
      6009.69  1.024967E-14
      6011.99  1.007146E-14
      6014.28  1.012278E-14
      6016.58  1.017769E-14
      6018.87  9.904975E-15
      6021.17  1.029760E-14
      6023.46  1.027951E-14
      6025.75  9.987335E-15
      6028.05  1.024737E-14
      6030.34  1.017498E-14
      6032.64  9.860294E-15
      6034.93  1.002719E-14
      6037.23  1.008352E-14
      6039.52  1.039172E-14
      6041.82  1.010022E-14
      6044.11  9.923083E-15
      6046.41  1.000814E-14
      6048.70  1.016350E-14
      6051.00  1.021348E-14
      6053.29  1.007523E-14
      6055.58  1.006874E-14
      6057.88  9.994043E-15
      6060.17  1.007551E-14
      6062.47  1.014764E-14
      6064.76  1.001983E-14
      6067.06  1.004896E-14
      6069.35  1.017172E-14
      6071.65  1.001677E-14
      6073.94  9.647672E-15
      6076.24  1.005850E-14
      6078.53  9.809537E-15
      6080.83  1.004805E-14
      6083.12  9.859231E-15
      6085.42  1.017827E-14
      6087.71  1.026980E-14
      6090.00  9.757045E-15
      6092.30  1.012352E-14
      6094.59  9.954467E-15
      6096.89  1.013184E-14
      6099.18  1.009147E-14
      6101.48  1.006592E-14
      6103.77  9.936427E-15
      6106.07  1.011658E-14
      6108.36  1.028110E-14
      6110.66  1.000580E-14
      6112.95  1.019656E-14
      6115.25  1.010204E-14
      6117.54  1.035086E-14
      6119.84  9.915430E-15
      6122.13  9.995328E-15
      6124.42  9.836743E-15
      6126.72  1.005703E-14
      6129.01  9.970591E-15
      6131.31  9.987740E-15
      6133.60  9.915147E-15
      6135.90  9.990801E-15
      6138.19  1.024959E-14
      6140.49  1.039834E-14
      6142.78  1.022379E-14
      6145.08  9.865908E-15
      6147.37  9.925097E-15
      6149.67  1.015551E-14
      6151.96  9.668232E-15
      6154.25  9.974627E-15
      6156.55  9.797539E-15
      6158.84  9.831667E-15
      6161.14  9.964934E-15
      6163.43  9.755179E-15
      6165.73  9.912771E-15
      6168.02  9.846859E-15
      6170.32  9.958197E-15
      6172.61  9.533522E-15
      6174.91  1.005919E-14
      6177.20  9.966805E-15
      6179.50  9.809162E-15
      6181.79  9.946186E-15
      6184.09  9.793794E-15
      6186.38  9.773323E-15
      6188.67  9.878013E-15
      6190.97  9.883680E-15
      6193.26  9.990537E-15
      6195.56  9.999715E-15
      6197.85  9.724020E-15
      6200.15  9.756476E-15
      6202.44  9.671735E-15
      6204.74  9.886840E-15
      6207.03  9.889853E-15
      6209.33  9.860047E-15
      6211.62  9.814646E-15
      6213.92  9.691995E-15
      6216.21  9.589255E-15
      6218.50  9.669880E-15
      6220.80  9.830014E-15
      6223.09  9.907418E-15
      6225.39  9.867891E-15
      6227.68  9.771490E-15
      6229.98  1.001875E-14
      6232.27  9.455102E-15
      6234.57  9.740529E-15
      6236.86  9.697715E-15
      6239.16  9.610921E-15
      6241.45  9.582498E-15
      6243.75  9.687073E-15
      6246.04  9.489570E-15
      6248.34  9.255725E-15
      6250.63  9.128005E-15
      6252.92  9.026626E-15
      6255.22  8.778387E-15
      6257.51  8.607915E-15
      6259.81  8.847639E-15
      6262.10  9.086634E-15
      6264.40  8.886831E-15
      6266.69  8.775432E-15
      6268.99  8.676625E-15
      6271.28  8.565417E-15
      6273.58  8.347680E-15
      6275.87  8.055074E-15
      6278.17  7.924291E-15
      6280.46  8.168785E-15
      6282.75  8.358334E-15
      6285.05  8.083867E-15
      6287.34  8.208834E-15
      6289.64  8.282266E-15
      6291.93  8.041272E-15
      6294.23  8.109469E-15
      6296.52  8.169833E-15
      6298.82  8.514025E-15
      6301.11  8.455866E-15
      6303.41  8.021683E-15
      6305.70  8.083861E-15
      6308.00  8.317725E-15
      6310.29  8.485101E-15
      6312.59  8.754412E-15
      6314.88  8.811318E-15
      6317.17  8.794232E-15
      6319.47  8.872317E-15
      6321.76  8.686108E-15
      6324.06  8.633534E-15
      6326.35  8.823170E-15
      6328.65  9.050449E-15
      6330.94  9.031395E-15
      6333.24  8.841094E-15
      6335.53  8.834820E-15
      6337.83  8.738917E-15
      6340.12  8.866184E-15
      6342.42  8.740486E-15
      6344.71  8.824542E-15
      6347.01  8.820163E-15
      6349.30  8.912235E-15
      6351.59  9.111983E-15
      6353.89  8.840680E-15
      6356.18  8.784084E-15
      6358.48  8.563354E-15
      6360.77  8.398736E-15
      6363.07  8.510187E-15
      6365.36  8.425475E-15
      6367.66  8.315970E-15
      6369.95  8.557200E-15
      6372.25  8.284639E-15
      6374.54  7.986393E-15
      6376.84  8.002738E-15
      6379.13  8.013522E-15
      6381.42  7.941120E-15
      6383.72  7.860035E-15
      6386.01  7.838673E-15
      6388.31  7.605926E-15
      6390.60  7.335592E-15
      6392.90  7.271824E-15
      6395.19  7.045137E-15
      6397.49  6.820751E-15
      6399.78  6.844780E-15
      6402.08  6.780206E-15
      6404.37  6.670768E-15
      6406.67  6.628439E-15
      6408.96  6.575419E-15
      6411.26  6.517543E-15
      6413.55  6.222501E-15
      6415.84  5.979040E-15
      6418.14  6.055502E-15
      6420.43  6.280416E-15
      6422.73  6.196000E-15
      6425.02  5.759531E-15
      6427.32  5.712181E-15
      6429.61  6.007213E-15
      6431.91  6.248057E-15
      6434.20  6.241551E-15
      6436.50  6.319497E-15
      6438.79  6.468220E-15
      6441.09  6.183338E-15
      6443.38  6.548001E-15
      6445.67  7.022507E-15
      6447.97  6.985301E-15
      6450.26  7.168720E-15
      6452.56  7.517811E-15
      6454.85  7.679219E-15
      6457.15  7.826537E-15
      6459.44  8.231652E-15
      6461.74  8.452879E-15
      6464.03  8.920806E-15
      6466.33  9.452528E-15
      6468.62  9.785412E-15
      6470.92  1.016111E-14
      6473.21  1.039365E-14
      6475.51  1.115033E-14
      6477.80  1.164936E-14
      6480.09  1.161969E-14
      6482.39  1.218507E-14
      6484.68  1.267118E-14
      6486.98  1.317868E-14
      6489.27  1.368046E-14
      6491.57  1.375245E-14
      6493.86  1.389273E-14
      6496.16  1.432950E-14
      6498.45  1.463974E-14
      6500.75  1.478318E-14
      6503.04  1.477868E-14
      6505.34  1.522069E-14
      6507.63  1.551596E-14
      6509.92  1.535257E-14
      6512.22  1.576114E-14
      6514.51  1.589066E-14
      6516.81  1.580639E-14
      6519.10  1.612783E-14
      6521.40  1.642719E-14
      6523.69  1.658426E-14
      6525.99  1.676454E-14
      6528.28  1.693750E-14
      6530.58  1.689956E-14
      6532.87  1.720660E-14
      6535.17  1.704340E-14
      6537.46  1.734773E-14
      6539.76  1.729422E-14
      6542.05  1.746299E-14
      6544.34  1.708026E-14
      6546.64  1.721618E-14
      6548.93  1.774373E-14
      6551.23  1.758492E-14
      6553.52  1.772275E-14
      6555.82  1.773458E-14
      6558.11  1.758095E-14
      6560.41  1.756690E-14
      6562.70  1.748527E-14
      6565.00  1.726887E-14
      6567.29  1.704767E-14
      6569.59  1.725303E-14
      6571.88  1.706587E-14
      6574.17  1.702409E-14
      6576.47  1.696178E-14
      6578.76  1.685770E-14
      6581.06  1.663938E-14
      6583.35  1.661862E-14
      6585.65  1.659785E-14
      6587.94  1.643146E-14
      6590.24  1.643146E-14
      6592.53  1.631282E-14
      6594.83  1.625009E-14
      6597.12  1.604329E-14
      6599.42  1.594512E-14
      6601.71  1.584514E-14
      6604.01  1.583639E-14
      6606.30  1.540234E-14
      6608.59  1.485063E-14
      6610.89  1.485625E-14
      6613.18  1.492492E-14
      6615.48  1.428760E-14
      6617.77  1.401650E-14
      6620.07  1.417077E-14
      6622.36  1.419643E-14
      6624.66  1.390135E-14
      6626.95  1.376074E-14
      6629.25  1.352405E-14
      6631.54  1.358321E-14
      6633.84  1.332770E-14
      6636.13  1.293201E-14
      6638.43  1.276144E-14
      6640.72  1.245996E-14
      6643.01  1.258310E-14
      6645.31  1.246837E-14
      6647.60  1.225630E-14
      6649.90  1.236715E-14
      6652.19  1.220998E-14
      6654.49  1.220637E-14
      6656.78  1.197056E-14
      6659.08  1.202647E-14
      6661.37  1.186956E-14
      6663.67  1.171172E-14
      6665.96  1.171524E-14
      6668.26  1.148928E-14
      6670.55  1.117426E-14
      6672.84  1.093271E-14
      6675.14  1.093316E-14
      6677.43  1.070619E-14
      6679.73  1.062224E-14
      6682.02  1.058226E-14
      6684.32  1.038613E-14
      6686.61  1.045040E-14
      6688.91  1.044784E-14
      6691.20  1.048855E-14
      6693.50  1.026035E-14
      6695.79  1.010594E-14
      6698.09  9.828894E-15
      6700.38  9.778370E-15
      6702.68  9.467741E-15
      6704.97  9.572844E-15
      6707.26  9.544800E-15
      6709.56  9.433227E-15
      6711.85  9.429650E-15
      6714.15  9.157965E-15
      6716.44  9.363640E-15
      6718.74  9.479321E-15
      6721.03  9.185936E-15
      6723.33  9.262681E-15
      6725.62  9.263413E-15
      6727.92  9.215263E-15
      6730.21  9.108587E-15
      6732.51  9.044743E-15
      6734.80  9.069109E-15
      6737.09  8.901296E-15
      6739.39  8.840716E-15
      6741.68  8.664224E-15
      6743.98  8.661036E-15
      6746.27  8.921382E-15
      6748.57  8.849077E-15
      6750.86  8.625994E-15
      6753.16  8.596282E-15
      6755.45  8.507562E-15
      6757.75  8.365008E-15
      6760.04  8.294371E-15
      6762.34  8.269247E-15
      6764.63  8.322785E-15
      6766.93  8.337117E-15
      6769.22  8.371440E-15
      6771.51  8.346090E-15
      6773.81  8.226122E-15
      6776.10  8.160079E-15
      6778.40  8.192079E-15
      6780.69  8.297928E-15
      6782.99  8.245610E-15
      6785.28  8.185273E-15
      6787.58  8.164732E-15
      6789.87  8.008630E-15
      6792.17  8.027266E-15
      6794.46  8.381516E-15
      6796.76  8.379704E-15
      6799.05  8.021110E-15
      6801.34  7.997998E-15
      6803.64  7.940162E-15
      6805.93  8.030151E-15
      6808.23  7.735461E-15
      6810.52  7.609159E-15
      6812.82  7.851379E-15
      6815.11  8.010003E-15
      6817.41  8.132396E-15
      6819.70  7.905051E-15
      6822.00  7.655869E-15
      6824.29  7.597759E-15
      6826.59  8.151565E-15
      6828.88  8.103098E-15
      6831.18  7.742085E-15
      6833.47  7.839813E-15
      6835.76  7.924244E-15
      6838.06  7.641119E-15
      6840.35  7.389518E-15
      6842.65  7.540715E-15
      6844.94  7.856337E-15
      6847.24  7.599997E-15
      6849.53  7.680929E-15
      6851.83  7.601546E-15
      6854.12  7.472431E-15
      6856.42  7.602532E-15
      6858.71  7.318130E-15
      6861.01  7.377806E-15
      6863.30  6.771745E-15
      6865.59  5.660680E-15
      6867.89  5.267767E-15
      6870.18  5.343905E-15
      6872.48  5.581052E-15
      6874.77  5.879875E-15
      6877.07  6.371293E-15
      6879.36  6.748157E-15
      6881.66  6.877644E-15
      6883.95  6.465809E-15
      6886.25  6.086277E-15
      6888.54  6.184473E-15
      6890.84  6.397508E-15
      6893.13  6.120765E-15
      6895.43  6.137930E-15
      6897.72  6.455551E-15
      6900.01  6.410961E-15
      6902.31  6.549961E-15
      6904.60  6.864489E-15
      6906.90  6.874587E-15
      6909.19  6.835395E-15
      6911.49  7.137584E-15
      6913.78  7.080469E-15
      6916.08  6.995868E-15
      6918.37  6.777052E-15
      6920.67  6.899777E-15
      6922.96  7.089668E-15
      6925.26  7.242840E-15
      6927.55  7.094123E-15
      6929.85  7.004861E-15
      6932.14  7.155883E-15
      6934.43  6.930292E-15
      6936.73  6.990888E-15
      6939.02  7.040926E-15
      6941.32  7.006957E-15
      6943.61  7.032251E-15
      6945.91  7.033953E-15
      6948.20  7.085571E-15
      6950.50  7.131724E-15
      6952.79  7.239368E-15
      6955.09  7.289317E-15
      6957.38  7.294575E-15
      6959.68  7.331805E-15
      6961.97  7.331933E-15
      6964.26  7.359521E-15
      6966.56  7.340701E-15
      6968.85  7.209145E-15
      6971.15  7.064528E-15
      6973.44  7.115109E-15
      6975.74  7.172340E-15
      6978.03  7.008763E-15
      6980.33  7.130832E-15
      6982.62  7.324761E-15
      6984.92  7.282286E-15
      6987.21  7.220975E-15
      6989.51  7.126109E-15
      6991.80  7.126896E-15
      6994.10  6.942671E-15
      6996.39  6.986658E-15
      6998.68  7.033703E-15
      7000.98  6.982102E-15
      7003.27  7.147836E-15
      7005.57  7.116438E-15
      7007.86  7.322517E-15
      7010.16  7.427418E-15
      7012.45  7.037004E-15
      7014.75  7.019615E-15
      7017.04  6.966113E-15
      7019.34  7.110171E-15
      7021.63  7.103826E-15
      7023.93  7.226569E-15
      7026.22  7.241921E-15
      7028.51  6.893783E-15
      7030.81  7.085033E-15
      7033.10  6.998167E-15
      7035.40  7.138145E-15
      7037.69  7.057135E-15
      7039.99  7.203768E-15
      7042.28  7.109704E-15
      7044.58  7.280025E-15
      7046.87  7.123412E-15
      7049.17  7.083838E-15
      7051.46  7.148518E-15
      7053.76  7.166086E-15
      7056.05  7.319291E-15
      7058.35  6.955587E-15
      7060.64  6.906746E-15
      7062.93  7.069252E-15
      7065.23  6.787988E-15
      7067.52  6.878284E-15
      7069.82  6.744278E-15
      7072.11  6.671691E-15
      7074.41  6.882406E-15
      7076.70  6.788736E-15
      7079.00  6.781848E-15
      7081.29  6.984956E-15
      7083.59  7.453252E-15
      7085.88  7.391320E-15
      7088.18  7.187459E-15
      7090.47  7.101934E-15
      7092.76  6.897453E-15
      7095.06  7.034895E-15
      7097.35  7.137817E-15
      7099.65  6.946928E-15
      7101.94  6.666337E-15
      7104.24  6.691377E-15
      7106.53  6.808974E-15
      7108.83  6.877224E-15
      7111.12  6.982629E-15
      7113.42  7.003265E-15
      7115.71  7.012337E-15
      7118.01  6.923808E-15
      7120.30  6.860172E-15
      7122.60  7.095619E-15
      7124.89  7.377792E-15
      7127.18  7.344309E-15
      7129.48  7.193431E-15
      7131.77  7.198118E-15
      7134.07  6.927443E-15
      7136.36  6.763313E-15
      7138.66  6.964107E-15
      7140.95  6.826258E-15
      7143.25  6.975792E-15
      7145.54  7.149721E-15
      7147.84  7.017465E-15
      7150.13  7.056518E-15
      7152.43  6.877231E-15
      7154.72  7.191552E-15
      7157.01  7.093333E-15
      7159.31  7.049104E-15
      7161.60  7.218135E-15
      7163.90  6.921468E-15
      7166.19  6.662687E-15
      7168.49  6.720544E-15
      7170.78  6.464129E-15
      7173.08  6.493163E-15
      7175.37  6.706381E-15
      7177.67  6.972431E-15
      7179.96  6.454713E-15
      7182.26  6.248198E-15
      7184.55  6.290971E-15
      7186.85  6.266096E-15
      7189.14  6.052434E-15
      7191.43  6.503816E-15
      7193.73  6.480638E-15
      7196.02  6.514967E-15
      7198.32  6.599384E-15
      7200.61  6.475340E-15
      7202.91  6.531481E-15
      7205.20  6.757393E-15
      7207.50  6.881434E-15
      7209.79  6.854338E-15
      7212.09  7.072230E-15
      7214.38  6.958349E-15
      7216.68  6.974909E-15
      7218.97  6.625029E-15
      7221.27  6.609432E-15
      7223.56  6.695184E-15
      7225.85  6.682311E-15
      7228.15  6.795250E-15
      7230.44  6.575918E-15
      7232.74  6.546763E-15
      7235.03  7.161161E-15
      7237.33  6.921036E-15
      7239.62  6.678387E-15
      7241.92  6.806358E-15
      7244.21  6.752604E-15
      7246.51  6.794866E-15
      7248.80  6.800332E-15
      7251.10  6.599813E-15
      7253.39  6.378282E-15
      7255.68  6.573624E-15
      7257.98  6.783159E-15
      7260.27  6.494796E-15
      7262.57  6.508306E-15
      7264.86  6.717594E-15
      7267.16  6.741932E-15
      7269.45  6.971121E-15
      7271.75  6.933825E-15
      7274.04  6.767113E-15
      7276.34  6.915353E-15
      7278.63  7.121681E-15
      7280.93  7.135911E-15
      7283.22  6.797902E-15
      7285.52  6.560165E-15
      7287.81  6.619759E-15
      7290.10  6.626536E-15
      7292.40  6.582855E-15
      7294.69  6.495799E-15
      7296.99  6.574943E-15
      7299.28  6.522374E-15
      7301.58  6.308152E-15
      7303.87  6.613430E-15
      7306.17  6.777566E-15
      7308.46  7.038998E-15
      7310.76  7.206157E-15
      7313.05  6.814656E-15
      7315.35  6.703294E-15
      7317.64  6.827899E-15
      7319.93  6.551622E-15
      7322.23  6.818208E-15
      7324.52  6.682767E-15
      7326.82  6.534639E-15
      7329.11  6.722727E-15
      7331.41  6.600024E-15
      7333.70  6.451688E-15
      7336.00  6.643924E-15
      7338.29  6.823561E-15
      7340.59  7.013225E-15
      7342.88  6.816180E-15
      7345.18  6.782837E-15
      7347.47  6.817520E-15
      7349.77  6.947051E-15
      7352.06  6.905845E-15
      7354.35  6.824143E-15
      7356.65  6.931916E-15
      7358.94  6.578855E-15
      7361.24  6.599708E-15
      7363.53  6.712700E-15
      7365.83  6.313051E-15
      7368.12  6.288019E-15
      7370.42  6.501250E-15
      7372.71  6.303495E-15
      7375.01  6.216919E-15
      7377.30  6.242114E-15
      7379.60  6.248918E-15
      7381.89  6.396582E-15
      7384.18  6.456731E-15
      7386.48  6.302549E-15
      7388.77  6.319122E-15
      7391.07  6.598038E-15
      7393.36  6.590017E-15
      7395.66  6.490653E-15
      7397.95  6.413977E-15
      7400.25  6.652612E-15
      7402.54  6.574250E-15
      7404.84  6.688775E-15
      7407.13  6.457282E-15
      7409.43  6.407427E-15
      7411.72  6.452368E-15
      7414.02  6.206893E-15
      7416.31  6.185987E-15
      7418.60  6.234666E-15
      7420.90  6.251798E-15
      7423.19  6.091585E-15
      7425.49  6.040312E-15
      7427.78  6.517670E-15
      7430.08  6.370472E-15
      7432.37  6.209575E-15
      7434.67  6.336609E-15
      7436.96  6.690943E-15
      7439.26  6.502355E-15
      7441.55  6.485826E-15
      7443.85  6.497000E-15
      7446.14  6.543868E-15
      7448.44  6.486011E-15
      7450.73  6.430592E-15
      7453.02  6.455940E-15
      7455.32  6.501571E-15
      7457.61  6.243391E-15
      7459.91  6.169408E-15
      7462.20  6.309392E-15
      7464.50  6.030565E-15
      7466.79  6.051307E-15
      7469.09  5.964418E-15
      7471.38  6.178742E-15
      7473.68  6.217888E-15
      7475.97  6.230387E-15
      7478.27  6.416667E-15
      7480.56  6.524147E-15
      7482.85  6.587578E-15
      7485.15  6.631375E-15
      7487.44  6.549087E-15
      7489.74  6.397624E-15
      7492.03  6.347649E-15
      7494.33  6.252926E-15
      7496.62  6.134005E-15
      7498.92  6.047624E-15
      7501.21  6.162054E-15
      7503.51  6.113908E-15
      7505.80  6.053398E-15
      7508.10  6.028750E-15
      7510.39  5.921357E-15
      7512.69  5.898694E-15
      7514.98  6.029290E-15
      7517.27  6.267123E-15
      7519.57  6.460921E-15
      7521.86  6.573503E-15
      7524.16  6.409535E-15
      7526.45  6.300497E-15
      7528.75  6.453579E-15
      7531.04  6.388160E-15
      7533.34  6.105075E-15
      7535.63  6.053883E-15
      7537.93  5.627379E-15
      7540.22  5.717629E-15
      7542.52  5.957181E-15
      7544.81  5.937623E-15
      7547.10  6.026719E-15
      7549.40  6.072441E-15
      7551.69  6.223518E-15
      7553.99  6.233189E-15
      7556.28  6.416735E-15
      7558.58  6.388034E-15
      7560.87  6.376343E-15
      7563.17  6.322886E-15
      7565.46  6.020995E-15
      7567.76  6.473330E-15
      7570.05  6.936710E-15
      7572.35  6.661847E-15
      7574.64  6.114538E-15
      7576.94  5.976960E-15
      7579.23  6.117061E-15
      7581.52  6.027609E-15
      7583.82  5.740650E-15
      7586.11  5.509453E-15
      7588.41  5.252180E-15
      7590.70  4.658056E-15
      7593.00  3.871813E-15
      7595.29  2.991127E-15
      7597.59  2.077901E-15
      7599.88  1.582363E-15
      7602.18  1.377665E-15
      7604.47  1.274935E-15
      7606.77  1.458505E-15
      7609.06  1.693074E-15
      7611.35  2.285725E-15
      7613.65  3.215476E-15
      7615.94  3.727409E-15
      7618.24  4.011241E-15
      7620.53  3.343300E-15
      7622.83  2.973936E-15
      7625.12  2.639289E-15
      7627.42  2.476473E-15
      7629.71  2.428382E-15
      7632.01  2.732131E-15
      7634.30  2.772151E-15
      7636.60  2.901445E-15
      7638.89  3.035346E-15
      7641.19  3.089228E-15
      7643.48  3.352219E-15
      7645.77  3.595697E-15
      7648.07  3.603978E-15
      7650.36  3.671671E-15
      7652.66  3.677170E-15
      7654.95  3.672498E-15
      7657.25  3.823211E-15
      7659.54  3.898560E-15
      7661.84  3.952755E-15
      7664.13  3.934495E-15
      7666.43  3.929429E-15
      7668.72  4.265896E-15
      7671.02  4.451878E-15
      7673.31  4.513069E-15
      7675.60  4.641159E-15
      7677.90  4.657304E-15
      7680.19  4.859273E-15
      7682.49  4.960243E-15
      7684.78  4.726147E-15
      7687.08  4.811844E-15
      7689.37  5.072668E-15
      7691.67  5.205408E-15
      7693.96  5.354075E-15
      7696.26  5.137910E-15
      7698.55  5.106305E-15
      7700.85  5.324087E-15
      7703.14  5.012076E-15
      7705.44  5.055957E-15
      7707.73  4.981920E-15
      7710.02  4.313314E-15
      7712.32  4.702502E-15
      7714.61  4.598524E-15
      7716.91  4.924416E-15
      7719.20  5.382792E-15
      7721.50  5.416533E-15
      7723.79  5.814240E-15
      7726.09  5.470687E-15
      7728.38  5.251559E-15
      7730.68  5.458868E-15
      7732.97  5.326579E-15
      7735.27  5.047194E-15
      7737.56  5.122229E-15
      7739.86  5.086568E-15
      7742.15  5.195882E-15
      7744.44  5.173209E-15
      7746.74  4.868551E-15
      7749.03  5.354394E-15
      7751.33  5.378970E-15
      7753.62  5.685223E-15
      7755.92  6.103572E-15
      7758.21  5.640585E-15
      7760.51  5.471638E-15
      7762.80  5.515167E-15
      7765.10  5.200921E-15
      7767.39  5.084739E-15
      7769.69  5.305636E-15
      7771.98  5.247752E-15
      7774.27  5.044547E-15
      7776.57  5.076229E-15
      7778.86  5.185964E-15
      7781.16  5.544341E-15
      7783.45  5.245043E-15
      7785.75  5.431329E-15
      7788.04  5.671296E-15
      7790.34  5.551043E-15
      7792.63  5.593511E-15
      7794.93  5.366850E-15
      7797.22  5.449054E-15
      7799.52  5.795690E-15
      7801.81  5.335365E-15
      7804.11  4.873141E-15
      7806.40  5.125286E-15
      7808.69  5.142306E-15
      7810.99  5.103711E-15
      7813.28  4.879020E-15
      7815.58  5.064939E-15
      7817.87  4.581838E-15
      7820.17  4.878978E-15
      7822.46  5.243377E-15
      7824.76  5.469839E-15
      7827.05  5.718786E-15
      7829.35  5.458897E-15
      7831.64  5.502899E-15
      7833.94  5.739539E-15
      7836.23  5.559003E-15
      7838.52  5.541327E-15
      7840.82  5.357686E-15
      7843.11  4.917769E-15
      7845.41  4.955378E-15
      7847.70  5.079031E-15
      7850.00  5.289124E-15
      7852.29  5.327906E-15
      7854.59  5.007343E-15
      7856.88  5.343563E-15
      7859.18  5.598727E-15
