      3396.84  4.234539E-16
      3400.99  6.392584E-16
      3405.13 -1.519613E-16
      3409.28 -7.365611E-17
      3413.43  4.416272E-17
      3417.57 -2.149352E-16
      3421.72 -1.037328E-17
      3425.87  5.025166E-17
      3430.02 -6.561089E-17
      3434.16  6.014009E-18
      3438.31  2.364665E-16
      3442.46  3.149627E-16
      3446.60  1.326554E-16
      3450.75 -2.281608E-17
      3454.90  3.669910E-16
      3459.04  1.988169E-16
      3463.19  4.213208E-16
      3467.34  2.348170E-16
      3471.49  1.217706E-16
      3475.63  2.257064E-16
      3479.78  1.427454E-16
      3483.93  2.502555E-16
      3488.07  3.122844E-16
      3492.22  2.186749E-16
      3496.37  1.356128E-16
      3500.52  3.265968E-16
      3504.66  3.281334E-16
      3508.81  1.975745E-16
      3512.96  9.800845E-17
      3517.10  8.092244E-17
      3521.25  1.329782E-16
      3525.40  1.566731E-16
      3529.55  1.924062E-16
      3533.69  1.347769E-16
      3537.84  2.262623E-17
      3541.99  4.813830E-17
      3546.13  2.539169E-16
      3550.28  2.934867E-16
      3554.43  2.207282E-16
      3558.58  1.297214E-16
      3562.72  2.212706E-16
      3566.87  3.213184E-16
      3571.02  1.598845E-16
      3575.16  1.815445E-16
      3579.31  1.842932E-16
      3583.46  6.284665E-17
      3587.61  1.489063E-16
      3591.75  3.490944E-16
      3595.90  1.991077E-16
      3600.05  2.664603E-16
      3604.19  1.489167E-16
      3608.34  2.347504E-16
      3612.49  2.772014E-16
      3616.63  2.371993E-16
      3620.78  2.339904E-16
      3624.93  1.653818E-16
      3629.08  2.997454E-16
      3633.22  2.065979E-16
      3637.37  3.867248E-16
      3641.52  3.219964E-16
      3645.66  2.821098E-16
      3649.81  1.738390E-16
      3653.96  2.548050E-16
      3658.11  1.724544E-16
      3662.25  2.487978E-16
      3666.40  1.816921E-16
      3670.55  1.684529E-16
      3674.69  1.003067E-16
      3678.84  2.566208E-16
      3682.99  1.524695E-16
      3687.14  3.050388E-16
      3691.28  2.388183E-16
      3695.43  3.289844E-16
      3699.58  2.482993E-16
      3703.72  3.027925E-16
      3707.87  4.327690E-16
      3712.02  3.469546E-16
      3716.17  3.815905E-16
      3720.31  3.679310E-16
      3724.46  3.477223E-16
      3728.61  3.582514E-16
      3732.75  3.780572E-16
      3736.90  4.352120E-16
      3741.05  4.652947E-16
      3745.19  3.633960E-16
      3749.34  3.570755E-16
      3753.49  3.779249E-16
      3757.64  3.650167E-16
      3761.78  3.464510E-16
      3765.93  3.719217E-16
      3770.08  2.900885E-16
      3774.22  3.275234E-16
      3778.37  3.780942E-16
      3782.52  3.258012E-16
      3786.67  3.320038E-16
      3790.81  3.146061E-16
      3794.96  2.568647E-16
      3799.11  2.485182E-16
      3803.25  3.046857E-16
      3807.40  3.217970E-16
      3811.55  2.922657E-16
      3815.70  2.307858E-16
      3819.84  2.138252E-16
      3823.99  2.779789E-16
      3828.14  2.536035E-16
      3832.28  2.321524E-16
      3836.43  2.221956E-16
      3840.58  2.114690E-16
      3844.73  1.988142E-16
      3848.87  2.317218E-16
      3853.02  2.382838E-16
      3857.17  2.750011E-16
      3861.31  2.838889E-16
      3865.46  2.733715E-16
      3869.61  2.094228E-16
      3873.76  2.541907E-16
      3877.90  2.855734E-16
      3882.05  2.672840E-16
      3886.20  2.843296E-16
      3890.34  3.383917E-16
      3894.49  3.553326E-16
      3898.64  4.181506E-16
      3902.78  4.422348E-16
      3906.93  4.634514E-16
      3911.08  4.817524E-16
      3915.23  4.097956E-16
      3919.37  4.708397E-16
      3923.52  5.690171E-16
      3927.67  5.536199E-16
      3931.81  6.484627E-16
      3935.96  6.901837E-16
      3940.11  6.725242E-16
      3944.26  8.059410E-16
      3948.40  8.865014E-16
      3952.55  9.747433E-16
      3956.70  1.015429E-15
      3960.84  1.019095E-15
      3964.99  1.116031E-15
      3969.14  1.069960E-15
      3973.29  1.125877E-15
      3977.43  1.136261E-15
      3981.58  1.141466E-15
      3985.73  1.068544E-15
      3989.87  1.077830E-15
      3994.02  1.134523E-15
      3998.17  1.157376E-15
      4002.32  1.110953E-15
      4006.46  1.134327E-15
      4010.61  1.149227E-15
      4014.76  1.126851E-15
      4018.90  1.131448E-15
      4023.05  1.130473E-15
      4027.20  1.018301E-15
      4031.34  9.539380E-16
      4035.49  8.839624E-16
      4039.64  8.018250E-16
      4043.79  7.734081E-16
      4047.93  7.534486E-16
      4052.08  7.196762E-16
      4056.23  6.939796E-16
      4060.37  7.595770E-16
      4064.52  8.662765E-16
      4068.67  1.088675E-15
      4072.82  1.360378E-15
      4076.96  1.519846E-15
      4081.11  1.648898E-15
      4085.26  1.733050E-15
      4089.40  1.740226E-15
      4093.55  1.692624E-15
      4097.70  1.651092E-15
      4101.85  1.607223E-15
      4105.99  1.554998E-15
      4110.14  1.525947E-15
      4114.29  1.533667E-15
      4118.43  1.481059E-15
      4122.58  1.477533E-15
      4126.73  1.531067E-15
      4130.88  1.503395E-15
      4135.02  1.412200E-15
      4139.17  1.413895E-15
      4143.32  1.331930E-15
      4147.46  1.305356E-15
      4151.61  1.277637E-15
      4155.76  1.181942E-15
      4159.91  1.187960E-15
      4164.05  1.175615E-15
      4168.20  1.061895E-15
      4172.35  9.841322E-16
      4176.49  8.945230E-16
      4180.64  7.522472E-16
      4184.79  7.831716E-16
      4188.93  6.986989E-16
      4193.08  7.068466E-16
      4197.23  6.922293E-16
      4201.38  7.019743E-16
      4205.52  7.590383E-16
      4209.67  7.376435E-16
      4213.82  7.585279E-16
      4217.96  8.013281E-16
      4222.11  8.284498E-16
      4226.26  8.536931E-16
      4230.41  8.947788E-16
      4234.55  8.731818E-16
      4238.70  8.716960E-16
      4242.85  8.660940E-16
      4246.99  7.856594E-16
      4251.14  7.484016E-16
      4255.29  7.445162E-16
      4259.44  7.153951E-16
      4263.58  6.710060E-16
      4267.73  6.479469E-16
      4271.88  6.542974E-16
      4276.02  6.847863E-16
      4280.17  6.680951E-16
      4284.32  6.530435E-16
      4288.47  6.562197E-16
      4292.61  6.244103E-16
      4296.76  6.491612E-16
      4300.91  7.127264E-16
      4305.05  7.786179E-16
      4309.20  8.730703E-16
      4313.35  9.289637E-16
      4317.50  9.973370E-16
      4321.64  1.106902E-15
      4325.79  1.167075E-15
      4329.94  1.120691E-15
      4334.08  1.102975E-15
      4338.23  1.080069E-15
      4342.38  1.042301E-15
      4346.52  1.010255E-15
      4350.67  9.843418E-16
      4354.82  9.792833E-16
      4358.97  1.001213E-15
      4363.11  1.035370E-15
      4367.26  1.020878E-15
      4371.41  1.058261E-15
      4375.55  1.110667E-15
      4379.70  1.137906E-15
      4383.85  1.206815E-15
      4388.00  1.242876E-15
      4392.14  1.222429E-15
      4396.29  1.220590E-15
      4400.44  1.300396E-15
      4404.58  1.324140E-15
      4408.73  1.283431E-15
      4412.88  1.247298E-15
      4417.03  1.177864E-15
      4421.17  1.191292E-15
      4425.32  1.234353E-15
      4429.47  1.260366E-15
      4433.61  1.214588E-15
      4437.76  1.236226E-15
      4441.91  1.264345E-15
      4446.06  1.329378E-15
      4450.20  1.306783E-15
      4454.35  1.294550E-15
      4458.50  1.338463E-15
      4462.64  1.331215E-15
      4466.79  1.351725E-15
      4470.94  1.330470E-15
      4475.08  1.293728E-15
      4479.23  1.274408E-15
      4483.38  1.267946E-15
      4487.53  1.260206E-15
      4491.67  1.271221E-15
      4495.82  1.243761E-15
      4499.97  1.233860E-15
      4504.11  1.324755E-15
      4508.26  1.329974E-15
      4512.41  1.332071E-15
      4516.56  1.395882E-15
      4520.70  1.473784E-15
      4524.85  1.560371E-15
      4529.00  1.635733E-15
      4533.14  1.739111E-15
      4537.29  1.874550E-15
      4541.44  2.050016E-15
      4545.59  2.183080E-15
      4549.73  2.322827E-15
      4553.88  2.474452E-15
      4558.03  2.592845E-15
      4562.17  2.761331E-15
      4566.32  3.005134E-15
      4570.47  3.199038E-15
      4574.62  3.418740E-15
      4578.76  3.746474E-15
      4582.91  4.047997E-15
      4587.06  4.299737E-15
      4591.20  4.401463E-15
      4595.35  4.343504E-15
      4599.50  4.201721E-15
      4603.65  4.031485E-15
      4607.79  3.898352E-15
      4611.94  3.860376E-15
      4616.09  3.970859E-15
      4620.23  4.125586E-15
      4624.38  4.303120E-15
      4628.53  4.423039E-15
      4632.67  4.496480E-15
      4636.82  4.471779E-15
      4640.97  4.399719E-15
      4645.12  4.337631E-15
      4649.26  4.375939E-15
      4653.41  4.426199E-15
      4657.56  4.499288E-15
      4661.70  4.637818E-15
      4665.85  4.852312E-15
      4670.00  4.963129E-15
      4674.15  4.969346E-15
      4678.29  4.988337E-15
      4682.44  4.770401E-15
      4686.59  4.646734E-15
      4690.73  4.523862E-15
      4694.88  4.339876E-15
      4699.03  4.292502E-15
      4703.18  4.157514E-15
      4707.32  4.059740E-15
      4711.47  3.906480E-15
      4715.62  3.745525E-15
      4719.76  3.675553E-15
      4723.91  3.583358E-15
      4728.06  3.510479E-15
      4732.21  3.331587E-15
      4736.35  3.284662E-15
      4740.50  3.021181E-15
      4744.65  2.716333E-15
      4748.79  2.526984E-15
      4752.94  2.266270E-15
      4757.09  2.004991E-15
      4761.23  1.822486E-15
      4765.38  1.712094E-15
      4769.53  1.562235E-15
      4773.68  1.396686E-15
      4777.82  1.275940E-15
      4781.97  1.174647E-15
      4786.12  1.103059E-15
      4790.26  1.087549E-15
      4794.41  1.091459E-15
      4798.56  1.163737E-15
      4802.71  1.216063E-15
      4806.85  1.352943E-15
      4811.00  1.517431E-15
      4815.15  1.684331E-15
      4819.29  1.898648E-15
      4823.44  2.146789E-15
      4827.59  2.379491E-15
      4831.74  2.590080E-15
      4835.88  2.767955E-15
      4840.03  2.924296E-15
      4844.18  3.108701E-15
      4848.32  3.302091E-15
      4852.47  3.471762E-15
      4856.62  3.553859E-15
      4860.77  3.628844E-15
      4864.91  3.689279E-15
      4869.06  3.760589E-15
      4873.21  3.847346E-15
      4877.35  3.871815E-15
      4881.50  3.792748E-15
      4885.65  3.718612E-15
      4889.80  3.704923E-15
      4893.94  3.689876E-15
      4898.09  3.674947E-15
      4902.24  3.690889E-15
      4906.38  3.788485E-15
      4910.53  3.952792E-15
      4914.68  4.183165E-15
      4918.82  4.464203E-15
      4922.97  4.751168E-15
      4927.12  5.013203E-15
      4931.27  5.172815E-15
      4935.41  5.190892E-15
      4939.56  5.191485E-15
      4943.71  4.999748E-15
      4947.85  4.840162E-15
      4952.00  4.688660E-15
      4956.15  4.539842E-15
      4960.30  4.283871E-15
      4964.44  4.011396E-15
      4968.59  3.821485E-15
      4972.74  3.724401E-15
      4976.88  3.598542E-15
      4981.03  3.551385E-15
      4985.18  3.554211E-15
      4989.33  3.653730E-15
      4993.47  3.792071E-15
      4997.62  4.184485E-15
      5001.77  4.527773E-15
      5005.91  4.753380E-15
      5010.06  5.212401E-15
      5014.21  5.569792E-15
      5018.36  5.861512E-15
      5022.50  6.266157E-15
      5026.65  6.458318E-15
      5030.80  6.416850E-15
      5034.94  6.419081E-15
      5039.09  6.178509E-15
      5043.24  5.852491E-15
      5047.38  5.577755E-15
      5051.53  5.120952E-15
      5055.68  4.744503E-15
      5059.83  4.458338E-15
      5063.97  4.096571E-15
      5068.12  3.860177E-15
      5072.27  3.644250E-15
      5076.41  3.473328E-15
      5080.56  3.318109E-15
      5084.71  3.153422E-15
      5088.86  2.974935E-15
      5093.00  2.735054E-15
      5097.15  2.518993E-15
      5101.30  2.344232E-15
      5105.44  2.168935E-15
      5109.59  2.015082E-15
      5113.74  1.926410E-15
      5117.89  1.872928E-15
      5122.03  1.851731E-15
      5126.18  1.905614E-15
      5130.33  1.968292E-15
      5134.47  2.004115E-15
      5138.62  2.101295E-15
      5142.77  2.187119E-15
      5146.92  2.322311E-15
      5151.06  2.500220E-15
      5155.21  2.646307E-15
      5159.36  2.786598E-15
      5163.50  2.956678E-15
      5167.65  3.139563E-15
      5171.80  3.352332E-15
      5175.95  3.536380E-15
      5180.09  3.704802E-15
      5184.24  3.802724E-15
      5188.39  3.888749E-15
      5192.53  3.934216E-15
      5196.68  3.939634E-15
      5200.83  3.905972E-15
      5204.97  3.864377E-15
      5209.12  3.887959E-15
      5213.27  3.845063E-15
      5217.42  3.795142E-15
      5221.56  3.757772E-15
      5225.71  3.731394E-15
      5229.86  3.759436E-15
      5234.00  3.756234E-15
      5238.15  3.707113E-15
      5242.30  3.707317E-15
      5246.45  3.696922E-15
      5250.59  3.719338E-15
      5254.74  3.774514E-15
      5258.89  3.884186E-15
      5263.03  4.016747E-15
      5267.18  4.064070E-15
      5271.33  4.032088E-15
      5275.48  3.955155E-15
      5279.62  3.856291E-15
      5283.77  3.730736E-15
      5287.92  3.657049E-15
      5292.06  3.677721E-15
      5296.21  3.726775E-15
      5300.36  3.850660E-15
      5304.51  4.053603E-15
      5308.65  4.197522E-15
      5312.80  4.292898E-15
      5316.95  4.446856E-15
      5321.09  4.511210E-15
      5325.24  4.549281E-15
      5329.39  4.684142E-15
      5333.54  4.756634E-15
      5337.68  4.710774E-15
      5341.83  4.688648E-15
      5345.98  4.682303E-15
      5350.12  4.715933E-15
      5354.27  4.788566E-15
      5358.42  4.842864E-15
      5362.56  4.935680E-15
      5366.71  5.082248E-15
      5370.86  5.212632E-15
      5375.01  5.221516E-15
      5379.15  5.163479E-15
      5383.30  5.097434E-15
      5387.45  5.025771E-15
      5391.59  5.028750E-15
      5395.74  5.015952E-15
      5399.89  5.012758E-15
      5404.04  5.137781E-15
      5408.18  5.318119E-15
      5412.33  5.523137E-15
      5416.48  5.755828E-15
      5420.62  6.022050E-15
      5424.77  6.192457E-15
      5428.92  6.273155E-15
      5433.07  6.352614E-15
      5437.21  6.368695E-15
      5441.36  6.354469E-15
      5445.51  6.242066E-15
      5449.65  6.098072E-15
      5453.80  5.987256E-15
      5457.95  5.861887E-15
      5462.10  5.790559E-15
      5466.24  5.735855E-15
      5470.39  5.659441E-15
      5474.54  5.657574E-15
      5478.68  5.594636E-15
      5482.83  5.490832E-15
      5486.98  5.472162E-15
      5491.12  5.416316E-15
      5495.27  5.306662E-15
      5499.42  5.292690E-15
      5503.57  5.351152E-15
      5507.71  5.495356E-15
      5511.86  5.625441E-15
      5516.01  5.878322E-15
      5520.15  6.235185E-15
      5524.30  6.538216E-15
      5528.45  6.881753E-15
      5532.60  7.077113E-15
      5536.74  7.019448E-15
      5540.89  7.084819E-15
      5545.04  6.988815E-15
      5549.18  6.914961E-15
      5553.33  6.756794E-15
      5557.48  6.550602E-15
      5561.63  6.321871E-15
      5565.77  6.103724E-15
      5569.92  5.904094E-15
      5574.07  5.746635E-15
      5578.21  5.629424E-15
      5582.36  5.533349E-15
      5586.51  5.431945E-15
      5590.66  5.289002E-15
      5594.80  5.197169E-15
      5598.95  5.045338E-15
      5603.10  4.875806E-15
      5607.24  4.668784E-15
      5611.39  4.502046E-15
      5615.54  4.337922E-15
      5619.69  4.182429E-15
      5623.83  4.070490E-15
      5627.98  4.002898E-15
      5632.13  4.031051E-15
      5636.27  4.075709E-15
      5640.42  4.229023E-15
      5644.57  4.435643E-15
      5648.71  4.704130E-15
      5652.86  4.948740E-15
      5657.01  5.190565E-15
      5661.16  5.463777E-15
      5665.30  5.700021E-15
      5669.45  5.800394E-15
      5673.60  5.924759E-15
      5677.74  6.122474E-15
      5681.89  6.203948E-15
      5686.04  6.113854E-15
      5690.19  6.031183E-15
      5694.33  5.932630E-15
      5698.48  5.711581E-15
      5702.63  5.486192E-15
      5706.77  5.253305E-15
      5710.92  5.012280E-15
      5715.07  4.803243E-15
      5719.22  4.624324E-15
      5723.36  4.510257E-15
      5727.51  4.397763E-15
      5731.66  4.192983E-15
      5735.80  4.004285E-15
      5739.95  3.796505E-15
      5744.10  3.550232E-15
      5748.25  3.376272E-15
      5752.39  3.137471E-15
      5756.54  2.887290E-15
      5760.69  2.639639E-15
      5764.83  2.413757E-15
      5768.98  2.244188E-15
      5773.13  2.054843E-15
      5777.27  1.909840E-15
      5781.42  1.804378E-15
      5785.57  1.667220E-15
      5789.72  1.600994E-15
      5793.86  1.542164E-15
      5798.01  1.503768E-15
      5802.16  1.529538E-15
      5806.30  1.630127E-15
      5810.45  1.690240E-15
      5814.60  1.791016E-15
      5818.75  1.922393E-15
      5822.89  2.027637E-15
      5827.04  2.249956E-15
      5831.19  2.467726E-15
      5835.33  2.615768E-15
      5839.48  2.872448E-15
      5843.63  3.153004E-15
      5847.78  3.416429E-15
      5851.92  3.607390E-15
      5856.07  3.898830E-15
      5860.22  4.227842E-15
      5864.36  4.539523E-15
      5868.51  4.953885E-15
      5872.66  5.415429E-15
      5876.81  5.886928E-15
      5880.95  6.417673E-15
      5885.10  6.936770E-15
      5889.25  7.404823E-15
      5893.39  7.828901E-15
      5897.54  8.150871E-15
      5901.69  8.419733E-15
      5905.84  8.636233E-15
      5909.98  8.763738E-15
      5914.13  8.747151E-15
      5918.28  8.722048E-15
      5922.42  8.621803E-15
      5926.57  8.503659E-15
      5930.72  8.430347E-15
      5934.86  8.294367E-15
      5939.01  8.080477E-15
      5943.16  7.895669E-15
      5947.31  7.793350E-15
      5951.45  7.576392E-15
      5955.60  7.340340E-15
      5959.75  7.169218E-15
      5963.89  6.949377E-15
      5968.04  6.834781E-15
      5972.19  6.766505E-15
      5976.34  6.737196E-15
      5980.48  6.736830E-15
      5984.63  6.602391E-15
      5988.78  6.520529E-15
      5992.92  6.455033E-15
      5997.07  6.337221E-15
      6001.22  6.188851E-15
      6005.37  6.108680E-15
      6009.51  6.021388E-15
      6013.66  5.883531E-15
      6017.81  5.813456E-15
      6021.95  5.712012E-15
      6026.10  5.619035E-15
      6030.25  5.594722E-15
      6034.40  5.436632E-15
      6038.54  5.391764E-15
      6042.69  5.292851E-15
      6046.84  5.222792E-15
      6050.98  5.194517E-15
      6055.13  5.087125E-15
      6059.28  5.009365E-15
      6063.42  4.961178E-15
      6067.57  4.894604E-15
      6071.72  4.945057E-15
      6075.87  4.936760E-15
      6080.01  4.835204E-15
      6084.16  4.759815E-15
      6088.31  4.596567E-15
      6092.45  4.422083E-15
      6096.60  4.273824E-15
      6100.75  4.115532E-15
      6104.90  4.036383E-15
      6109.04  3.964946E-15
      6113.19  3.966281E-15
      6117.34  4.086993E-15
      6121.48  4.232902E-15
      6125.63  4.388434E-15
      6129.78  4.567971E-15
      6133.93  4.869533E-15
      6138.07  5.162290E-15
      6142.22  5.386093E-15
      6146.37  5.557873E-15
      6150.51  5.681465E-15
      6154.66  5.752071E-15
      6158.81  5.749994E-15
      6162.96  5.697893E-15
      6167.10  5.655375E-15
      6171.25  5.626105E-15
      6175.40  5.548996E-15
      6179.54  5.429419E-15
      6183.69  5.311031E-15
      6187.84  5.206192E-15
      6191.99  5.098566E-15
      6196.13  4.973196E-15
      6200.28  4.860195E-15
      6204.43  4.737756E-15
      6208.57  4.621349E-15
      6212.72  4.575896E-15
      6216.87  4.526459E-15
      6221.01  4.533909E-15
      6225.16  4.672461E-15
      6229.31  4.878944E-15
      6233.46  5.117225E-15
      6237.60  5.342652E-15
      6241.75  5.571288E-15
      6245.90  5.706492E-15
      6250.04  5.787548E-15
      6254.19  5.816796E-15
      6258.34  5.778987E-15
      6262.49  5.773985E-15
      6266.63  5.713276E-15
      6270.78  5.590175E-15
      6274.93  5.509935E-15
      6279.07  5.455417E-15
      6283.22  5.399757E-15
      6287.37  5.453980E-15
      6291.52  5.475035E-15
      6295.66  5.428925E-15
      6299.81  5.424855E-15
      6303.96  5.374275E-15
      6308.10  5.367927E-15
      6312.25  5.420170E-15
      6316.40  5.370980E-15
      6320.55  5.277865E-15
      6324.69  5.160021E-15
      6328.84  5.037822E-15
      6332.99  4.940652E-15
      6337.13  4.885830E-15
      6341.28  4.776860E-15
      6345.43  4.693934E-15
      6349.58  4.514996E-15
      6353.72  4.353988E-15
      6357.87  4.149465E-15
      6362.02  3.906027E-15
      6366.16  3.663368E-15
      6370.31  3.461605E-15
      6374.46  3.278638E-15
      6378.60  3.154396E-15
      6382.75  3.000790E-15
      6386.90  2.847563E-15
      6391.05  2.692106E-15
      6395.19  2.503542E-15
      6399.34  2.360019E-15
      6403.49  2.198113E-15
      6407.63  2.068573E-15
      6411.78  1.944064E-15
      6415.93  1.863134E-15
      6420.08  1.818425E-15
      6424.22  1.768293E-15
      6428.37  1.739847E-15
      6432.52  1.754514E-15
      6436.66  1.784375E-15
      6440.81  1.822098E-15
      6444.96  1.899417E-15
      6449.11  2.019011E-15
      6453.25  2.176362E-15
      6457.40  2.365728E-15
      6461.55  2.621542E-15
      6465.69  2.965354E-15
      6469.84  3.380030E-15
      6473.99  3.869410E-15
      6478.14  4.436069E-15
      6482.28  5.051337E-15
      6486.43  5.715249E-15
      6490.58  6.425637E-15
      6494.72  7.142725E-15
      6498.87  7.828595E-15
      6503.02  8.405815E-15
      6507.16  8.945565E-15
      6511.31  9.392474E-15
      6515.46  9.884855E-15
      6519.61  1.043448E-14
      6523.75  1.098478E-14
      6527.90  1.156516E-14
      6532.05  1.214247E-14
      6536.19  1.280466E-14
      6540.34  1.356676E-14
      6544.49  1.437566E-14
      6548.64  1.509766E-14
      6552.78  1.566069E-14
      6556.93  1.607520E-14
      6561.08  1.641197E-14
      6565.22  1.649898E-14
      6569.37  1.654908E-14
      6573.52  1.651300E-14
      6577.67  1.637551E-14
      6581.81  1.618925E-14
      6585.96  1.595948E-14
      6590.11  1.578590E-14
      6594.25  1.555222E-14
      6598.40  1.541691E-14
      6602.55  1.518054E-14
      6606.70  1.489056E-14
      6610.84  1.454053E-14
      6614.99  1.415667E-14
      6619.14  1.377798E-14
      6623.28  1.341866E-14
      6627.43  1.305014E-14
      6631.58  1.263017E-14
      6635.73  1.222124E-14
      6639.87  1.181263E-14
      6644.02  1.142160E-14
      6648.17  1.105378E-14
      6652.31  1.076103E-14
      6656.46  1.040231E-14
      6660.61  1.004643E-14
      6664.75  9.750045E-15
      6668.90  9.483584E-15
      6673.05  9.197902E-15
      6677.20  8.889395E-15
      6681.34  8.608883E-15
      6685.49  8.335744E-15
      6689.64  8.092906E-15
      6693.78  7.852573E-15
      6697.93  7.585774E-15
      6702.08  7.362362E-15
      6706.23  7.217330E-15
      6710.37  7.038642E-15
      6714.52  6.847710E-15
      6718.67  6.694312E-15
      6722.81  6.546670E-15
      6726.96  6.397750E-15
      6731.11  6.253558E-15
      6735.26  6.147572E-15
      6739.40  6.018756E-15
      6743.55  5.864734E-15
      6747.70  5.736345E-15
      6751.84  5.639092E-15
      6755.99  5.557118E-15
      6760.14  5.473981E-15
      6764.29  5.358896E-15
      6768.43  5.248629E-15
      6772.58  5.172190E-15
      6776.73  5.139957E-15
      6780.87  5.111748E-15
      6785.02  5.060338E-15
      6789.17  4.981663E-15
      6793.31  4.950105E-15
      6797.46  4.939110E-15
      6801.61  4.893064E-15
      6805.76  4.855959E-15
      6809.90  4.801494E-15
      6814.05  4.716967E-15
      6818.20  4.720488E-15
      6822.34  4.735669E-15
      6826.49  4.705319E-15
      6830.64  4.667917E-15
      6834.79  4.601780E-15
      6838.93  4.586590E-15
      6843.08  4.579047E-15
      6847.23  4.617311E-15
      6851.37  4.637477E-15
      6855.52  4.575636E-15
      6859.67  4.393983E-15
      6863.82  4.015884E-15
      6867.96  3.681596E-15
      6872.11  3.690997E-15
      6876.26  3.885977E-15
      6880.40  4.012185E-15
      6884.55  4.014692E-15
      6888.70  3.941141E-15
      6892.85  3.897533E-15
      6896.99  3.876522E-15
      6901.14  3.905394E-15
      6905.29  3.956297E-15
      6909.43  3.983235E-15
      6913.58  3.991894E-15
      6917.73  3.965415E-15
      6921.88  3.951066E-15
      6926.02  3.931170E-15
      6930.17  3.929825E-15
      6934.32  3.962464E-15
      6938.46  3.946151E-15
      6942.61  3.917615E-15
      6946.76  3.920326E-15
      6950.90  3.939337E-15
      6955.05  3.964218E-15
      6959.20  3.962005E-15
      6963.35  3.955815E-15
      6967.49  3.953860E-15
      6971.64  3.943455E-15
      6975.79  3.946265E-15
      6979.93  3.958866E-15
      6984.08  3.971012E-15
      6988.23  4.015446E-15
      6992.38  4.081885E-15
      6996.52  4.174008E-15
      7000.67  4.262993E-15
      7004.82  4.300569E-15
      7008.96  4.368609E-15
      7013.11  4.423229E-15
      7017.26  4.412934E-15
      7021.41  4.435385E-15
      7025.55  4.490467E-15
      7029.70  4.462506E-15
      7033.85  4.403957E-15
      7037.99  4.405193E-15
      7042.14  4.418574E-15
      7046.29  4.439387E-15
      7050.44  4.391319E-15
      7054.58  4.315322E-15
      7058.73  4.332575E-15
      7062.88  4.344616E-15
      7067.02  4.308929E-15
      7071.17  4.327434E-15
      7075.32  4.314339E-15
      7079.47  4.292256E-15
      7083.61  4.231407E-15
      7087.76  4.245741E-15
      7091.91  4.187911E-15
      7096.05  4.141330E-15
      7100.20  4.036409E-15
      7104.35  3.985145E-15
      7108.49  4.003132E-15
      7112.64  4.045953E-15
      7116.79  4.078064E-15
      7120.94  4.058610E-15
      7125.08  4.037994E-15
      7129.23  4.012478E-15
      7133.38  4.012586E-15
      7137.52  4.027237E-15
      7141.67  4.055503E-15
      7145.82  4.005679E-15
      7149.97  3.959473E-15
      7154.11  3.993387E-15
      7158.26  4.011792E-15
      7162.41  3.929987E-15
      7166.55  3.837154E-15
      7170.70  3.802881E-15
      7174.85  3.800032E-15
      7179.00  3.814600E-15
      7183.14  3.832343E-15
      7187.29  3.852905E-15
      7191.44  3.872686E-15
      7195.58  3.899493E-15
      7199.73  4.051875E-15
      7203.88  4.235958E-15
      7208.03  4.393539E-15
      7212.17  4.505042E-15
      7216.32  4.622297E-15
      7220.47  4.708437E-15
      7224.61  4.698023E-15
      7228.76  4.619205E-15
      7232.91  4.525568E-15
      7237.05  4.492093E-15
      7241.20  4.530573E-15
      7245.35  4.581609E-15
      7249.50  4.566342E-15
      7253.64  4.509795E-15
      7257.79  4.493512E-15
      7261.94  4.532892E-15
      7266.08  4.551778E-15
      7270.23  4.537524E-15
      7274.38  4.530211E-15
      7278.53  4.542031E-15
      7282.67  4.609122E-15
      7286.82  4.698859E-15
      7290.97  4.738443E-15
      7295.11  4.747296E-15
      7299.26  4.867691E-15
      7303.41  5.055273E-15
      7307.56  5.111332E-15
      7311.70  5.114984E-15
      7315.85  5.156387E-15
      7320.00  5.184864E-15
      7324.14  5.228746E-15
      7328.29  5.219268E-15
      7332.44  5.139763E-15
      7336.59  5.091120E-15
      7340.73  5.065373E-15
      7344.88  5.028295E-15
      7349.03  4.953024E-15
      7353.17  4.837674E-15
      7357.32  4.748301E-15
      7361.47  4.744294E-15
      7365.62  4.726758E-15
      7369.76  4.639831E-15
      7373.91  4.531659E-15
      7378.06  4.493795E-15
      7382.20  4.478069E-15
      7386.35  4.416995E-15
      7390.50  4.325143E-15
      7394.64  4.286736E-15
      7398.79  4.261959E-15
      7402.94  4.249350E-15
      7407.09  4.190017E-15
      7411.23  4.131220E-15
      7415.38  4.072266E-15
      7419.53  4.070799E-15
      7423.67  4.012028E-15
      7427.82  3.935025E-15
      7431.97  3.904912E-15
      7436.12  3.928915E-15
      7440.26  3.913584E-15
      7444.41  3.964410E-15
      7448.56  4.020099E-15
      7452.70  4.083425E-15
      7456.85  4.116293E-15
      7461.00  4.121893E-15
      7465.15  4.112737E-15
      7469.29  4.088971E-15
      7473.44  4.071796E-15
      7477.59  4.080285E-15
      7481.73  4.018327E-15
      7485.88  3.975731E-15
      7490.03  3.925617E-15
      7494.18  3.842997E-15
      7498.32  3.811327E-15
      7502.47  3.774612E-15
      7506.62  3.725633E-15
      7510.76  3.714363E-15
      7514.91  3.665665E-15
      7519.06  3.620016E-15
      7523.20  3.590081E-15
      7527.35  3.564507E-15
      7531.50  3.512450E-15
      7535.65  3.481099E-15
      7539.79  3.445449E-15
      7543.94  3.367082E-15
      7548.09  3.298304E-15
      7552.23  3.204999E-15
      7556.38  3.129474E-15
      7560.53  3.111714E-15
      7564.68  3.076736E-15
      7568.82  3.027341E-15
      7572.97  2.986317E-15
      7577.12  2.953239E-15
      7581.26  2.936724E-15
      7585.41  2.805805E-15
      7589.56  2.441683E-15
      7593.71  1.874407E-15
      7597.85  1.256390E-15
      7602.00  1.050118E-15
      7606.15  1.490100E-15
      7610.29  2.322908E-15
      7614.44  2.782963E-15
      7618.59  2.679904E-15
      7622.74  2.337329E-15
      7626.88  2.088694E-15
      7631.03  2.140688E-15
      7635.18  2.366269E-15
      7639.32  2.577085E-15
      7643.47  2.767876E-15
      7647.62  2.932754E-15
      7651.77  3.064000E-15
      7655.91  3.109439E-15
      7660.06  3.154775E-15
      7664.21  3.148326E-15
      7668.35  3.150643E-15
      7672.50  3.101784E-15
      7676.65  3.071566E-15
      7680.79  3.024767E-15
      7684.94  2.990184E-15
      7689.09  2.914038E-15
      7693.24  2.937207E-15
      7697.38  2.992434E-15
      7701.53  3.050978E-15
      7705.68  3.230367E-15
      7709.82  3.418364E-15
      7713.97  3.534598E-15
      7718.12  3.657173E-15
      7722.27  3.746123E-15
      7726.41  3.807908E-15
      7730.56  3.801529E-15
      7734.71  3.756534E-15
      7738.85  3.667121E-15
      7743.00  3.576592E-15
      7747.15  3.502245E-15
      7751.30  3.518483E-15
      7755.44  3.580929E-15
      7759.59  3.749754E-15
      7763.74  3.872054E-15
      7767.88  4.021912E-15
      7772.03  4.113080E-15
      7776.18  4.214886E-15
      7780.33  4.328477E-15
      7784.47  4.384661E-15
      7788.62  4.400246E-15
      7792.77  4.374347E-15
      7796.91  4.335285E-15
      7801.06  4.280249E-15
      7805.21  4.215852E-15
      7809.35  4.197883E-15
      7813.50  4.209982E-15
      7817.65  4.194944E-15
      7821.80  4.151158E-15
      7825.94  4.099660E-15
      7830.09  4.042537E-15
      7834.24  3.990938E-15
      7838.38  3.957867E-15
      7842.53  3.907983E-15
      7846.68  3.876363E-15
      7850.83  3.881111E-15
      7854.97  3.836141E-15
      7859.12  3.753050E-15
      7863.27  3.696053E-15
      7867.41  3.651718E-15
      7871.56  3.597422E-15
      7875.71  3.580431E-15
      7879.86  3.565906E-15
      7884.00  3.547652E-15
      7888.15  3.548085E-15
      7892.30  3.561109E-15
      7896.44  3.536883E-15
      7900.59  3.512876E-15
      7904.74  3.515497E-15
      7908.89  3.520742E-15
      7913.03  3.510852E-15
      7917.18  3.507414E-15
      7921.33  3.504782E-15
      7925.47  3.461129E-15
      7929.62  3.424148E-15
      7933.77  3.411497E-15
      7937.92  3.467339E-15
      7942.06  3.502708E-15
      7946.21  3.483810E-15
      7950.36  3.428193E-15
      7954.50  3.358176E-15
      7958.65  3.335484E-15
      7962.80  3.374365E-15
      7966.94  3.418855E-15
      7971.09  3.471638E-15
      7975.24  3.436900E-15
      7979.39  3.361161E-15
      7983.53  3.351755E-15
      7987.68  3.350682E-15
      7991.83  3.367678E-15
      7995.97  3.350274E-15
      8000.12  3.344772E-15
      8004.27  3.330390E-15
      8008.42  3.311373E-15
      8012.56  3.323687E-15
      8016.71  3.292231E-15
      8020.86  3.293728E-15
      8025.00  3.326902E-15
      8029.15  3.316058E-15
      8033.30  3.321395E-15
      8037.45  3.300629E-15
      8041.59  3.295909E-15
      8045.74  3.301568E-15
      8049.89  3.283463E-15
      8054.03  3.280994E-15
      8058.18  3.279335E-15
      8062.33  3.261183E-15
      8066.48  3.231766E-15
      8070.62  3.199117E-15
      8074.77  3.190821E-15
      8078.92  3.170896E-15
      8083.06  3.145342E-15
      8087.21  3.112872E-15
      8091.36  3.081206E-15
      8095.51  3.047153E-15
      8099.65  3.014291E-15
      8103.80  2.996249E-15
      8107.95  2.957574E-15
      8112.09  2.942431E-15
      8116.24  2.934279E-15
      8120.39  2.901861E-15
      8124.53  2.854734E-15
      8128.68  2.819610E-15
      8132.83  2.834821E-15
      8136.98  2.832197E-15
      8141.12  2.823878E-15
      8145.27  2.799771E-15
      8149.42  2.772309E-15
      8153.56  2.750801E-15
      8157.71  2.685913E-15
      8161.86  2.670820E-15
      8166.01  2.682561E-15
      8170.15  2.698948E-15
      8174.30  2.706615E-15
      8178.45  2.798359E-15
      8182.59  2.845446E-15
      8186.74  2.883790E-15
      8190.89  2.896100E-15
      8195.04  2.900438E-15
      8199.18  2.939175E-15
      8203.33  2.993310E-15
      8207.48  3.019524E-15
      8211.62  3.055838E-15
      8215.77  2.993779E-15
      8219.92  2.842208E-15
      8224.07  2.696711E-15
      8228.21  2.722325E-15
      8232.36  2.850369E-15
      8236.51  2.923102E-15
      8240.65  2.979332E-15
      8244.80  2.960398E-15
      8248.95  2.901815E-15
      8253.09  2.892863E-15
      8257.24  2.888949E-15
      8261.39  2.862657E-15
      8265.54  2.807087E-15
      8269.68  2.702070E-15
      8273.83  2.607072E-15
      8277.98  2.542208E-15
      8282.12  2.431193E-15
      8286.27  2.332068E-15
      8290.42  2.262062E-15
      8294.57  2.184695E-15
      8298.71  2.057201E-15
      8302.86  1.964605E-15
      8307.01  1.857633E-15
      8311.15  1.762517E-15
      8315.30  1.698749E-15
      8319.45  1.634513E-15
      8323.60  1.576451E-15
      8327.74  1.500176E-15
      8331.89  1.457315E-15
      8336.04  1.374663E-15
      8340.18  1.307532E-15
      8344.33  1.268587E-15
      8348.48  1.225723E-15
      8352.63  1.183780E-15
      8356.77  1.162797E-15
      8360.92  1.184738E-15
      8365.07  1.185380E-15
      8369.21  1.189014E-15
      8373.36  1.182362E-15
      8377.51  1.156229E-15
      8381.66  1.141808E-15
      8385.80  1.140591E-15
      8389.95  1.125253E-15
      8394.10  1.119556E-15
      8398.24  1.130923E-15
      8402.39  1.149323E-15
      8406.54  1.202318E-15
      8410.68  1.262807E-15
      8414.83  1.336648E-15
      8418.98  1.436906E-15
      8423.13  1.531077E-15
      8427.27  1.622478E-15
      8431.42  1.736019E-15
      8435.57  1.827389E-15
      8439.71  1.915873E-15
      8443.86  2.018242E-15
      8448.01  2.114693E-15
      8452.16  2.201926E-15
      8456.30  2.249194E-15
      8460.45  2.298135E-15
      8464.60  2.336861E-15
      8468.74  2.371199E-15
      8472.89  2.440309E-15
      8477.04  2.529060E-15
      8481.19  2.657728E-15
      8485.33  2.764879E-15
      8489.48  2.865123E-15
      8493.63  2.918339E-15
      8497.77  2.997387E-15
      8501.92  3.095011E-15
      8506.07  3.164386E-15
      8510.22  3.298849E-15
      8514.36  3.375279E-15
      8518.51  3.530240E-15
      8522.66  3.668890E-15
      8526.80  3.799565E-15
      8530.95  3.855299E-15
      8535.10  3.864889E-15
      8539.24  3.931796E-15
      8543.39  3.958154E-15
      8547.54  3.944082E-15
      8551.69  3.917577E-15
      8555.83  3.953477E-15
      8559.98  3.946072E-15
      8564.13  4.082028E-15
      8568.27  4.143475E-15
      8572.42  4.320424E-15
      8576.57  4.501839E-15
      8580.72  4.701348E-15
      8584.86  4.841804E-15
      8589.01  4.960050E-15
      8593.16  5.038869E-15
      8597.30  5.194583E-15
      8601.45  5.366347E-15
      8605.60  5.503528E-15
      8609.75  5.697238E-15
      8613.89  5.915049E-15
      8618.04  6.139035E-15
      8622.19  6.381614E-15
      8626.33  6.619653E-15
      8630.48  6.858347E-15
      8634.63  7.129602E-15
      8638.78  7.369552E-15
      8642.92  7.531885E-15
      8647.07  7.731710E-15
      8651.22  8.014770E-15
      8655.36  8.267772E-15
      8659.51  8.459087E-15
      8663.66  8.601927E-15
      8667.81  8.678700E-15
      8671.95  8.712478E-15
      8676.10  8.714864E-15
      8680.25  8.678672E-15
      8684.39  8.612900E-15
      8688.54  8.509187E-15
      8692.69  8.412703E-15
      8696.83  8.321978E-15
      8700.98  8.210784E-15
      8705.13  8.198318E-15
      8709.28  8.126499E-15
      8713.42  7.947545E-15
      8717.57  7.753929E-15
      8721.72  7.499004E-15
      8725.86  7.272613E-15
      8730.01  7.056166E-15
      8734.16  6.961273E-15
      8738.31  6.804862E-15
      8742.45  6.632223E-15
      8746.60  6.563965E-15
      8750.75  6.469410E-15
      8754.89  6.285178E-15
      8759.04  6.099317E-15
      8763.19  5.900443E-15
      8767.34  5.752562E-15
      8771.48  5.571059E-15
      8775.63  5.379938E-15
      8779.78  5.283854E-15
      8783.92  5.196806E-15
      8788.07  5.165796E-15
      8792.22  5.127561E-15
      8796.37  5.054405E-15
      8800.51  4.969306E-15
      8804.66  4.846868E-15
      8808.81  4.743136E-15
      8812.95  4.638167E-15
      8817.10  4.563424E-15
      8821.25  4.433620E-15
      8825.40  4.306958E-15
      8829.54  4.165871E-15
      8833.69  4.102660E-15
      8837.84  4.101873E-15
      8841.98  4.074990E-15
      8846.13  3.956113E-15
      8850.28  3.912603E-15
      8854.42  3.874386E-15
      8858.57  3.824022E-15
      8862.72  3.780524E-15
      8866.87  3.734672E-15
      8871.01  3.576023E-15
      8875.16  3.522226E-15
      8879.31  3.444550E-15
      8883.45  3.311149E-15
      8887.60  3.198342E-15
      8891.75  3.076880E-15
      8895.90  3.010446E-15
      8900.04  2.981354E-15
      8904.19  2.955781E-15
      8908.34  2.912415E-15
      8912.48  2.914713E-15
      8916.63  2.951328E-15
      8920.78  2.954257E-15
      8924.93  2.948229E-15
      8929.07  2.985683E-15
      8933.22  3.055031E-15
      8937.37  3.081214E-15
      8941.51  3.037010E-15
      8945.66  2.972199E-15
      8949.81  2.901751E-15
      8953.96  2.854353E-15
      8958.10  2.830247E-15
      8962.25  2.769199E-15
      8966.40  2.777540E-15
      8970.54  2.864645E-15
      8974.69  2.859380E-15
      8978.84  2.765285E-15
      8982.98  2.627544E-15
      8987.13  2.626961E-15
      8991.28  2.686316E-15
      8995.43  2.700430E-15
      8999.57  2.723126E-15
      9003.72  2.669871E-15
      9007.87  2.688628E-15
      9012.01  2.674653E-15
      9016.16  2.634976E-15
      9020.31  2.499245E-15
      9024.46  2.493392E-15
      9028.60  2.547297E-15
      9032.75  2.465380E-15
      9036.90  2.465770E-15
      9041.04  2.399293E-15
      9045.19  2.341885E-15
      9049.34  2.311427E-15
      9053.49  2.278828E-15
      9057.63  2.225907E-15
      9061.78  2.109590E-15
      9065.93  2.061743E-15
      9070.07  2.088243E-15
      9074.22  2.171828E-15
      9078.37  2.234243E-15
      9082.52  2.266794E-15
      9086.66  2.319801E-15
      9090.81  2.435598E-15
      9094.96  2.514657E-15
      9099.10  2.573945E-15
      9103.25  2.654929E-15
      9107.40  2.680181E-15
      9111.55  2.679500E-15
      9115.69  2.708032E-15
      9119.84  2.628189E-15
      9123.99  2.546370E-15
      9128.13  2.399316E-15
      9132.28  2.384372E-15
      9136.43  2.530940E-15
      9140.57  2.557487E-15
      9144.72  2.472602E-15
      9148.87  2.414780E-15
      9153.02  2.354552E-15
      9157.16  2.385648E-15
      9161.31  2.448550E-15
      9165.46  2.375614E-15
      9169.60  2.276894E-15
      9173.75  2.194142E-15
      9177.90  2.182708E-15
      9182.05  2.176040E-15
      9186.19  2.175136E-15
      9190.34  2.198957E-15
      9194.49  2.226500E-15
      9198.63  2.265221E-15
      9202.78  2.303567E-15
      9206.93  2.340131E-15
      9211.08  2.406960E-15
      9215.22  2.455487E-15
      9219.37  2.490956E-15
      9223.52  2.569394E-15
      9227.66  2.635441E-15
      9231.81  2.654315E-15
      9235.96  2.679143E-15
      9240.11  2.766065E-15
      9244.25  2.861918E-15
      9248.40  2.922325E-15
      9252.55  3.017352E-15
      9256.69  3.111692E-15
      9260.84  3.167594E-15
      9264.99  3.132129E-15
      9269.13  3.062985E-15
      9273.28  2.974402E-15
      9277.43  2.834440E-15
      9281.58  2.734618E-15
      9285.72  2.727472E-15
      9289.87  2.650396E-15
      9294.02  2.559604E-15
      9298.16  2.514896E-15
      9302.31  2.418453E-15
      9306.46  2.363305E-15
      9310.61  2.169085E-15
      9314.75  2.028039E-15
      9318.90  1.930473E-15
      9323.05  1.907019E-15
      9327.19  1.881527E-15
      9331.34  1.775163E-15
      9335.49  1.545940E-15
      9339.64  1.644634E-15
      9343.78  1.775160E-15
      9347.93  1.719830E-15
      9352.08  1.795101E-15
      9356.22  1.835272E-15
      9360.37  1.767567E-15
      9364.52  1.743756E-15
      9368.67  1.683271E-15
      9372.81  1.585859E-15
      9376.96  1.645515E-15
      9381.11  1.783617E-15
      9385.25  2.004389E-15
      9389.40  2.201708E-15
      9393.55  2.189890E-15
      9397.70  2.204777E-15
      9401.84  2.129209E-15
      9405.99  2.174344E-15
      9410.14  2.228411E-15
      9414.28  2.307982E-15
      9418.43  2.146307E-15
      9422.58  2.056042E-15
      9426.72  2.105743E-15
      9430.87  2.027069E-15
      9435.02  1.962722E-15
      9439.17  1.947027E-15
      9443.31  1.914303E-15
      9447.46  1.921934E-15
      9451.61  1.936610E-15
      9455.75  1.923172E-15
      9459.90  1.957724E-15
      9464.05  2.057682E-15
      9468.20  2.105406E-15
      9472.34  2.006313E-15
      9476.49  1.945140E-15
      9480.64  2.008030E-15
      9484.78  2.036878E-15
      9488.93  1.989055E-15
      9493.08  1.879577E-15
      9497.23  1.899662E-15
      9501.37  2.108368E-15
      9505.52  2.238626E-15
      9509.67  2.134370E-15
      9513.81  1.940599E-15
      9517.96  1.814707E-15
      9522.11  1.801191E-15
      9526.26  2.031710E-15
      9530.40  2.179327E-15
      9534.55  2.143461E-15
      9538.70  2.097350E-15
      9542.84  2.055508E-15
      9546.99  2.061893E-15
      9551.14  2.052761E-15
      9555.28  1.992998E-15
      9559.43  1.995277E-15
      9563.58  2.124663E-15
      9567.73  2.112358E-15
      9571.87  2.084125E-15
      9576.02  2.074956E-15
      9580.17  1.928065E-15
      9584.31  1.798415E-15
      9588.46  1.726131E-15
      9592.61  1.799455E-15
      9596.76  1.911602E-15
      9600.90  1.961482E-15
      9605.05  2.018651E-15
      9609.20  2.007989E-15
      9613.34  2.069884E-15
      9617.49  2.076762E-15
      9621.64  2.007730E-15
      9625.79  2.058483E-15
      9629.93  1.975214E-15
      9634.08  1.964973E-15
      9638.23  1.972595E-15
      9642.37  2.067747E-15
      9646.52  2.186790E-15
      9650.67  2.243455E-15
      9654.82  2.192446E-15
      9658.96  2.168498E-15
      9663.11  2.239169E-15
      9667.26  2.343473E-15
      9671.40  2.382167E-15
      9675.55  2.460363E-15
      9679.70  2.447601E-15
      9683.85  2.428261E-15
      9687.99  2.437680E-15
      9692.14  2.360836E-15
      9696.29  2.364667E-15
      9700.43  2.375036E-15
      9704.58  2.364842E-15
      9708.73  2.368946E-15
      9712.87  2.401425E-15
      9717.02  2.391542E-15
      9721.17  2.292700E-15
      9725.32  2.215556E-15
      9729.46  2.248712E-15
      9733.61  2.281231E-15
      9737.76  2.216993E-15
      9741.90  2.163549E-15
      9746.05  2.158839E-15
      9750.20  2.157775E-15
      9754.35  2.209223E-15
      9758.49  2.251481E-15
      9762.64  2.292654E-15
      9766.79  2.284741E-15
      9770.93  2.247616E-15
      9775.08  2.195357E-15
      9779.23  2.176129E-15
      9783.38  2.179433E-15
      9787.52  2.134748E-15
      9791.67  2.191274E-15
      9795.82  2.250953E-15
      9799.96  2.273566E-15
      9804.11  2.262681E-15
      9808.26  2.275749E-15
      9812.41  2.319956E-15
      9816.55  2.258592E-15
      9820.70  2.176715E-15
      9824.85  2.200477E-15
      9828.99  2.223377E-15
      9833.14  2.229194E-15
      9837.29  2.195631E-15
      9841.44  2.188314E-15
      9845.58  2.123969E-15
      9849.73  2.098539E-15
      9853.88  2.204748E-15
      9858.02  2.311042E-15
      9862.17  2.329752E-15
      9866.32  2.241708E-15
      9870.46  2.117242E-15
      9874.61  2.114915E-15
      9878.76  2.249427E-15
      9882.91  2.182459E-15
      9887.05  2.291664E-15
      9891.20  2.260225E-15
      9895.35  2.249151E-15
      9899.49  2.211241E-15
      9903.64  2.303726E-15
      9907.79  2.117680E-15
      9911.94  2.089013E-15
      9916.08  2.172093E-15
      9920.23  1.916858E-15
      9924.38  1.807812E-15
      9928.52  1.916470E-15
      9932.67  1.828883E-15
      9936.82  1.781447E-15
      9940.97  1.883578E-15
      9945.11  1.802399E-15
      9949.26  1.770264E-15
      9953.41  1.789654E-15
      9957.55  1.913523E-15
      9961.70  1.843861E-15
