      3470.00  2.222550E-01
      3472.00  1.481590E-01
      3474.00  1.064950E-01
      3476.00  2.286670E-01
      3478.00  2.417120E-01
      3480.00  2.712670E-01
      3482.00  2.452300E-02
      3484.00  8.328420E-02
      3486.00  1.759790E-01
      3488.00  1.961330E-01
      3490.00  1.203820E-01
      3492.00  7.462060E-02
      3494.00  2.928690E-01
      3496.00  2.218370E-01
      3498.00  1.760610E-01
      3500.00  1.412150E-01
      3502.00  2.229850E-01
      3504.00  7.654220E-02
      3506.00  1.485870E-01
      3508.00  9.687840E-02
      3510.00  2.398810E-01
      3512.00 -1.352180E-02
      3514.00  2.572570E-01
      3516.00  1.185500E-01
      3518.00  1.024170E-01
      3520.00  2.331300E-01
      3522.00  6.594960E-02
      3524.00  1.739240E-01
      3526.00  1.830920E-01
      3528.00  8.771070E-02
      3530.00  8.391980E-02
      3532.00  1.196670E-01
      3534.00  3.375120E-01
      3536.00  1.955760E-01
      3538.00  1.127810E-01
      3540.00  1.826480E-01
      3542.00  1.455270E-01
      3544.00  7.842340E-02
      3546.00  2.305510E-01
      3548.00  2.252220E-01
      3550.00  9.983810E-02
      3552.00  1.561140E-01
      3554.00  1.021020E-01
      3556.00  7.489910E-04
      3558.00  1.830310E-01
      3560.00  1.033180E-01
      3562.00  5.676460E-02
      3564.00  2.921650E-01
      3566.00  3.366020E-01
      3568.00  8.544920E-02
      3570.00  2.653240E-01
      3572.00  1.278990E-01
      3574.00  2.334940E-01
      3576.00  2.234160E-01
      3578.00  1.730960E-01
      3580.00  1.629020E-01
      3582.00  1.710790E-01
      3584.00  1.821210E-01
      3586.00  2.544450E-01
      3588.00  1.644840E-01
      3590.00  1.292640E-01
      3592.00  2.404480E-01
      3594.00  1.418230E-01
      3596.00  1.212350E-01
      3598.00  1.798320E-01
      3600.00  1.596320E-01
      3602.00  3.340370E-01
      3604.00  8.053530E-02
      3606.00  2.336920E-01
      3608.00  1.224290E-01
      3610.00  2.806040E-01
      3612.00  3.385150E-01
      3614.00  2.529210E-01
      3616.00  2.003350E-01
      3618.00  2.315770E-01
      3620.00  1.870920E-01
      3622.00  1.979850E-01
      3624.00  1.824750E-01
      3626.00  2.232710E-01
      3628.00  1.847930E-01
      3630.00  2.655580E-01
      3632.00  2.581960E-01
      3634.00  1.130990E-01
      3636.00  1.640920E-01
      3638.00  2.874210E-01
      3640.00  2.785390E-01
      3642.00  1.939280E-01
      3644.00  2.635270E-01
      3646.00  2.280640E-01
      3648.00  2.337410E-01
      3650.00  2.378720E-01
      3652.00  1.807970E-01
      3654.00  2.232250E-01
      3656.00  2.871250E-01
      3658.00  8.910560E-02
      3660.00  1.542600E-01
      3662.00  2.239400E-01
      3664.00  1.964090E-01
      3666.00  2.130710E-01
      3668.00  1.483710E-01
      3670.00  1.178640E-01
      3672.00  1.554970E-01
      3674.00  2.178130E-01
      3676.00  1.730510E-01
      3678.00  1.607930E-01
      3680.00  1.390420E-01
      3682.00  3.154600E-01
      3684.00  1.877430E-01
      3686.00  2.288400E-01
      3688.00  3.367850E-01
      3690.00  1.706320E-01
      3692.00  3.160160E-01
      3694.00  2.045640E-01
      3696.00  2.288050E-01
      3698.00  1.947260E-01
      3700.00  2.953940E-01
      3702.00  2.919160E-01
      3704.00  3.099400E-01
      3706.00  2.705440E-01
      3708.00  2.308070E-01
      3710.00  2.640850E-01
      3712.00  2.280060E-01
      3714.00  1.844220E-01
      3716.00  3.682920E-01
      3718.00  3.280820E-01
      3720.00  2.725400E-01
      3722.00  3.035340E-01
      3724.00  3.825500E-01
      3726.00  2.475770E-01
      3728.00  2.944620E-01
      3730.00  2.548120E-01
      3732.00  2.881350E-01
      3734.00  3.410290E-01
      3736.00  3.129760E-01
      3738.00  3.252990E-01
      3740.00  3.015880E-01
      3742.00  2.680200E-01
      3744.00  2.960530E-01
      3746.00  3.132230E-01
      3748.00  2.534760E-01
      3750.00  2.779130E-01
      3752.00  2.609000E-01
      3754.00  1.884330E-01
      3756.00  3.064990E-01
      3758.00  2.965870E-01
      3760.00  2.712500E-01
      3762.00  2.860060E-01
      3764.00  2.847820E-01
      3766.00  2.274060E-01
      3768.00  2.147590E-01
      3770.00  2.509360E-01
      3772.00  3.248110E-01
      3774.00  3.413950E-01
      3776.00  3.500910E-01
      3778.00  2.815680E-01
      3780.00  2.141470E-01
      3782.00  1.659880E-01
      3784.00  2.738120E-01
      3786.00  2.674770E-01
      3788.00  2.524140E-01
      3790.00  2.826240E-01
      3792.00  2.914970E-01
      3794.00  2.900360E-01
      3796.00  2.003550E-01
      3798.00  2.075190E-01
      3800.00  2.816300E-01
      3802.00  3.557840E-01
      3804.00  1.883010E-01
      3806.00  2.004630E-01
      3808.00  2.421580E-01
      3810.00  2.923720E-01
      3812.00  2.147380E-01
      3814.00  2.086690E-01
      3816.00  2.688480E-01
      3818.00  2.182300E-01
      3820.00  2.616560E-01
      3822.00  2.240250E-01
      3824.00  1.367200E-01
      3826.00  1.691420E-01
      3828.00  1.756090E-01
      3830.00  2.053970E-01
      3832.00  1.799410E-01
      3834.00  1.817910E-01
      3836.00  1.532310E-01
      3838.00  2.148740E-01
      3840.00  1.319030E-01
      3842.00  1.919680E-01
      3844.00  2.255180E-01
      3846.00  1.851270E-01
      3848.00  1.425230E-01
      3850.00  2.660380E-01
      3852.00  2.409490E-01
      3854.00  2.279550E-01
      3856.00  2.336410E-01
      3858.00  2.255160E-01
      3860.00  1.873900E-01
      3862.00  1.801910E-01
      3864.00  1.394800E-01
      3866.00  1.774670E-01
      3868.00  2.296530E-01
      3870.00  1.628070E-01
      3872.00  2.174680E-01
      3874.00  2.614570E-01
      3876.00  2.481840E-01
      3878.00  3.064800E-01
      3880.00  2.756880E-01
      3882.00  2.135220E-01
      3884.00  2.153370E-01
      3886.00  2.549590E-01
      3888.00  3.247030E-01
      3890.00  3.187140E-01
      3892.00  3.465510E-01
      3894.00  3.104210E-01
      3896.00  3.283140E-01
      3898.00  3.633910E-01
      3900.00  3.979980E-01
      3902.00  3.819020E-01
      3904.00  4.210430E-01
      3906.00  4.518400E-01
      3908.00  3.523250E-01
      3910.00  4.319630E-01
      3912.00  3.727280E-01
      3914.00  4.127140E-01
      3916.00  4.405500E-01
      3918.00  4.521990E-01
      3920.00  4.305770E-01
      3922.00  3.889100E-01
      3924.00  5.111300E-01
      3926.00  5.211680E-01
      3928.00  4.202780E-01
      3930.00  4.857970E-01
      3932.00  4.473670E-01
      3934.00  4.378580E-01
      3936.00  4.852410E-01
      3938.00  4.934550E-01
      3940.00  4.991770E-01
      3942.00  4.885290E-01
      3944.00  5.192000E-01
      3946.00  5.843820E-01
      3948.00  5.981340E-01
      3950.00  5.806430E-01
      3952.00  6.899840E-01
      3954.00  6.101160E-01
      3956.00  6.285060E-01
      3958.00  5.709630E-01
      3960.00  7.188620E-01
      3962.00  6.626900E-01
      3964.00  7.407660E-01
      3966.00  6.431120E-01
      3968.00  5.874540E-01
      3970.00  7.140040E-01
      3972.00  6.637370E-01
      3974.00  6.973710E-01
      3976.00  6.489770E-01
      3978.00  6.859090E-01
      3980.00  6.688570E-01
      3982.00  7.239210E-01
      3984.00  7.104040E-01
      3986.00  6.909870E-01
      3988.00  6.643190E-01
      3990.00  6.804640E-01
      3992.00  7.398880E-01
      3994.00  6.940920E-01
      3996.00  6.891390E-01
      3998.00  6.553370E-01
      4000.00  6.514120E-01
      4002.00  8.028130E-01
      4004.00  7.663770E-01
      4006.00  7.052240E-01
      4008.00  7.569090E-01
      4010.00  7.491970E-01
      4012.00  7.825130E-01
      4014.00  8.154020E-01
      4016.00  8.420560E-01
      4018.00  6.912200E-01
      4020.00  7.996320E-01
      4022.00  8.440540E-01
      4024.00  7.355870E-01
      4026.00  7.931030E-01
      4028.00  7.645480E-01
      4030.00  7.177620E-01
      4032.00  7.311800E-01
      4034.00  7.193680E-01
      4036.00  6.564280E-01
      4038.00  5.869630E-01
      4040.00  5.528630E-01
      4042.00  5.971330E-01
      4044.00  5.545570E-01
      4046.00  4.820740E-01
      4048.00  5.161210E-01
      4050.00  5.284330E-01
      4052.00  5.982040E-01
      4054.00  4.838030E-01
      4056.00  5.470040E-01
      4058.00  5.321670E-01
      4060.00  5.039140E-01
      4062.00  5.877490E-01
      4064.00  5.409140E-01
      4066.00  5.381210E-01
      4068.00  5.460690E-01
      4070.00  5.847900E-01
      4072.00  6.299570E-01
      4074.00  6.638770E-01
      4076.00  6.644770E-01
      4078.00  7.476480E-01
      4080.00  8.070420E-01
      4082.00  8.107280E-01
      4084.00  7.491400E-01
      4086.00  6.963870E-01
      4088.00  7.681640E-01
      4090.00  8.692880E-01
      4092.00  7.844620E-01
      4094.00  7.890250E-01
      4096.00  7.997580E-01
      4098.00  8.153750E-01
      4100.00  7.698280E-01
      4102.00  6.956910E-01
      4104.00  7.563770E-01
      4106.00  6.950970E-01
      4108.00  7.771810E-01
      4110.00  7.020920E-01
      4112.00  7.122510E-01
      4114.00  7.665680E-01
      4116.00  7.065670E-01
      4118.00  7.531530E-01
      4120.00  6.984730E-01
      4122.00  7.204360E-01
      4124.00  8.034940E-01
      4126.00  7.383210E-01
      4128.00  7.965280E-01
      4130.00  7.636060E-01
      4132.00  8.235200E-01
      4134.00  7.409420E-01
      4136.00  7.871520E-01
      4138.00  7.781390E-01
      4140.00  7.406260E-01
      4142.00  7.136470E-01
      4144.00  7.816880E-01
      4146.00  6.542670E-01
      4148.00  7.061620E-01
      4150.00  7.080890E-01
      4152.00  8.024320E-01
      4154.00  7.127680E-01
      4156.00  7.147120E-01
      4158.00  6.517560E-01
      4160.00  6.650040E-01
      4162.00  6.073230E-01
      4164.00  6.277730E-01
      4166.00  6.360220E-01
      4168.00  6.667870E-01
      4170.00  5.512170E-01
      4172.00  5.670790E-01
      4174.00  5.381280E-01
      4176.00  5.805340E-01
      4178.00  5.591010E-01
      4180.00  4.815010E-01
      4182.00  5.599090E-01
      4184.00  5.140960E-01
      4186.00  4.915940E-01
      4188.00  4.678430E-01
      4190.00  4.710370E-01
      4192.00  4.753140E-01
      4194.00  4.420630E-01
      4196.00  4.222040E-01
      4198.00  4.550500E-01
      4200.00  4.499210E-01
      4202.00  4.517910E-01
      4204.00  4.745310E-01
      4206.00  4.059700E-01
      4208.00  4.553610E-01
      4210.00  4.380190E-01
      4212.00  4.486020E-01
      4214.00  4.017810E-01
      4216.00  4.403350E-01
      4218.00  4.487280E-01
      4220.00  5.447810E-01
      4222.00  4.818420E-01
      4224.00  4.849370E-01
      4226.00  4.526500E-01
      4228.00  4.413440E-01
      4230.00  4.436030E-01
      4232.00  5.314510E-01
      4234.00  4.861360E-01
      4236.00  4.646000E-01
      4238.00  4.954500E-01
      4240.00  4.956150E-01
      4242.00  4.577650E-01
      4244.00  4.318380E-01
      4246.00  4.349380E-01
      4248.00  4.270010E-01
      4250.00  4.561820E-01
      4252.00  4.938970E-01
      4254.00  5.074250E-01
      4256.00  4.835000E-01
      4258.00  5.354410E-01
      4260.00  4.996580E-01
      4262.00  4.996350E-01
      4264.00  5.278250E-01
      4266.00  5.313540E-01
      4268.00  4.741660E-01
      4270.00  4.956520E-01
      4272.00  5.623010E-01
      4274.00  5.316320E-01
      4276.00  4.873530E-01
      4278.00  4.641390E-01
      4280.00  4.800230E-01
      4282.00  4.531470E-01
      4284.00  5.103210E-01
      4286.00  4.691790E-01
      4288.00  4.541470E-01
      4290.00  4.683530E-01
      4292.00  4.711080E-01
      4294.00  4.736960E-01
      4296.00  4.555750E-01
      4298.00  4.648830E-01
      4300.00  5.150470E-01
      4302.00  5.319680E-01
      4304.00  4.363120E-01
      4306.00  4.652200E-01
      4308.00  4.836940E-01
      4310.00  5.200100E-01
      4312.00  4.534330E-01
      4314.00  5.292890E-01
      4316.00  6.206320E-01
      4318.00  5.348050E-01
      4320.00  5.680180E-01
      4322.00  5.607540E-01
      4324.00  5.690290E-01
      4326.00  6.150430E-01
      4328.00  6.321640E-01
      4330.00  6.156590E-01
      4332.00  6.090350E-01
      4334.00  5.475120E-01
      4336.00  5.643760E-01
      4338.00  6.311220E-01
      4340.00  5.845960E-01
      4342.00  5.315140E-01
      4344.00  5.507000E-01
      4346.00  5.911180E-01
      4348.00  5.729250E-01
      4350.00  5.869470E-01
      4352.00  5.797820E-01
      4354.00  5.829530E-01
      4356.00  5.905160E-01
      4358.00  6.533300E-01
      4360.00  6.549450E-01
      4362.00  6.172680E-01
      4364.00  5.863090E-01
      4366.00  6.110280E-01
      4368.00  6.845980E-01
      4370.00  6.577320E-01
      4372.00  6.726500E-01
      4374.00  6.646720E-01
      4376.00  6.835360E-01
      4378.00  6.542180E-01
      4380.00  6.803860E-01
      4382.00  7.380730E-01
      4384.00  7.280730E-01
      4386.00  6.836490E-01
      4388.00  6.920520E-01
      4390.00  6.843270E-01
      4392.00  7.203560E-01
      4394.00  7.469000E-01
      4396.00  7.555310E-01
      4398.00  7.577030E-01
      4400.00  7.754120E-01
      4402.00  7.487990E-01
      4404.00  8.202690E-01
      4406.00  7.482050E-01
      4408.00  7.183990E-01
      4410.00  7.078790E-01
      4412.00  7.216740E-01
      4414.00  7.040830E-01
      4416.00  7.707800E-01
      4418.00  6.740020E-01
      4420.00  6.934950E-01
      4422.00  7.140970E-01
      4424.00  6.910870E-01
      4426.00  6.973910E-01
      4428.00  7.096380E-01
      4430.00  6.897110E-01
      4432.00  6.838090E-01
      4434.00  7.531180E-01
      4436.00  6.952260E-01
      4438.00  6.952520E-01
      4440.00  6.613240E-01
      4442.00  6.628330E-01
      4444.00  6.782120E-01
      4446.00  7.365750E-01
      4448.00  6.602600E-01
      4450.00  6.516030E-01
      4452.00  6.640460E-01
      4454.00  7.046600E-01
      4456.00  7.358130E-01
      4458.00  6.841620E-01
      4460.00  7.019940E-01
      4462.00  7.068830E-01
      4464.00  6.732320E-01
      4466.00  7.309420E-01
      4468.00  7.147270E-01
      4470.00  6.552860E-01
      4472.00  7.099240E-01
      4474.00  7.095830E-01
      4476.00  7.325220E-01
      4478.00  7.208780E-01
      4480.00  6.961280E-01
      4482.00  7.027090E-01
      4484.00  6.630310E-01
      4486.00  7.474450E-01
      4488.00  7.011100E-01
      4490.00  7.092280E-01
      4492.00  7.021030E-01
      4494.00  7.614370E-01
      4496.00  7.374850E-01
      4498.00  8.581660E-01
      4500.00  7.665000E-01
      4502.00  8.376460E-01
      4504.00  8.319680E-01
      4506.00  8.763670E-01
      4508.00  8.532190E-01
      4510.00  8.562960E-01
      4512.00  8.759490E-01
      4514.00  9.312020E-01
      4516.00  9.840770E-01
      4518.00  1.013690E+00
      4520.00  9.864890E-01
      4522.00  9.949950E-01
      4524.00  9.973690E-01
      4526.00  1.142340E+00
      4528.00  1.151120E+00
      4530.00  1.097580E+00
      4532.00  1.190140E+00
      4534.00  1.273090E+00
      4536.00  1.284690E+00
      4538.00  1.297010E+00
      4540.00  1.309520E+00
      4542.00  1.427150E+00
      4544.00  1.348370E+00
      4546.00  1.392330E+00
      4548.00  1.542890E+00
      4550.00  1.543490E+00
      4552.00  1.563170E+00
      4554.00  1.571800E+00
      4556.00  1.661050E+00
      4558.00  1.618150E+00
      4560.00  1.673250E+00
      4562.00  1.663430E+00
      4564.00  1.780370E+00
      4566.00  1.810880E+00
      4568.00  1.780030E+00
      4570.00  1.745880E+00
      4572.00  1.850060E+00
      4574.00  1.845980E+00
      4576.00  1.946560E+00
      4578.00  1.946850E+00
      4580.00  2.045840E+00
      4582.00  1.977210E+00
      4584.00  2.086590E+00
      4586.00  2.092430E+00
      4588.00  2.084260E+00
      4590.00  2.139340E+00
      4592.00  2.176860E+00
      4594.00  2.119440E+00
      4596.00  2.141040E+00
      4598.00  2.295630E+00
      4600.00  2.274490E+00
      4602.00  2.273030E+00
      4604.00  2.249120E+00
      4606.00  2.159740E+00
      4608.00  2.174800E+00
      4610.00  2.261520E+00
      4612.00  2.228100E+00
      4614.00  2.128100E+00
      4616.00  2.165530E+00
      4618.00  2.219290E+00
      4620.00  2.239380E+00
      4622.00  2.213310E+00
      4624.00  2.184460E+00
      4626.00  2.166540E+00
      4628.00  2.269750E+00
      4630.00  2.170060E+00
      4632.00  2.313400E+00
      4634.00  2.263290E+00
      4636.00  2.161890E+00
      4638.00  2.194880E+00
      4640.00  2.148730E+00
      4642.00  2.147770E+00
      4644.00  2.104630E+00
      4646.00  2.139420E+00
      4648.00  2.195220E+00
      4650.00  2.221010E+00
      4652.00  2.206080E+00
      4654.00  2.180320E+00
      4656.00  2.163980E+00
      4658.00  2.234390E+00
      4660.00  2.219620E+00
      4662.00  2.182330E+00
      4664.00  2.205460E+00
      4666.00  2.207300E+00
      4668.00  2.182970E+00
      4670.00  2.181330E+00
      4672.00  2.180940E+00
      4674.00  2.217360E+00
      4676.00  2.188070E+00
      4678.00  2.084890E+00
      4680.00  2.154580E+00
      4682.00  2.129480E+00
      4684.00  2.008520E+00
      4686.00  2.024620E+00
      4688.00  1.996050E+00
      4690.00  1.903240E+00
      4692.00  1.914720E+00
      4694.00  1.891860E+00
      4696.00  1.862410E+00
      4698.00  1.851480E+00
      4700.00  1.844470E+00
      4702.00  1.809680E+00
      4704.00  1.807900E+00
      4706.00  1.691180E+00
      4708.00  1.740370E+00
      4710.00  1.756350E+00
      4712.00  1.692440E+00
      4714.00  1.765620E+00
      4716.00  1.688470E+00
      4718.00  1.729980E+00
      4720.00  1.657140E+00
      4722.00  1.594990E+00
      4724.00  1.598280E+00
      4726.00  1.581750E+00
      4728.00  1.614890E+00
      4730.00  1.637380E+00
      4732.00  1.529790E+00
      4734.00  1.596460E+00
      4736.00  1.587380E+00
      4738.00  1.554460E+00
      4740.00  1.475370E+00
      4742.00  1.560710E+00
      4744.00  1.468000E+00
      4746.00  1.471000E+00
      4748.00  1.396600E+00
      4750.00  1.347810E+00
      4752.00  1.304140E+00
      4754.00  1.276210E+00
      4756.00  1.328820E+00
      4758.00  1.216650E+00
      4760.00  1.233680E+00
      4762.00  1.145340E+00
      4764.00  1.111150E+00
      4766.00  1.107270E+00
      4768.00  1.037950E+00
      4770.00  1.047300E+00
      4772.00  9.758830E-01
      4774.00  9.211280E-01
      4776.00  9.020300E-01
      4778.00  8.340480E-01
      4780.00  8.264270E-01
      4782.00  8.261300E-01
      4784.00  7.350230E-01
      4786.00  7.516550E-01
      4788.00  7.465300E-01
      4790.00  7.129330E-01
      4792.00  7.443500E-01
      4794.00  7.551370E-01
      4796.00  6.854070E-01
      4798.00  6.910720E-01
      4800.00  7.210440E-01
      4802.00  7.612310E-01
      4804.00  8.292680E-01
      4806.00  8.406200E-01
      4808.00  8.695330E-01
      4810.00  9.275420E-01
      4812.00  9.171890E-01
      4814.00  9.887610E-01
      4816.00  1.002620E+00
      4818.00  1.065920E+00
      4820.00  1.116530E+00
      4822.00  1.142830E+00
      4824.00  1.142090E+00
      4826.00  1.224280E+00
      4828.00  1.254150E+00
      4830.00  1.252720E+00
      4832.00  1.301470E+00
      4834.00  1.325030E+00
      4836.00  1.387090E+00
      4838.00  1.413430E+00
      4840.00  1.422070E+00
      4842.00  1.483120E+00
      4844.00  1.469290E+00
      4846.00  1.521390E+00
      4848.00  1.597590E+00
      4850.00  1.633420E+00
      4852.00  1.631420E+00
      4854.00  1.625300E+00
      4856.00  1.743590E+00
      4858.00  1.699180E+00
      4860.00  1.807450E+00
      4862.00  1.853210E+00
      4864.00  1.858900E+00
      4866.00  1.867390E+00
      4868.00  1.886140E+00
      4870.00  1.927090E+00
      4872.00  1.925340E+00
      4874.00  1.947490E+00
      4876.00  1.998080E+00
      4878.00  2.031980E+00
      4880.00  2.075940E+00
      4882.00  2.045870E+00
      4884.00  2.147390E+00
      4886.00  2.169030E+00
      4888.00  2.151580E+00
      4890.00  2.160110E+00
      4892.00  2.142420E+00
      4894.00  2.177580E+00
      4896.00  2.180180E+00
      4898.00  2.161700E+00
      4900.00  2.163860E+00
      4902.00  2.117040E+00
      4904.00  2.086890E+00
      4906.00  2.164780E+00
      4908.00  2.020940E+00
      4910.00  2.110050E+00
      4912.00  2.139550E+00
      4914.00  2.118640E+00
      4916.00  2.101330E+00
      4918.00  2.142710E+00
      4920.00  2.094540E+00
      4922.00  2.085470E+00
      4924.00  2.098390E+00
      4926.00  2.117140E+00
      4928.00  2.126540E+00
      4930.00  2.144300E+00
      4932.00  2.108930E+00
      4934.00  2.090390E+00
      4936.00  2.097460E+00
      4938.00  2.065510E+00
      4940.00  2.010920E+00
      4942.00  2.053100E+00
      4944.00  2.010250E+00
      4946.00  2.113240E+00
      4948.00  2.046650E+00
      4950.00  2.030040E+00
      4952.00  2.028190E+00
      4954.00  2.000040E+00
      4956.00  1.972090E+00
      4958.00  2.066500E+00
      4960.00  1.998810E+00
      4962.00  2.016560E+00
      4964.00  1.970250E+00
      4966.00  2.023120E+00
      4968.00  2.063590E+00
      4970.00  2.042150E+00
      4972.00  2.075770E+00
      4974.00  2.128120E+00
      4976.00  2.080640E+00
      4978.00  2.120960E+00
      4980.00  2.224160E+00
      4982.00  2.120560E+00
      4984.00  2.126180E+00
      4986.00  2.269650E+00
      4988.00  2.186610E+00
      4990.00  2.166330E+00
      4992.00  2.193490E+00
      4994.00  2.247270E+00
      4996.00  2.352530E+00
      4998.00  2.392170E+00
      5000.00  2.456400E+00
      5002.00  2.474790E+00
      5004.00  2.520170E+00
      5006.00  2.481550E+00
      5008.00  2.478480E+00
      5010.00  2.719410E+00
      5012.00  2.764550E+00
      5014.00  2.754930E+00
      5016.00  2.625050E+00
      5018.00  2.728580E+00
      5020.00  2.703090E+00
      5022.00  2.816790E+00
      5024.00  2.791770E+00
      5026.00  2.822760E+00
      5028.00  2.840890E+00
      5030.00  2.866250E+00
      5032.00  2.762680E+00
      5034.00  2.792580E+00
      5036.00  2.876840E+00
      5038.00  2.851220E+00
      5040.00  2.797440E+00
      5042.00  2.670980E+00
      5044.00  2.626110E+00
      5046.00  2.700820E+00
      5048.00  2.571690E+00
      5050.00  2.503650E+00
      5052.00  2.414350E+00
      5054.00  2.355650E+00
      5056.00  2.165400E+00
      5058.00  2.194250E+00
      5060.00  2.083610E+00
      5062.00  2.078150E+00
      5064.00  1.912090E+00
      5066.00  1.873820E+00
      5068.00  1.752900E+00
      5070.00  1.756770E+00
      5072.00  1.792140E+00
      5074.00  1.648370E+00
      5076.00  1.599730E+00
      5078.00  1.538330E+00
      5080.00  1.510080E+00
      5082.00  1.455590E+00
      5084.00  1.371700E+00
      5086.00  1.420480E+00
      5088.00  1.425460E+00
      5090.00  1.355030E+00
      5092.00  1.277900E+00
      5094.00  1.306480E+00
      5096.00  1.270720E+00
      5098.00  1.208790E+00
      5100.00  1.205250E+00
      5102.00  1.186510E+00
      5104.00  1.167270E+00
      5106.00  1.178440E+00
      5108.00  1.169870E+00
      5110.00  1.176890E+00
      5112.00  1.142460E+00
      5114.00  1.218360E+00
      5116.00  1.196180E+00
      5118.00  1.132420E+00
      5120.00  1.153500E+00
      5122.00  1.194690E+00
      5124.00  1.152510E+00
      5126.00  1.172400E+00
      5128.00  1.194730E+00
      5130.00  1.145810E+00
      5132.00  1.231820E+00
      5134.00  1.226370E+00
      5136.00  1.170920E+00
      5138.00  1.315450E+00
      5140.00  1.253760E+00
      5142.00  1.338550E+00
      5144.00  1.304160E+00
      5146.00  1.363260E+00
      5148.00  1.374090E+00
      5150.00  1.392140E+00
      5152.00  1.370030E+00
      5154.00  1.496300E+00
      5156.00  1.440350E+00
      5158.00  1.468920E+00
      5160.00  1.550820E+00
      5162.00  1.581230E+00
      5164.00  1.560910E+00
      5166.00  1.618740E+00
      5168.00  1.631750E+00
      5170.00  1.746090E+00
      5172.00  1.772460E+00
      5174.00  1.768970E+00
      5176.00  1.815700E+00
      5178.00  1.844200E+00
      5180.00  1.882950E+00
      5182.00  1.866580E+00
      5184.00  1.972510E+00
      5186.00  1.952680E+00
      5188.00  1.994870E+00
      5190.00  1.988600E+00
      5192.00  2.041090E+00
      5194.00  2.063220E+00
      5196.00  2.044680E+00
      5198.00  2.092770E+00
      5200.00  2.188130E+00
      5202.00  2.232060E+00
      5204.00  2.241710E+00
      5206.00  2.222810E+00
      5208.00  2.218330E+00
      5210.00  2.158260E+00
      5212.00  2.200430E+00
      5214.00  2.233620E+00
      5216.00  2.160920E+00
      5218.00  2.222860E+00
      5220.00  2.164420E+00
      5222.00  2.178100E+00
      5224.00  2.112600E+00
      5226.00  2.091580E+00
      5228.00  2.037200E+00
      5230.00  2.062430E+00
      5232.00  1.957790E+00
      5234.00  1.928250E+00
      5236.00  1.952940E+00
      5238.00  1.938500E+00
      5240.00  1.935300E+00
      5242.00  1.902320E+00
      5244.00  1.948230E+00
      5246.00  1.905570E+00
      5248.00  1.945890E+00
      5250.00  1.911300E+00
      5252.00  1.981670E+00
      5254.00  1.948990E+00
      5256.00  2.076030E+00
      5258.00  2.035450E+00
      5260.00  2.016400E+00
      5262.00  2.048530E+00
      5264.00  2.038270E+00
      5266.00  2.076430E+00
      5268.00  2.106590E+00
      5270.00  2.095080E+00
      5272.00  2.050770E+00
      5274.00  2.116280E+00
      5276.00  2.219400E+00
      5278.00  2.249280E+00
      5280.00  2.276140E+00
      5282.00  2.306270E+00
      5284.00  2.238330E+00
      5286.00  2.174870E+00
      5288.00  2.134540E+00
      5290.00  2.105770E+00
      5292.00  2.001390E+00
      5294.00  1.934700E+00
      5296.00  1.999850E+00
      5298.00  2.068660E+00
      5300.00  1.986430E+00
      5302.00  1.998310E+00
      5304.00  2.098250E+00
      5306.00  2.118240E+00
      5308.00  2.052770E+00
      5310.00  2.110620E+00
      5312.00  2.081140E+00
      5314.00  2.113160E+00
      5316.00  2.198870E+00
      5318.00  2.091240E+00
      5320.00  2.160820E+00
      5322.00  2.278020E+00
      5324.00  2.297950E+00
      5326.00  2.177740E+00
      5328.00  2.233740E+00
      5330.00  2.235500E+00
      5332.00  2.239650E+00
      5334.00  2.327980E+00
      5336.00  2.278620E+00
      5338.00  2.255750E+00
      5340.00  2.363340E+00
      5342.00  2.426600E+00
      5344.00  2.309780E+00
      5346.00  2.312990E+00
      5348.00  2.341400E+00
      5350.00  2.385050E+00
      5352.00  2.302570E+00
      5354.00  2.301340E+00
      5356.00  2.309780E+00
      5358.00  2.323510E+00
      5360.00  2.294210E+00
      5362.00  2.277860E+00
      5364.00  2.231640E+00
      5366.00  2.289780E+00
      5368.00  2.341430E+00
      5370.00  2.397680E+00
      5372.00  2.360680E+00
      5374.00  2.388090E+00
      5376.00  2.430400E+00
      5378.00  2.431800E+00
      5380.00  2.471100E+00
      5382.00  2.497510E+00
      5384.00  2.509860E+00
      5386.00  2.509730E+00
      5388.00  2.453750E+00
      5390.00  2.539350E+00
      5392.00  2.394450E+00
      5394.00  2.449330E+00
      5396.00  2.436440E+00
      5398.00  2.523830E+00
      5400.00  2.506930E+00
      5402.00  2.440930E+00
      5404.00  2.532750E+00
      5406.00  2.535900E+00
      5408.00  2.457590E+00
      5410.00  2.533930E+00
      5412.00  2.570850E+00
      5414.00  2.521410E+00
      5416.00  2.574990E+00
      5418.00  2.570360E+00
      5420.00  2.579220E+00
      5422.00  2.648280E+00
      5424.00  2.551700E+00
      5426.00  2.603710E+00
      5428.00  2.586480E+00
      5430.00  2.632470E+00
      5432.00  2.659410E+00
      5434.00  2.757970E+00
      5436.00  2.737390E+00
      5438.00  2.753460E+00
      5440.00  2.828140E+00
      5442.00  2.766090E+00
      5444.00  2.762700E+00
      5446.00  2.771470E+00
      5448.00  2.802100E+00
      5450.00  2.774900E+00
      5452.00  2.787310E+00
      5454.00  2.878550E+00
      5456.00  2.809180E+00
      5458.00  2.923290E+00
      5460.00  2.932820E+00
      5462.00  2.867530E+00
      5464.00  2.865800E+00
      5466.00  2.895670E+00
      5468.00  2.879100E+00
      5470.00  2.961880E+00
      5472.00  2.894500E+00
      5474.00  2.907760E+00
      5476.00  2.939570E+00
      5478.00  2.856600E+00
      5480.00  2.945730E+00
      5482.00  2.959320E+00
      5484.00  2.888470E+00
      5486.00  2.914490E+00
      5488.00  2.945520E+00
      5490.00  2.919370E+00
      5492.00  2.935380E+00
      5494.00  2.956860E+00
      5496.00  2.978560E+00
      5498.00  3.003870E+00
      5500.00  3.026320E+00
      5502.00  3.030090E+00
      5504.00  3.015040E+00
      5506.00  3.015260E+00
      5508.00  3.017260E+00
      5510.00  3.029330E+00
      5512.00  3.054590E+00
      5514.00  3.085020E+00
      5516.00  3.114030E+00
      5518.00  3.146450E+00
      5520.00  3.165790E+00
      5522.00  3.158610E+00
      5524.00  3.183910E+00
      5526.00  3.251330E+00
      5528.00  3.315030E+00
      5530.00  3.345710E+00
      5532.00  3.358270E+00
      5534.00  3.358860E+00
      5536.00  3.336800E+00
      5538.00  3.319940E+00
      5540.00  3.294270E+00
      5542.00  3.279020E+00
      5544.00  3.292020E+00
      5546.00  3.317260E+00
      5548.00  3.298360E+00
      5550.00  3.244310E+00
      5552.00  3.194410E+00
      5554.00  3.133660E+00
      5556.00  3.071350E+00
      5558.00  3.006370E+00
      5560.00  2.941650E+00
      5562.00  2.888200E+00
      5564.00  2.838790E+00
      5566.00  2.806050E+00
      5568.00  2.804800E+00
      5570.00  2.780630E+00
      5572.00  2.722670E+00
      5574.00  2.655080E+00
      5576.00  2.604010E+00
      5578.00  2.560310E+00
      5580.00  2.511810E+00
      5582.00  2.450470E+00
      5584.00  2.412740E+00
      5586.00  2.398910E+00
      5588.00  2.398640E+00
      5590.00  2.408780E+00
      5592.00  2.433470E+00
      5594.00  2.437210E+00
      5596.00  2.427500E+00
      5598.00  2.418380E+00
      5600.00  2.403630E+00
      5602.00  2.391730E+00
      5604.00  2.389970E+00
      5606.00  2.393890E+00
      5608.00  2.386600E+00
      5610.00  2.365870E+00
      5612.00  2.358910E+00
      5614.00  2.367910E+00
      5616.00  2.367930E+00
      5618.00  2.347510E+00
      5620.00  2.317640E+00
      5622.00  2.298910E+00
      5624.00  2.281620E+00
      5626.00  2.273130E+00
      5628.00  2.280860E+00
      5630.00  2.277630E+00
      5632.00  2.253230E+00
      5634.00  2.224320E+00
      5636.00  2.215140E+00
      5638.00  2.215450E+00
      5640.00  2.227620E+00
      5642.00  2.254300E+00
      5644.00  2.285400E+00
      5646.00  2.324750E+00
      5648.00  2.365790E+00
      5650.00  2.398730E+00
      5652.00  2.426240E+00
      5654.00  2.461810E+00
      5656.00  2.499040E+00
      5658.00  2.544120E+00
      5660.00  2.604630E+00
      5662.00  2.660520E+00
      5664.00  2.695510E+00
      5666.00  2.717180E+00
      5668.00  2.745170E+00
      5670.00  2.771030E+00
      5672.00  2.800360E+00
      5674.00  2.842220E+00
      5676.00  2.870200E+00
      5678.00  2.865640E+00
      5680.00  2.843250E+00
      5682.00  2.848220E+00
      5684.00  2.876640E+00
      5686.00  2.886530E+00
      5688.00  2.901000E+00
      5690.00  2.890210E+00
      5692.00  2.834560E+00
      5694.00  2.760370E+00
      5696.00  2.724290E+00
      5698.00  2.714700E+00
      5700.00  2.688710E+00
      5702.00  2.665450E+00
      5704.00  2.627570E+00
      5706.00  2.558650E+00
      5708.00  2.490870E+00
      5710.00  2.475880E+00
      5712.00  2.509420E+00
      5714.00  2.488170E+00
      5716.00  2.439710E+00
      5718.00  2.380400E+00
      5720.00  2.297850E+00
      5722.00  2.215540E+00
      5724.00  2.159340E+00
      5726.00  2.119580E+00
      5728.00  2.067810E+00
      5730.00  2.008450E+00
      5732.00  1.957580E+00
      5734.00  1.912170E+00
      5736.00  1.872210E+00
      5738.00  1.842950E+00
      5740.00  1.821090E+00
      5742.00  1.772080E+00
      5744.00  1.697780E+00
      5746.00  1.632100E+00
      5748.00  1.561200E+00
      5750.00  1.498590E+00
      5752.00  1.451910E+00
      5754.00  1.413920E+00
      5756.00  1.368730E+00
      5758.00  1.326120E+00
      5760.00  1.271980E+00
      5762.00  1.202810E+00
      5764.00  1.140300E+00
      5766.00  1.086950E+00
      5768.00  1.039990E+00
      5770.00  1.001310E+00
      5772.00  9.738990E-01
      5774.00  9.398940E-01
      5776.00  9.032650E-01
      5778.00  8.687370E-01
      5780.00  8.333680E-01
      5782.00  8.026580E-01
      5784.00  7.855280E-01
      5786.00  7.809800E-01
      5788.00  7.671280E-01
      5790.00  7.416610E-01
      5792.00  7.337790E-01
      5794.00  7.465990E-01
      5796.00  7.629680E-01
      5798.00  7.691040E-01
      5800.00  7.709570E-01
      5802.00  7.890510E-01
      5804.00  8.230020E-01
      5806.00  8.514580E-01
      5808.00  8.779040E-01
      5810.00  9.054440E-01
      5812.00  9.324450E-01
      5814.00  9.608640E-01
      5816.00  1.007100E+00
      5818.00  1.090490E+00
      5820.00  1.126270E+00
      5822.00  1.106290E+00
      5824.00  1.118080E+00
      5826.00  1.197480E+00
      5828.00  1.303850E+00
      5830.00  1.367400E+00
      5832.00  1.404970E+00
      5834.00  1.456690E+00
      5836.00  1.511730E+00
      5838.00  1.566050E+00
      5840.00  1.615380E+00
      5842.00  1.667850E+00
      5844.00  1.736620E+00
      5846.00  1.819060E+00
      5848.00  1.899170E+00
      5850.00  1.992300E+00
      5852.00  2.067440E+00
      5854.00  2.115600E+00
      5856.00  2.163170E+00
      5858.00  2.235200E+00
      5860.00  2.321920E+00
      5862.00  2.404720E+00
      5864.00  2.496190E+00
      5866.00  2.576080E+00
      5868.00  2.637830E+00
      5870.00  2.706190E+00
      5872.00  2.798540E+00
      5874.00  2.905590E+00
      5876.00  3.003970E+00
      5878.00  3.106580E+00
      5880.00  3.197850E+00
      5882.00  3.282380E+00
      5884.00  3.358320E+00
      5886.00  3.420250E+00
      5888.00  3.474410E+00
      5890.00  3.544880E+00
      5892.00  3.615110E+00
      5894.00  3.712360E+00
      5896.00  3.850470E+00
      5898.00  3.968150E+00
      5900.00  4.050690E+00
      5902.00  4.117340E+00
      5904.00  4.188550E+00
      5906.00  4.256830E+00
      5908.00  4.319280E+00
      5910.00  4.379980E+00
      5912.00  4.429610E+00
      5914.00  4.465940E+00
      5916.00  4.494420E+00
      5918.00  4.519780E+00
      5920.00  4.537810E+00
      5922.00  4.563760E+00
      5924.00  4.606260E+00
      5926.00  4.623520E+00
      5928.00  4.614090E+00
      5930.00  4.594470E+00
      5932.00  4.577610E+00
      5934.00  4.558240E+00
      5936.00  4.516570E+00
      5938.00  4.441040E+00
      5940.00  4.390370E+00
      5942.00  4.358480E+00
      5944.00  4.329260E+00
      5946.00  4.293600E+00
      5948.00  4.257580E+00
      5950.00  4.236990E+00
      5952.00  4.248270E+00
      5954.00  4.217630E+00
      5956.00  4.151790E+00
      5958.00  4.087840E+00
      5960.00  4.032710E+00
      5962.00  3.982320E+00
      5964.00  3.947030E+00
      5966.00  3.934760E+00
      5968.00  3.898810E+00
      5970.00  3.847820E+00
      5972.00  3.797640E+00
      5974.00  3.745680E+00
      5976.00  3.696940E+00
      5978.00  3.665470E+00
      5980.00  3.652050E+00
      5982.00  3.621340E+00
      5984.00  3.581330E+00
      5986.00  3.541580E+00
      5988.00  3.499410E+00
      5990.00  3.458750E+00
      5992.00  3.424320E+00
      5994.00  3.393560E+00
      5996.00  3.370400E+00
      5998.00  3.363260E+00
      6000.00  3.341600E+00
      6002.00  3.304020E+00
      6004.00  3.266470E+00
      6006.00  3.243290E+00
      6008.00  3.227400E+00
      6010.00  3.177910E+00
      6012.00  3.086270E+00
      6014.00  3.026830E+00
      6016.00  2.982350E+00
      6018.00  2.950710E+00
      6020.00  2.936020E+00
      6022.00  2.933400E+00
      6024.00  2.919840E+00
      6026.00  2.908570E+00
      6028.00  2.882970E+00
      6030.00  2.844070E+00
      6032.00  2.802680E+00
      6034.00  2.757290E+00
      6036.00  2.711550E+00
      6038.00  2.678820E+00
      6040.00  2.658090E+00
      6042.00  2.630470E+00
      6044.00  2.599960E+00
      6046.00  2.571940E+00
      6048.00  2.546430E+00
      6050.00  2.522960E+00
      6052.00  2.501360E+00
      6054.00  2.480750E+00
      6056.00  2.467390E+00
      6058.00  2.468230E+00
      6060.00  2.455800E+00
      6062.00  2.427810E+00
      6064.00  2.397430E+00
      6066.00  2.374750E+00
      6068.00  2.355400E+00
      6070.00  2.332050E+00
      6072.00  2.296450E+00
      6074.00  2.282890E+00
      6076.00  2.295340E+00
      6078.00  2.306400E+00
      6080.00  2.302100E+00
      6082.00  2.290580E+00
      6084.00  2.277380E+00
      6086.00  2.255130E+00
      6088.00  2.241820E+00
      6090.00  2.236520E+00
      6092.00  2.228690E+00
      6094.00  2.213940E+00
      6096.00  2.196610E+00
      6098.00  2.184470E+00
      6100.00  2.181050E+00
      6102.00  2.161560E+00
      6104.00  2.129120E+00
      6106.00  2.096140E+00
      6108.00  2.058980E+00
      6110.00  2.024670E+00
      6112.00  2.009340E+00
      6114.00  2.006850E+00
      6116.00  2.015020E+00
      6118.00  2.038710E+00
      6120.00  2.065410E+00
      6122.00  2.099010E+00
      6124.00  2.133360E+00
      6126.00  2.160170E+00
      6128.00  2.182810E+00
      6130.00  2.204270E+00
      6132.00  2.221110E+00
      6134.00  2.241020E+00
      6136.00  2.258920E+00
      6138.00  2.283900E+00
      6140.00  2.325670E+00
      6142.00  2.379800E+00
      6144.00  2.419830E+00
      6146.00  2.457260E+00
      6148.00  2.484310E+00
      6150.00  2.498410E+00
      6152.00  2.510910E+00
      6154.00  2.523210E+00
      6156.00  2.535820E+00
      6158.00  2.565360E+00
      6160.00  2.626030E+00
      6162.00  2.648960E+00
      6164.00  2.649800E+00
      6166.00  2.641550E+00
      6168.00  2.621440E+00
      6170.00  2.595560E+00
      6172.00  2.585020E+00
      6174.00  2.584000E+00
      6176.00  2.582160E+00
      6178.00  2.583900E+00
      6180.00  2.585690E+00
      6182.00  2.588860E+00
      6184.00  2.590990E+00
      6186.00  2.587740E+00
      6188.00  2.580290E+00
      6190.00  2.572670E+00
      6192.00  2.562070E+00
      6194.00  2.553170E+00
      6196.00  2.543140E+00
      6198.00  2.537070E+00
      6200.00  2.540790E+00
      6202.00  2.552300E+00
      6204.00  2.561460E+00
      6206.00  2.572830E+00
      6208.00  2.582710E+00
      6210.00  2.596310E+00
      6212.00  2.602590E+00
      6214.00  2.591030E+00
      6216.00  2.568240E+00
      6218.00  2.565440E+00
      6220.00  2.577970E+00
      6222.00  2.584730E+00
      6224.00  2.588470E+00
      6226.00  2.596720E+00
      6228.00  2.612540E+00
      6230.00  2.633130E+00
      6232.00  2.653820E+00
      6234.00  2.673950E+00
      6236.00  2.702540E+00
      6238.00  2.741110E+00
      6240.00  2.777720E+00
      6242.00  2.817030E+00
      6244.00  2.850070E+00
      6246.00  2.852720E+00
      6248.00  2.818400E+00
      6250.00  2.827960E+00
      6252.00  2.871620E+00
      6254.00  2.903210E+00
      6256.00  2.921490E+00
      6258.00  2.935700E+00
      6260.00  2.952540E+00
      6262.00  2.971390E+00
      6264.00  2.973360E+00
      6266.00  2.944590E+00
      6268.00  2.947420E+00
      6270.00  2.991790E+00
      6272.00  3.031730E+00
      6274.00  3.035360E+00
      6276.00  3.018230E+00
      6278.00  2.996440E+00
      6280.00  2.947820E+00
      6282.00  2.926380E+00
      6284.00  2.926200E+00
      6286.00  2.930940E+00
      6288.00  2.936240E+00
      6290.00  2.944030E+00
      6292.00  2.943700E+00
      6294.00  2.936560E+00
      6296.00  2.931170E+00
      6298.00  2.920830E+00
      6300.00  2.917070E+00
      6302.00  2.931320E+00
      6304.00  2.947430E+00
      6306.00  2.926230E+00
      6308.00  2.865310E+00
      6310.00  2.837880E+00
      6312.00  2.826250E+00
      6314.00  2.816750E+00
      6316.00  2.810400E+00
      6318.00  2.805640E+00
      6320.00  2.797790E+00
      6322.00  2.789780E+00
      6324.00  2.775910E+00
      6326.00  2.753490E+00
      6328.00  2.736210E+00
      6330.00  2.725280E+00
      6332.00  2.714720E+00
      6334.00  2.700690E+00
      6336.00  2.685660E+00
      6338.00  2.661750E+00
      6340.00  2.625210E+00
      6342.00  2.596270E+00
      6344.00  2.574230E+00
      6346.00  2.551500E+00
      6348.00  2.523490E+00
      6350.00  2.492780E+00
      6352.00  2.465290E+00
      6354.00  2.447610E+00
      6356.00  2.411130E+00
      6358.00  2.360570E+00
      6360.00  2.302870E+00
      6362.00  2.235240E+00
      6364.00  2.162470E+00
      6366.00  2.108960E+00
      6368.00  2.070980E+00
      6370.00  2.029080E+00
      6372.00  1.987590E+00
      6374.00  1.950680E+00
      6376.00  1.922060E+00
      6378.00  1.895580E+00
      6380.00  1.858960E+00
      6382.00  1.811610E+00
      6384.00  1.779760E+00
      6386.00  1.757810E+00
      6388.00  1.738130E+00
      6390.00  1.724710E+00
      6392.00  1.710250E+00
      6394.00  1.685030E+00
      6396.00  1.653680E+00
      6398.00  1.613380E+00
      6400.00  1.551270E+00
      6402.00  1.509960E+00
      6404.00  1.497530E+00
      6406.00  1.480810E+00
      6408.00  1.431960E+00
      6410.00  1.362880E+00
      6412.00  1.317390E+00
      6414.00  1.276000E+00
      6416.00  1.253460E+00
      6418.00  1.258130E+00
      6420.00  1.260570E+00
      6422.00  1.244380E+00
      6424.00  1.220610E+00
      6426.00  1.210470E+00
      6428.00  1.216720E+00
      6430.00  1.204520E+00
      6432.00  1.171420E+00
      6434.00  1.150890E+00
      6436.00  1.151290E+00
      6438.00  1.165140E+00
      6440.00  1.189940E+00
      6442.00  1.237400E+00
      6444.00  1.263980E+00
      6446.00  1.274880E+00
      6448.00  1.293300E+00
      6450.00  1.316700E+00
      6452.00  1.349720E+00
      6454.00  1.405870E+00
      6456.00  1.482920E+00
      6458.00  1.561840E+00
      6460.00  1.652270E+00
      6462.00  1.743350E+00
      6464.00  1.823080E+00
      6466.00  1.920020E+00
      6468.00  2.064110E+00
      6470.00  2.244340E+00
      6472.00  2.431580E+00
      6474.00  2.642040E+00
      6476.00  2.855040E+00
      6478.00  3.068460E+00
      6480.00  3.296470E+00
      6482.00  3.547410E+00
      6484.00  3.816830E+00
      6486.00  4.101500E+00
      6488.00  4.408430E+00
      6490.00  4.718260E+00
      6492.00  5.039280E+00
      6494.00  5.362420E+00
      6496.00  5.689970E+00
      6498.00  6.017350E+00
      6500.00  6.316210E+00
      6502.00  6.606400E+00
      6504.00  6.854600E+00
      6506.00  7.054700E+00
      6508.00  7.251420E+00
      6510.00  7.449240E+00
      6512.00  7.644740E+00
      6514.00  7.846240E+00
      6516.00  8.049890E+00
      6518.00  8.258290E+00
      6520.00  8.484350E+00
      6522.00  8.687760E+00
      6524.00  8.862840E+00
      6526.00  9.025000E+00
      6528.00  9.188880E+00
      6530.00  9.349090E+00
      6532.00  9.499000E+00
      6534.00  9.632780E+00
      6536.00  9.775000E+00
      6538.00  9.931780E+00
      6540.00  1.008140E+01
      6542.00  1.020890E+01
      6544.00  1.032200E+01
      6546.00  1.041160E+01
      6548.00  1.045550E+01
      6550.00  1.053500E+01
      6552.00  1.065560E+01
      6554.00  1.075980E+01
      6556.00  1.080550E+01
      6558.00  1.082190E+01
      6560.00  1.091080E+01
      6562.00  1.107170E+01
      6564.00  1.118520E+01
      6566.00  1.129500E+01
      6568.00  1.137240E+01
      6570.00  1.140800E+01
      6572.00  1.141030E+01
      6574.00  1.138670E+01
      6576.00  1.131540E+01
      6578.00  1.127080E+01
      6580.00  1.123220E+01
      6582.00  1.119400E+01
      6584.00  1.115290E+01
      6586.00  1.111500E+01
      6588.00  1.109010E+01
      6590.00  1.107630E+01
      6592.00  1.106220E+01
      6594.00  1.106330E+01
      6596.00  1.104400E+01
      6598.00  1.099990E+01
      6600.00  1.094710E+01
      6602.00  1.089520E+01
      6604.00  1.083460E+01
      6606.00  1.081460E+01
      6608.00  1.084870E+01
      6610.00  1.084340E+01
      6612.00  1.081760E+01
      6614.00  1.076480E+01
      6616.00  1.067610E+01
      6618.00  1.055600E+01
      6620.00  1.041890E+01
      6622.00  1.023920E+01
      6624.00  1.008460E+01
      6626.00  9.935960E+00
      6628.00  9.800420E+00
      6630.00  9.686360E+00
      6632.00  9.585670E+00
      6634.00  9.470350E+00
      6636.00  9.352070E+00
      6638.00  9.225970E+00
      6640.00  9.085140E+00
      6642.00  8.952720E+00
      6644.00  8.837350E+00
      6646.00  8.727360E+00
      6648.00  8.605940E+00
      6650.00  8.489790E+00
      6652.00  8.334050E+00
      6654.00  8.126400E+00
      6656.00  7.943340E+00
      6658.00  7.792050E+00
      6660.00  7.652580E+00
      6662.00  7.508160E+00
      6664.00  7.362260E+00
      6666.00  7.239390E+00
      6668.00  7.154340E+00
      6670.00  7.037570E+00
      6672.00  6.889420E+00
      6674.00  6.729220E+00
      6676.00  6.564670E+00
      6678.00  6.389420E+00
      6680.00  6.244540E+00
      6682.00  6.131730E+00
      6684.00  6.001220E+00
      6686.00  5.853430E+00
      6688.00  5.712650E+00
      6690.00  5.594410E+00
      6692.00  5.488890E+00
      6694.00  5.367880E+00
      6696.00  5.220340E+00
      6698.00  5.116380E+00
      6700.00  5.052080E+00
      6702.00  4.987160E+00
      6704.00  4.913190E+00
      6706.00  4.835080E+00
      6708.00  4.741610E+00
      6710.00  4.625170E+00
      6712.00  4.531110E+00
      6714.00  4.445740E+00
      6716.00  4.369030E+00
      6718.00  4.305870E+00
      6720.00  4.247400E+00
      6722.00  4.176600E+00
      6724.00  4.096770E+00
      6726.00  4.026610E+00
      6728.00  3.959530E+00
      6730.00  3.897610E+00
      6732.00  3.843080E+00
      6734.00  3.790830E+00
      6736.00  3.735260E+00
      6738.00  3.678660E+00
      6740.00  3.622860E+00
      6742.00  3.570720E+00
      6744.00  3.511400E+00
      6746.00  3.440600E+00
      6748.00  3.372700E+00
      6750.00  3.316530E+00
      6752.00  3.267480E+00
      6754.00  3.229320E+00
      6756.00  3.212300E+00
      6758.00  3.178790E+00
      6760.00  3.133330E+00
      6762.00  3.087000E+00
      6764.00  3.044250E+00
      6766.00  3.002030E+00
      6768.00  2.957380E+00
      6770.00  2.903490E+00
      6772.00  2.867140E+00
      6774.00  2.843430E+00
      6776.00  2.824020E+00
      6778.00  2.807520E+00
      6780.00  2.795120E+00
      6782.00  2.787080E+00
      6784.00  2.791010E+00
      6786.00  2.773750E+00
      6788.00  2.738440E+00
      6790.00  2.705620E+00
      6792.00  2.673310E+00
      6794.00  2.644370E+00
      6796.00  2.628150E+00
      6798.00  2.624940E+00
      6800.00  2.608240E+00
      6802.00  2.580440E+00
      6804.00  2.560130E+00
      6806.00  2.544890E+00
      6808.00  2.535220E+00
      6810.00  2.536600E+00
      6812.00  2.549330E+00
      6814.00  2.535060E+00
      6816.00  2.499850E+00
      6818.00  2.465400E+00
      6820.00  2.419410E+00
      6822.00  2.381710E+00
      6824.00  2.366180E+00
      6826.00  2.364670E+00
      6828.00  2.358380E+00
      6830.00  2.354570E+00
      6832.00  2.351180E+00
      6834.00  2.357000E+00
      6836.00  2.350110E+00
      6838.00  2.317170E+00
      6840.00  2.272110E+00
      6842.00  2.248350E+00
      6844.00  2.238140E+00
      6846.00  2.223660E+00
      6848.00  2.209170E+00
      6850.00  2.197760E+00
      6852.00  2.190750E+00
      6854.00  2.185990E+00
      6856.00  2.180690E+00
      6858.00  2.178220E+00
      6860.00  2.167410E+00
      6862.00  2.149080E+00
      6864.00  2.131180E+00
      6866.00  2.109250E+00
      6868.00  2.091480E+00
      6870.00  2.091170E+00
      6872.00  2.107110E+00
      6874.00  2.101570E+00
      6876.00  2.077400E+00
      6878.00  2.064110E+00
      6880.00  2.061480E+00
      6882.00  2.059330E+00
      6884.00  2.052820E+00
      6886.00  2.044690E+00
      6888.00  2.025580E+00
      6890.00  1.989460E+00
      6892.00  1.966280E+00
      6894.00  1.949970E+00
      6896.00  1.938620E+00
      6898.00  1.933300E+00
      6900.00  1.932710E+00
      6902.00  1.927940E+00
      6904.00  1.921330E+00
      6906.00  1.915890E+00
      6908.00  1.911550E+00
      6910.00  1.906110E+00
      6912.00  1.899360E+00
      6914.00  1.891320E+00
      6916.00  1.880890E+00
      6918.00  1.866540E+00
      6920.00  1.856400E+00
      6922.00  1.845690E+00
      6924.00  1.841040E+00
      6926.00  1.845930E+00
      6928.00  1.853500E+00
      6930.00  1.853440E+00
      6932.00  1.846860E+00
      6934.00  1.852710E+00
      6936.00  1.872310E+00
      6938.00  1.883280E+00
      6940.00  1.883230E+00
      6942.00  1.882830E+00
      6944.00  1.890740E+00
      6946.00  1.903270E+00
      6948.00  1.916350E+00
      6950.00  1.941400E+00
      6952.00  1.946490E+00
      6954.00  1.929040E+00
      6956.00  1.910050E+00
      6958.00  1.898160E+00
      6960.00  1.888890E+00
      6962.00  1.899770E+00
      6964.00  1.936000E+00
      6966.00  1.960130E+00
      6968.00  1.984920E+00
      6970.00  2.002060E+00
      6972.00  2.004340E+00
      6974.00  1.999370E+00
      6976.00  2.009520E+00
      6978.00  2.038150E+00
      6980.00  2.042790E+00
      6982.00  2.027300E+00
      6984.00  2.016570E+00
      6986.00  2.011420E+00
      6988.00  2.012280E+00
      6990.00  2.029940E+00
      6992.00  2.071220E+00
      6994.00  2.083110E+00
      6996.00  2.069120E+00
      6998.00  2.067720E+00
      7000.00  2.083820E+00
      7002.00  2.102690E+00
      7004.00  2.110660E+00
      7006.00  2.112710E+00
      7008.00  2.116330E+00
      7010.00  2.111530E+00
      7012.00  2.121710E+00
      7014.00  2.151920E+00
      7016.00  2.182550E+00
      7018.00  2.197500E+00
      7020.00  2.203780E+00
      7022.00  2.223030E+00
      7024.00  2.258450E+00
      7026.00  2.275900E+00
      7028.00  2.281610E+00
      7030.00  2.278840E+00
      7032.00  2.264510E+00
      7034.00  2.241910E+00
      7036.00  2.235530E+00
      7038.00  2.243300E+00
      7040.00  2.242550E+00
      7042.00  2.236640E+00
      7044.00  2.233910E+00
      7046.00  2.238220E+00
      7048.00  2.245020E+00
      7050.00  2.245420E+00
      7052.00  2.238670E+00
      7054.00  2.241580E+00
      7056.00  2.254390E+00
      7058.00  2.261720E+00
      7060.00  2.260860E+00
      7062.00  2.257040E+00
      7064.00  2.255310E+00
      7066.00  2.253090E+00
      7068.00  2.253100E+00
      7070.00  2.252610E+00
      7072.00  2.257290E+00
      7074.00  2.269280E+00
      7076.00  2.282700E+00
      7078.00  2.294940E+00
      7080.00  2.310110E+00
      7082.00  2.297620E+00
      7084.00  2.249720E+00
      7086.00  2.222900E+00
      7088.00  2.208860E+00
      7090.00  2.203110E+00
      7092.00  2.208490E+00
      7094.00  2.223490E+00
      7096.00  2.219460E+00
      7098.00  2.202600E+00
      7100.00  2.185360E+00
      7102.00  2.160330E+00
      7104.00  2.138770E+00
      7106.00  2.125890E+00
      7108.00  2.117500E+00
      7110.00  2.107000E+00
      7112.00  2.096480E+00
      7114.00  2.087130E+00
      7116.00  2.079030E+00
      7118.00  2.070960E+00
      7120.00  2.061720E+00
      7122.00  2.053220E+00
      7124.00  2.049220E+00
      7126.00  2.047960E+00
      7128.00  2.050700E+00
      7130.00  2.060830E+00
      7132.00  2.067260E+00
      7134.00  2.070160E+00
      7136.00  2.070270E+00
      7138.00  2.065790E+00
      7140.00  2.054920E+00
      7142.00  2.055660E+00
      7144.00  2.065680E+00
      7146.00  2.074210E+00
      7148.00  2.080820E+00
      7150.00  2.089830E+00
      7152.00  2.106140E+00
      7154.00  2.128410E+00
      7156.00  2.137310E+00
      7158.00  2.135720E+00
      7160.00  2.135410E+00
      7162.00  2.131440E+00
      7164.00  2.129920E+00
      7166.00  2.134690E+00
      7168.00  2.143290E+00
      7170.00  2.151050E+00
      7172.00  2.156150E+00
      7174.00  2.170240E+00
      7176.00  2.195670E+00
      7178.00  2.217420E+00
      7180.00  2.228690E+00
      7182.00  2.236860E+00
      7184.00  2.255730E+00
      7186.00  2.281140E+00
      7188.00  2.308830E+00
      7190.00  2.346330E+00
      7192.00  2.375820E+00
      7194.00  2.393180E+00
      7196.00  2.405770E+00
      7198.00  2.421970E+00
      7200.00  2.437820E+00
      7202.00  2.456150E+00
      7204.00  2.480390E+00
      7206.00  2.497540E+00
      7208.00  2.504250E+00
      7210.00  2.510220E+00
      7212.00  2.524570E+00
      7214.00  2.543450E+00
      7216.00  2.564120E+00
      7218.00  2.589580E+00
      7220.00  2.613210E+00
      7222.00  2.635600E+00
      7224.00  2.658060E+00
      7226.00  2.681790E+00
      7228.00  2.706210E+00
      7230.00  2.726780E+00
      7232.00  2.741310E+00
      7234.00  2.762130E+00
      7236.00  2.792280E+00
      7238.00  2.816100E+00
      7240.00  2.827410E+00
      7242.00  2.830500E+00
      7244.00  2.828240E+00
      7246.00  2.808970E+00
      7248.00  2.809470E+00
      7250.00  2.824700E+00
      7252.00  2.838360E+00
      7254.00  2.845630E+00
      7256.00  2.852620E+00
      7258.00  2.867170E+00
      7260.00  2.885910E+00
      7262.00  2.910100E+00
      7264.00  2.945230E+00
      7266.00  2.974070E+00
      7268.00  2.995460E+00
      7270.00  3.012980E+00
      7272.00  3.028120E+00
      7274.00  3.038540E+00
      7276.00  3.055470E+00
      7278.00  3.071920E+00
      7280.00  3.098240E+00
      7282.00  3.133570E+00
      7284.00  3.176860E+00
      7286.00  3.232980E+00
      7288.00  3.302850E+00
      7290.00  3.336380E+00
      7292.00  3.344040E+00
      7294.00  3.346300E+00
      7296.00  3.326230E+00
      7298.00  3.315540E+00
      7300.00  3.334530E+00
      7302.00  3.370780E+00
      7304.00  3.398760E+00
      7306.00  3.428020E+00
      7308.00  3.456930E+00
      7310.00  3.494440E+00
      7312.00  3.517750E+00
      7314.00  3.515910E+00
      7316.00  3.500240E+00
      7318.00  3.492700E+00
      7320.00  3.482320E+00
      7322.00  3.479340E+00
      7324.00  3.487380E+00
      7326.00  3.487380E+00
      7328.00  3.476620E+00
      7330.00  3.459340E+00
      7332.00  3.438030E+00
      7334.00  3.410890E+00
      7336.00  3.381970E+00
      7338.00  3.345480E+00
      7340.00  3.314920E+00
      7342.00  3.296800E+00
      7344.00  3.275070E+00
      7346.00  3.233010E+00
      7348.00  3.177490E+00
      7350.00  3.113970E+00
      7352.00  3.020700E+00
      7354.00  2.960050E+00
      7356.00  2.927530E+00
      7358.00  2.909690E+00
      7360.00  2.904070E+00
      7362.00  2.912690E+00
      7364.00  2.901280E+00
      7366.00  2.872170E+00
      7368.00  2.856240E+00
      7370.00  2.848480E+00
      7372.00  2.843090E+00
      7374.00  2.842600E+00
      7376.00  2.843310E+00
      7378.00  2.819760E+00
      7380.00  2.762750E+00
      7382.00  2.734960E+00
      7384.00  2.728340E+00
      7386.00  2.714050E+00
      7388.00  2.682900E+00
      7390.00  2.645920E+00
      7392.00  2.617660E+00
      7394.00  2.589560E+00
      7396.00  2.574090E+00
      7398.00  2.578250E+00
      7400.00  2.570570E+00
      7402.00  2.547250E+00
      7404.00  2.517310E+00
      7406.00  2.487300E+00
      7408.00  2.451680E+00
      7410.00  2.427700E+00
      7412.00  2.409820E+00
      7414.00  2.398060E+00
      7416.00  2.394680E+00
      7418.00  2.394630E+00
      7420.00  2.394260E+00
      7422.00  2.395950E+00
      7424.00  2.391050E+00
      7426.00  2.381740E+00
      7428.00  2.370300E+00
      7430.00  2.356120E+00
      7432.00  2.339600E+00
      7434.00  2.321840E+00
      7436.00  2.302090E+00
      7438.00  2.274530E+00
      7440.00  2.228550E+00
      7442.00  2.206110E+00
      7444.00  2.198880E+00
      7446.00  2.199650E+00
      7448.00  2.210910E+00
      7450.00  2.228110E+00
      7452.00  2.229630E+00
      7454.00  2.220700E+00
      7456.00  2.212020E+00
      7458.00  2.197640E+00
      7460.00  2.185280E+00
      7462.00  2.179380E+00
      7464.00  2.172470E+00
      7466.00  2.151610E+00
      7468.00  2.118820E+00
      7470.00  2.089830E+00
      7472.00  2.050570E+00
      7474.00  2.028230E+00
      7476.00  2.027180E+00
      7478.00  2.034390E+00
      7480.00  2.039630E+00
      7482.00  2.050420E+00
      7484.00  2.042770E+00
      7486.00  2.019360E+00
      7488.00  1.996220E+00
      7490.00  1.969280E+00
      7492.00  1.942280E+00
      7494.00  1.918920E+00
      7496.00  1.897430E+00
      7498.00  1.875010E+00
      7500.00  1.849950E+00
      7502.00  1.830880E+00
      7504.00  1.820630E+00
      7506.00  1.806980E+00
      7508.00  1.781150E+00
      7510.00  1.750070E+00
      7512.00  1.735760E+00
      7514.00  1.735770E+00
      7516.00  1.731530E+00
      7518.00  1.735520E+00
      7520.00  1.728370E+00
      7522.00  1.698960E+00
      7524.00  1.661780E+00
      7526.00  1.647020E+00
      7528.00  1.651970E+00
      7530.00  1.639430E+00
      7532.00  1.617660E+00
      7534.00  1.595710E+00
      7536.00  1.573120E+00
      7538.00  1.550510E+00
      7540.00  1.531200E+00
      7542.00  1.515630E+00
      7544.00  1.492990E+00
      7546.00  1.468300E+00
      7548.00  1.436830E+00
      7550.00  1.394240E+00
      7552.00  1.351260E+00
      7554.00  1.315490E+00
      7556.00  1.281390E+00
      7558.00  1.272150E+00
      7560.00  1.295470E+00
      7562.00  1.302460E+00
      7564.00  1.302750E+00
      7566.00  1.295280E+00
      7568.00  1.274130E+00
      7570.00  1.242850E+00
      7572.00  1.230350E+00
      7574.00  1.234580E+00
      7576.00  1.228840E+00
      7578.00  1.221860E+00
      7580.00  1.208690E+00
      7582.00  1.182970E+00
      7584.00  1.151850E+00
      7586.00  1.138470E+00
      7588.00  1.127450E+00
      7590.00  1.143370E+00
      7592.00  1.202510E+00
      7594.00  1.238580E+00
      7596.00  1.238260E+00
      7598.00  1.219560E+00
      7600.00  1.194700E+00
      7602.00  1.138380E+00
      7604.00  1.147810E+00
      7606.00  1.228910E+00
      7608.00  1.274690E+00
      7610.00  1.276110E+00
      7612.00  1.264460E+00
      7614.00  1.263430E+00
      7616.00  1.260840E+00
      7618.00  1.270290E+00
      7620.00  1.283060E+00
      7622.00  1.312470E+00
      7624.00  1.367700E+00
      7626.00  1.422980E+00
      7628.00  1.459610E+00
      7630.00  1.486870E+00
      7632.00  1.503960E+00
      7634.00  1.491320E+00
      7636.00  1.512960E+00
      7638.00  1.569270E+00
      7640.00  1.623680E+00
      7642.00  1.663300E+00
      7644.00  1.694920E+00
      7646.00  1.703120E+00
      7648.00  1.663580E+00
      7650.00  1.676510E+00
      7652.00  1.729560E+00
      7654.00  1.779140E+00
      7656.00  1.816980E+00
      7658.00  1.848860E+00
      7660.00  1.867420E+00
      7662.00  1.870510E+00
      7664.00  1.878210E+00
      7666.00  1.885920E+00
      7668.00  1.889280E+00
      7670.00  1.885100E+00
      7672.00  1.879440E+00
      7674.00  1.880570E+00
      7676.00  1.882690E+00
      7678.00  1.899190E+00
      7680.00  1.939520E+00
      7682.00  1.962330E+00
      7684.00  1.963700E+00
      7686.00  1.961070E+00
      7688.00  1.969980E+00
      7690.00  1.985210E+00
      7692.00  1.986630E+00
      7694.00  1.974780E+00
      7696.00  1.969030E+00
      7698.00  1.966350E+00
      7700.00  1.965670E+00
      7702.00  1.966340E+00
      7704.00  1.968700E+00
      7706.00  1.977310E+00
      7708.00  1.978640E+00
      7710.00  2.011920E+00
      7712.00  2.090800E+00
      7714.00  2.154050E+00
      7716.00  2.174570E+00
      7718.00  2.174120E+00
      7720.00  2.186080E+00
      7722.00  2.191910E+00
      7724.00  2.213650E+00
      7726.00  2.250160E+00
      7728.00  2.286310E+00
      7730.00  2.318740E+00
      7732.00  2.351700E+00
      7734.00  2.390810E+00
      7736.00  2.444820E+00
      7738.00  2.463360E+00
      7740.00  2.440760E+00
      7742.00  2.439600E+00
      7744.00  2.474730E+00
      7746.00  2.510090E+00
      7748.00  2.505170E+00
      7750.00  2.472010E+00
      7752.00  2.448830E+00
      7754.00  2.410640E+00
      7756.00  2.396360E+00
      7758.00  2.410000E+00
      7760.00  2.430210E+00
      7762.00  2.442000E+00
      7764.00  2.452630E+00
      7766.00  2.462760E+00
      7768.00  2.465820E+00
      7770.00  2.482220E+00
      7772.00  2.519680E+00
      7774.00  2.548010E+00
      7776.00  2.547170E+00
      7778.00  2.530590E+00
      7780.00  2.536190E+00
      7782.00  2.569920E+00
      7784.00  2.566640E+00
      7786.00  2.526700E+00
      7788.00  2.497730E+00
      7790.00  2.492830E+00
      7792.00  2.500800E+00
      7794.00  2.517060E+00
      7796.00  2.562570E+00
      7798.00  2.561860E+00
      7800.00  2.519470E+00
      7802.00  2.487800E+00
      7804.00  2.472920E+00
      7806.00  2.464420E+00
      7808.00  2.457380E+00
      7810.00  2.455940E+00
      7812.00  2.448680E+00
      7814.00  2.434030E+00
      7816.00  2.427540E+00
      7818.00  2.433400E+00
      7820.00  2.439650E+00
      7822.00  2.434610E+00
      7824.00  2.422730E+00
      7826.00  2.412000E+00
      7828.00  2.394720E+00
      7830.00  2.386790E+00
      7832.00  2.392940E+00
      7834.00  2.395330E+00
      7836.00  2.381910E+00
      7838.00  2.358850E+00
      7840.00  2.335620E+00
      7842.00  2.306500E+00
      7844.00  2.279490E+00
      7846.00  2.249760E+00
      7848.00  2.224820E+00
      7850.00  2.210730E+00
      7852.00  2.201910E+00
      7854.00  2.180660E+00
      7856.00  2.143030E+00
      7858.00  2.125230E+00
      7860.00  2.120040E+00
      7862.00  2.117690E+00
      7864.00  2.122390E+00
      7866.00  2.126150E+00
      7868.00  2.104600E+00
      7870.00  2.054810E+00
      7872.00  2.032220E+00
      7874.00  2.028060E+00
      7876.00  2.017940E+00
      7878.00  1.998390E+00
      7880.00  1.978090E+00
      7882.00  1.966640E+00
      7884.00  1.963520E+00
      7886.00  1.945090E+00
      7888.00  1.908610E+00
      7890.00  1.885810E+00
      7892.00  1.872230E+00
      7894.00  1.868880E+00
      7896.00  1.882880E+00
      7898.00  1.913600E+00
      7900.00  1.918830E+00
      7902.00  1.916110E+00
      7904.00  1.894780E+00
      7906.00  1.834490E+00
      7908.00  1.791290E+00
      7910.00  1.801290E+00
      7912.00  1.842210E+00
      7914.00  1.861850E+00
      7916.00  1.888340E+00
      7918.00  1.889730E+00
      7920.00  1.858950E+00
      7922.00  1.837970E+00
      7924.00  1.841360E+00
      7926.00  1.856070E+00
      7928.00  1.867770E+00
      7930.00  1.894570E+00
      7932.00  1.887910E+00
      7934.00  1.846460E+00
      7936.00  1.815640E+00
      7938.00  1.801260E+00
      7940.00  1.794490E+00
      7942.00  1.791850E+00
      7944.00  1.797930E+00
      7946.00  1.796440E+00
      7948.00  1.788100E+00
      7950.00  1.786020E+00
      7952.00  1.788630E+00
      7954.00  1.797050E+00
      7956.00  1.817470E+00
      7958.00  1.852330E+00
      7960.00  1.856390E+00
      7962.00  1.836080E+00
      7964.00  1.817730E+00
      7966.00  1.788510E+00
      7968.00  1.768680E+00
      7970.00  1.778650E+00
      7972.00  1.809020E+00
      7974.00  1.813960E+00
      7976.00  1.801100E+00
      7978.00  1.796980E+00
      7980.00  1.796740E+00
      7982.00  1.796870E+00
      7984.00  1.795720E+00
      7986.00  1.794580E+00
      7988.00  1.796590E+00
      7990.00  1.805150E+00
      7992.00  1.804880E+00
      7994.00  1.802510E+00
      7996.00  1.792070E+00
      7998.00  1.764110E+00
      8000.00  1.732980E+00
      8002.00  1.733210E+00
      8004.00  1.760780E+00
      8006.00  1.775320E+00
      8008.00  1.792350E+00
      8010.00  1.802810E+00
      8012.00  1.806790E+00
      8014.00  1.804510E+00
      8016.00  1.793650E+00
      8018.00  1.772340E+00
      8020.00  1.758310E+00
      8022.00  1.741180E+00
      8024.00  1.735270E+00
      8026.00  1.745830E+00
      8028.00  1.757380E+00
      8030.00  1.754980E+00
      8032.00  1.744030E+00
      8034.00  1.746380E+00
      8036.00  1.757940E+00
      8038.00  1.768410E+00
      8040.00  1.784750E+00
      8042.00  1.794750E+00
      8044.00  1.787870E+00
      8046.00  1.770520E+00
      8048.00  1.768160E+00
      8050.00  1.780620E+00
      8052.00  1.778710E+00
      8054.00  1.767070E+00
      8056.00  1.753770E+00
      8058.00  1.736680E+00
      8060.00  1.720050E+00
      8062.00  1.725730E+00
      8064.00  1.759830E+00
      8066.00  1.769170E+00
      8068.00  1.769340E+00
      8070.00  1.761440E+00
      8072.00  1.741100E+00
      8074.00  1.716080E+00
      8076.00  1.702580E+00
      8078.00  1.697620E+00
      8080.00  1.683700E+00
      8082.00  1.661410E+00
      8084.00  1.645280E+00
      8086.00  1.639000E+00
      8088.00  1.632790E+00
      8090.00  1.613770E+00
      8092.00  1.582300E+00
      8094.00  1.581050E+00
      8096.00  1.617840E+00
      8098.00  1.624970E+00
      8100.00  1.599120E+00
      8102.00  1.572490E+00
      8104.00  1.568370E+00
      8106.00  1.575980E+00
      8108.00  1.567660E+00
      8110.00  1.548130E+00
      8112.00  1.532810E+00
      8114.00  1.512770E+00
      8116.00  1.501890E+00
      8118.00  1.513120E+00
      8120.00  1.535690E+00
      8122.00  1.528950E+00
      8124.00  1.487240E+00
      8126.00  1.479190E+00
      8128.00  1.496920E+00
      8130.00  1.507670E+00
      8132.00  1.502380E+00
      8134.00  1.490450E+00
      8136.00  1.481070E+00
      8138.00  1.469720E+00
      8140.00  1.460410E+00
      8142.00  1.453150E+00
      8144.00  1.444380E+00
      8146.00  1.426210E+00
      8148.00  1.413920E+00
      8150.00  1.434850E+00
      8152.00  1.491230E+00
      8154.00  1.502480E+00
      8156.00  1.484240E+00
      8158.00  1.466960E+00
      8160.00  1.439490E+00
      8162.00  1.419230E+00
      8164.00  1.431070E+00
      8166.00  1.469080E+00
      8168.00  1.467610E+00
      8170.00  1.417750E+00
      8172.00  1.417060E+00
      8174.00  1.472990E+00
      8176.00  1.522650E+00
      8178.00  1.528590E+00
      8180.00  1.511470E+00
      8182.00  1.500890E+00
      8184.00  1.472070E+00
      8186.00  1.472540E+00
      8188.00  1.500370E+00
      8190.00  1.528580E+00
      8192.00  1.547940E+00
      8194.00  1.565390E+00
      8196.00  1.585550E+00
      8198.00  1.611610E+00
      8200.00  1.625690E+00
      8202.00  1.629130E+00
      8204.00  1.633190E+00
      8206.00  1.636570E+00
      8208.00  1.642370E+00
      8210.00  1.662420E+00
      8212.00  1.701700E+00
      8214.00  1.714100E+00
      8216.00  1.710330E+00
      8218.00  1.701180E+00
      8220.00  1.675230E+00
      8222.00  1.654730E+00
      8224.00  1.675060E+00
      8226.00  1.732930E+00
      8228.00  1.737640E+00
      8230.00  1.694730E+00
      8232.00  1.678270E+00
      8234.00  1.685250E+00
      8236.00  1.697750E+00
      8238.00  1.709170E+00
      8240.00  1.724060E+00
      8242.00  1.713200E+00
      8244.00  1.669150E+00
      8246.00  1.648030E+00
      8248.00  1.631710E+00
      8250.00  1.634940E+00
      8252.00  1.680700E+00
      8254.00  1.749810E+00
      8256.00  1.747660E+00
      8258.00  1.668460E+00
      8260.00  1.645750E+00
      8262.00  1.664400E+00
      8264.00  1.662870E+00
      8266.00  1.615460E+00
      8268.00  1.551280E+00
      8270.00  1.521730E+00
      8272.00  1.517150E+00
      8274.00  1.497050E+00
      8276.00  1.473450E+00
      8278.00  1.447240E+00
      8280.00  1.419670E+00
      8282.00  1.388390E+00
      8284.00  1.348660E+00
      8286.00  1.298670E+00
      8288.00  1.259630E+00
      8290.00  1.226790E+00
      8292.00  1.194190E+00
      8294.00  1.159040E+00
      8296.00  1.128690E+00
      8298.00  1.112210E+00
      8300.00  1.107930E+00
      8302.00  1.090000E+00
      8304.00  1.065400E+00
      8306.00  1.039120E+00
      8308.00  1.006680E+00
      8310.00  9.767700E-01
      8312.00  9.566530E-01
      8314.00  9.424770E-01
      8316.00  9.207130E-01
      8318.00  8.932840E-01
      8320.00  8.693560E-01
      8322.00  8.446170E-01
      8324.00  8.243760E-01
      8326.00  8.114850E-01
      8328.00  8.034980E-01
      8330.00  7.954360E-01
      8332.00  7.930070E-01
      8334.00  7.824930E-01
      8336.00  7.643410E-01
      8338.00  7.486990E-01
      8340.00  7.388950E-01
      8342.00  7.302800E-01
      8344.00  7.160980E-01
      8346.00  6.981120E-01
      8348.00  6.804990E-01
      8350.00  6.550170E-01
      8352.00  6.420800E-01
      8354.00  6.442610E-01
      8356.00  6.544220E-01
      8358.00  6.679920E-01
      8360.00  6.907900E-01
      8362.00  6.960120E-01
      8364.00  6.823820E-01
      8366.00  6.805210E-01
      8368.00  6.861970E-01
      8370.00  6.995850E-01
      8372.00  7.257250E-01
      8374.00  7.638110E-01
      8376.00  7.841540E-01
      8378.00  7.947040E-01
      8380.00  8.022230E-01
      8382.00  8.024330E-01
      8384.00  8.024760E-01
      8386.00  8.032370E-01
      8388.00  8.049750E-01
      8390.00  8.245020E-01
      8392.00  8.671860E-01
      8394.00  8.950280E-01
      8396.00  9.229400E-01
      8398.00  9.390610E-01
      8400.00  9.305190E-01
      8402.00  9.139130E-01
      8404.00  9.339660E-01
      8406.00  9.837540E-01
      8408.00  1.023780E+00
      8410.00  1.071250E+00
      8412.00  1.111260E+00
      8414.00  1.139840E+00
      8416.00  1.164050E+00
      8418.00  1.191510E+00
      8420.00  1.214980E+00
      8422.00  1.256560E+00
      8424.00  1.318510E+00
      8426.00  1.373120E+00
      8428.00  1.421970E+00
      8430.00  1.466890E+00
      8432.00  1.504280E+00
      8434.00  1.532110E+00
      8436.00  1.584770E+00
      8438.00  1.664180E+00
      8440.00  1.728720E+00
      8442.00  1.784650E+00
      8444.00  1.834020E+00
      8446.00  1.875520E+00
      8448.00  1.909730E+00
      8450.00  1.945690E+00
      8452.00  1.975230E+00
      8454.00  2.014810E+00
      8456.00  2.074960E+00
      8458.00  2.118020E+00
      8460.00  2.126830E+00
      8462.00  2.114280E+00
      8464.00  2.098880E+00
      8466.00  2.055100E+00
      8468.00  2.047890E+00
      8470.00  2.068490E+00
      8472.00  2.087760E+00
      8474.00  2.098750E+00
      8476.00  2.109610E+00
      8478.00  2.128410E+00
      8480.00  2.155860E+00
      8482.00  2.174770E+00
      8484.00  2.188540E+00
      8486.00  2.202700E+00
      8488.00  2.217010E+00
      8490.00  2.231580E+00
      8492.00  2.246460E+00
      8494.00  2.259150E+00
      8496.00  2.285950E+00
      8498.00  2.330840E+00
      8500.00  2.365570E+00
      8502.00  2.389080E+00
      8504.00  2.411880E+00
      8506.00  2.441930E+00
      8508.00  2.475920E+00
      8510.00  2.506090E+00
      8512.00  2.526610E+00
      8514.00  2.564460E+00
      8516.00  2.628220E+00
      8518.00  2.682890E+00
      8520.00  2.707450E+00
      8522.00  2.714670E+00
      8524.00  2.729470E+00
      8526.00  2.729650E+00
      8528.00  2.759640E+00
      8530.00  2.821850E+00
      8532.00  2.877790E+00
      8534.00  2.913910E+00
      8536.00  2.942430E+00
      8538.00  2.977970E+00
      8540.00  3.013260E+00
      8542.00  3.055030E+00
      8544.00  3.103570E+00
      8546.00  3.152300E+00
      8548.00  3.203280E+00
      8550.00  3.252540E+00
      8552.00  3.288290E+00
      8554.00  3.303280E+00
      8556.00  3.359390E+00
      8558.00  3.467190E+00
      8560.00  3.537040E+00
      8562.00  3.558470E+00
      8564.00  3.568450E+00
      8566.00  3.597460E+00
      8568.00  3.630480E+00
      8570.00  3.679450E+00
      8572.00  3.748040E+00
      8574.00  3.812560E+00
      8576.00  3.877320E+00
      8578.00  3.941220E+00
      8580.00  4.003300E+00
      8582.00  4.064190E+00
      8584.00  4.118110E+00
      8586.00  4.142250E+00
      8588.00  4.217360E+00
      8590.00  4.343890E+00
      8592.00  4.472000E+00
      8594.00  4.596480E+00
      8596.00  4.714350E+00
      8598.00  4.748810E+00
      8600.00  4.670190E+00
      8602.00  4.673720E+00
      8604.00  4.716570E+00
      8606.00  4.757810E+00
      8608.00  4.773340E+00
      8610.00  4.796360E+00
      8612.00  4.896750E+00
      8614.00  5.086670E+00
      8616.00  5.197570E+00
      8618.00  5.272020E+00
      8620.00  5.336800E+00
      8622.00  5.390950E+00
      8624.00  5.435060E+00
      8626.00  5.472150E+00
      8628.00  5.493820E+00
      8630.00  5.544230E+00
      8632.00  5.620050E+00
      8634.00  5.688350E+00
      8636.00  5.753720E+00
      8638.00  5.814530E+00
      8640.00  5.864740E+00
      8642.00  5.905410E+00
      8644.00  5.960050E+00
      8646.00  6.029310E+00
      8648.00  6.086030E+00
      8650.00  6.143070E+00
      8652.00  6.181850E+00
      8654.00  6.182810E+00
      8656.00  6.158150E+00
      8658.00  6.169100E+00
      8660.00  6.186220E+00
      8662.00  6.235500E+00
      8664.00  6.332260E+00
      8666.00  6.417680E+00
      8668.00  6.473980E+00
      8670.00  6.514280E+00
      8672.00  6.540830E+00
      8674.00  6.553400E+00
      8676.00  6.549780E+00
      8678.00  6.511890E+00
      8680.00  6.492620E+00
      8682.00  6.501970E+00
      8684.00  6.525310E+00
      8686.00  6.553600E+00
      8688.00  6.610700E+00
      8690.00  6.596870E+00
      8692.00  6.512640E+00
      8694.00  6.449110E+00
      8696.00  6.397990E+00
      8698.00  6.363820E+00
      8700.00  6.365620E+00
      8702.00  6.399750E+00
      8704.00  6.428200E+00
      8706.00  6.488910E+00
      8708.00  6.502530E+00
      8710.00  6.478120E+00
      8712.00  6.422970E+00
      8714.00  6.328090E+00
      8716.00  6.194880E+00
      8718.00  6.114340E+00
      8720.00  6.083470E+00
      8722.00  6.010940E+00
      8724.00  5.909310E+00
      8726.00  5.799400E+00
      8728.00  5.679730E+00
      8730.00  5.554940E+00
      8732.00  5.478670E+00
      8734.00  5.444580E+00
      8736.00  5.408660E+00
      8738.00  5.386310E+00
      8740.00  5.370280E+00
      8742.00  5.360630E+00
      8744.00  5.356200E+00
      8746.00  5.352720E+00
      8748.00  5.376840E+00
      8750.00  5.324750E+00
      8752.00  5.194490E+00
      8754.00  5.083510E+00
      8756.00  5.003850E+00
      8758.00  4.929910E+00
      8760.00  4.839910E+00
      8762.00  4.738730E+00
      8764.00  4.651230E+00
      8766.00  4.555180E+00
      8768.00  4.493950E+00
      8770.00  4.487480E+00
      8772.00  4.481460E+00
      8774.00  4.423310E+00
      8776.00  4.333120E+00
      8778.00  4.261610E+00
      8780.00  4.194900E+00
      8782.00  4.123400E+00
      8784.00  4.042000E+00
      8786.00  3.967570E+00
      8788.00  3.911950E+00
      8790.00  3.868540E+00
      8792.00  3.819800E+00
      8794.00  3.764310E+00
      8796.00  3.727040E+00
      8798.00  3.701950E+00
      8800.00  3.688100E+00
      8802.00  3.692680E+00
      8804.00  3.706400E+00
      8806.00  3.691990E+00
      8808.00  3.655670E+00
      8810.00  3.625160E+00
      8812.00  3.583940E+00
      8814.00  3.555070E+00
      8816.00  3.551440E+00
      8818.00  3.552550E+00
      8820.00  3.523430E+00
      8822.00  3.478560E+00
      8824.00  3.415430E+00
      8826.00  3.316950E+00
      8828.00  3.235880E+00
      8830.00  3.163240E+00
      8832.00  3.111350E+00
      8834.00  3.111540E+00
      8836.00  3.167480E+00
      8838.00  3.150290E+00
      8840.00  3.071580E+00
      8842.00  3.024990E+00
      8844.00  3.005340E+00
      8846.00  2.993260E+00
      8848.00  2.979260E+00
      8850.00  2.968250E+00
      8852.00  2.955530E+00
      8854.00  2.959090E+00
      8856.00  2.926010E+00
      8858.00  2.844090E+00
      8860.00  2.773510E+00
      8862.00  2.747770E+00
      8864.00  2.744360E+00
      8866.00  2.718840E+00
      8868.00  2.681280E+00
      8870.00  2.651470E+00
      8872.00  2.620210E+00
      8874.00  2.597240E+00
      8876.00  2.587940E+00
      8878.00  2.585780E+00
      8880.00  2.577710E+00
      8882.00  2.574580E+00
      8884.00  2.552830E+00
      8886.00  2.517060E+00
      8888.00  2.474670E+00
      8890.00  2.416730E+00
      8892.00  2.360070E+00
      8894.00  2.336990E+00
      8896.00  2.344950E+00
      8898.00  2.323220E+00
      8900.00  2.286090E+00
      8902.00  2.248530E+00
      8904.00  2.204930E+00
      8906.00  2.164350E+00
      8908.00  2.138220E+00
      8910.00  2.122460E+00
      8912.00  2.104890E+00
      8914.00  2.093790E+00
      8916.00  2.075810E+00
      8918.00  2.056340E+00
      8920.00  2.028150E+00
      8922.00  1.979420E+00
      8924.00  1.916400E+00
      8926.00  1.891750E+00
      8928.00  1.897500E+00
      8930.00  1.899620E+00
      8932.00  1.918410E+00
      8934.00  1.922930E+00
      8936.00  1.888380E+00
      8938.00  1.838990E+00
      8940.00  1.848320E+00
      8942.00  1.929140E+00
      8944.00  1.940110E+00
      8946.00  1.907360E+00
      8948.00  1.875460E+00
      8950.00  1.841780E+00
      8952.00  1.815000E+00
      8954.00  1.834980E+00
      8956.00  1.915560E+00
      8958.00  1.921280E+00
      8960.00  1.864820E+00
      8962.00  1.832290E+00
      8964.00  1.827610E+00
      8966.00  1.834790E+00
      8968.00  1.847270E+00
      8970.00  1.871800E+00
      8972.00  1.881100E+00
      8974.00  1.887730E+00
      8976.00  1.880180E+00
      8978.00  1.844560E+00
      8980.00  1.816280E+00
      8982.00  1.830180E+00
      8984.00  1.873000E+00
      8986.00  1.878630E+00
      8988.00  1.856210E+00
      8990.00  1.848260E+00
      8992.00  1.853200E+00
      8994.00  1.852470E+00
      8996.00  1.834810E+00
      8998.00  1.807670E+00
      9000.00  1.790780E+00
      9002.00  1.774390E+00
      9004.00  1.767540E+00
      9006.00  1.766540E+00
      9008.00  1.774590E+00
      9010.00  1.801330E+00
      9012.00  1.833370E+00
      9014.00  1.830600E+00
      9016.00  1.802040E+00
      9018.00  1.771990E+00
      9020.00  1.714790E+00
      9022.00  1.682650E+00
      9024.00  1.691660E+00
      9026.00  1.713030E+00
      9028.00  1.707770E+00
      9030.00  1.685900E+00
      9032.00  1.679410E+00
      9034.00  1.684010E+00
      9036.00  1.682290E+00
      9038.00  1.676790E+00
      9040.00  1.665300E+00
      9042.00  1.641140E+00
      9044.00  1.603960E+00
      9046.00  1.585360E+00
      9048.00  1.577330E+00
      9050.00  1.572330E+00
      9052.00  1.576060E+00
      9054.00  1.577960E+00
      9056.00  1.568150E+00
      9058.00  1.551500E+00
      9060.00  1.549900E+00
      9062.00  1.560400E+00
      9064.00  1.567890E+00
      9066.00  1.581000E+00
      9068.00  1.586820E+00
      9070.00  1.577390E+00
      9072.00  1.559430E+00
      9074.00  1.549640E+00
      9076.00  1.542330E+00
      9078.00  1.536050E+00
      9080.00  1.526830E+00
      9082.00  1.526840E+00
      9084.00  1.541000E+00
      9086.00  1.562610E+00
      9088.00  1.581670E+00
      9090.00  1.608730E+00
      9092.00  1.614490E+00
      9094.00  1.604530E+00
      9096.00  1.588970E+00
      9098.00  1.560700E+00
      9100.00  1.533160E+00
      9102.00  1.526320E+00
      9104.00  1.530940E+00
      9106.00  1.551590E+00
      9108.00  1.606140E+00
      9110.00  1.635340E+00
      9112.00  1.641000E+00
      9114.00  1.635930E+00
      9116.00  1.622460E+00
      9118.00  1.596340E+00
      9120.00  1.604630E+00
      9122.00  1.650860E+00
      9124.00  1.673070E+00
      9126.00  1.680950E+00
      9128.00  1.681740E+00
      9130.00  1.674080E+00
      9132.00  1.659590E+00
      9134.00  1.663390E+00
      9136.00  1.696420E+00
      9138.00  1.692640E+00
      9140.00  1.652850E+00
      9142.00  1.622490E+00
      9144.00  1.616040E+00
      9146.00  1.621230E+00
      9148.00  1.628130E+00
      9150.00  1.647630E+00
      9152.00  1.652470E+00
      9154.00  1.662100E+00
      9156.00  1.644680E+00
      9158.00  1.575800E+00
      9160.00  1.498330E+00
      9162.00  1.487150E+00
      9164.00  1.531300E+00
      9166.00  1.531010E+00
      9168.00  1.503120E+00
      9170.00  1.490980E+00
      9172.00  1.494230E+00
      9174.00  1.506530E+00
      9176.00  1.529960E+00
      9178.00  1.570170E+00
      9180.00  1.570520E+00
      9182.00  1.527750E+00
      9184.00  1.510110E+00
      9186.00  1.516900E+00
      9188.00  1.523620E+00
      9190.00  1.514240E+00
      9192.00  1.496570E+00
      9194.00  1.487340E+00
      9196.00  1.478340E+00
      9198.00  1.477560E+00
      9200.00  1.489550E+00
      9202.00  1.497800E+00
      9204.00  1.491290E+00
      9206.00  1.479050E+00
      9208.00  1.486960E+00
      9210.00  1.510680E+00
      9212.00  1.532980E+00
      9214.00  1.569820E+00
      9216.00  1.591340E+00
      9218.00  1.578660E+00
      9220.00  1.558030E+00
      9222.00  1.584390E+00
      9224.00  1.653520E+00
      9226.00  1.692060E+00
      9228.00  1.732850E+00
      9230.00  1.745970E+00
      9232.00  1.715720E+00
      9234.00  1.674220E+00
      9236.00  1.663410E+00
      9238.00  1.666260E+00
      9240.00  1.678420E+00
      9242.00  1.709430E+00
      9244.00  1.734460E+00
      9246.00  1.749840E+00
      9248.00  1.770270E+00
      9250.00  1.812770E+00
      9252.00  1.873770E+00
      9254.00  1.895240E+00
      9256.00  1.876680E+00
      9258.00  1.881500E+00
      9260.00  1.907400E+00
      9262.00  1.929540E+00
      9264.00  1.929410E+00
      9266.00  1.918250E+00
      9268.00  1.941500E+00
      9270.00  2.007710E+00
      9272.00  2.035490E+00
      9274.00  2.035040E+00
      9276.00  2.035990E+00
      9278.00  2.054760E+00
      9280.00  2.074620E+00
      9282.00  2.056100E+00
      9284.00  1.996780E+00
      9286.00  1.960520E+00
      9288.00  1.932320E+00
      9290.00  1.900320E+00
      9292.00  1.850730E+00
      9294.00  1.807220E+00
      9296.00  1.818470E+00
      9298.00  1.894180E+00
      9300.00  1.890150E+00
      9302.00  1.810440E+00
      9304.00  1.776970E+00
      9306.00  1.803300E+00
      9308.00  1.844060E+00
      9310.00  1.865110E+00
      9312.00  1.889370E+00
      9314.00  1.854510E+00
      9316.00  1.728460E+00
      9318.00  1.674180E+00
      9320.00  1.692390E+00
      9322.00  1.722950E+00
      9324.00  1.727570E+00
      9326.00  1.724810E+00
      9328.00  1.734440E+00
      9330.00  1.783660E+00
      9332.00  1.762430E+00
      9334.00  1.653630E+00
      9336.00  1.564500E+00
      9338.00  1.546500E+00
      9340.00  1.565130E+00
      9342.00  1.575910E+00
      9344.00  1.611700E+00
      9346.00  1.615930E+00
      9348.00  1.589720E+00
      9350.00  1.574690E+00
      9352.00  1.586810E+00
      9354.00  1.607320E+00
      9356.00  1.605780E+00
      9358.00  1.590330E+00
      9360.00  1.575920E+00
      9362.00  1.545460E+00
      9364.00  1.535100E+00
      9366.00  1.556030E+00
      9368.00  1.585850E+00
      9370.00  1.595910E+00
      9372.00  1.594800E+00
      9374.00  1.602420E+00
      9376.00  1.605850E+00
      9378.00  1.625030E+00
      9380.00  1.686860E+00
      9382.00  1.727240E+00
      9384.00  1.676540E+00
      9386.00  1.557220E+00
      9388.00  1.483480E+00
      9390.00  1.393850E+00
      9392.00  1.362480E+00
      9394.00  1.392990E+00
      9396.00  1.442700E+00
      9398.00  1.497380E+00
      9400.00  1.564140E+00
      9402.00  1.583750E+00
      9404.00  1.563440E+00
      9406.00  1.547770E+00
      9408.00  1.518590E+00
      9410.00  1.493710E+00
      9412.00  1.474920E+00
      9414.00  1.463390E+00
      9416.00  1.480910E+00
      9418.00  1.544500E+00
      9420.00  1.563180E+00
      9422.00  1.563710E+00
      9424.00  1.547400E+00
      9426.00  1.498950E+00
      9428.00  1.444850E+00
      9430.00  1.442340E+00
      9432.00  1.478030E+00
      9434.00  1.507140E+00
      9436.00  1.554600E+00
      9438.00  1.587970E+00
      9440.00  1.608860E+00
      9442.00  1.617700E+00
      9444.00  1.607530E+00
      9446.00  1.575360E+00
      9448.00  1.565930E+00
      9450.00  1.572710E+00
      9452.00  1.570940E+00
      9454.00  1.561250E+00
      9456.00  1.550460E+00
      9458.00  1.545850E+00
      9460.00  1.545170E+00
      9462.00  1.518740E+00
      9464.00  1.455820E+00
      9466.00  1.423620E+00
      9468.00  1.417860E+00
      9470.00  1.412150E+00
      9472.00  1.392590E+00
      9474.00  1.368500E+00
      9476.00  1.358450E+00
      9478.00  1.366360E+00
      9480.00  1.356720E+00
      9482.00  1.333610E+00
      9484.00  1.313220E+00
      9486.00  1.293460E+00
      9488.00  1.279940E+00
      9490.00  1.299410E+00
      9492.00  1.361410E+00
      9494.00  1.386330E+00
      9496.00  1.379740E+00
      9498.00  1.395260E+00
      9500.00  1.454610E+00
      9502.00  1.516740E+00
      9504.00  1.522660E+00
      9506.00  1.485140E+00
      9508.00  1.469380E+00
      9510.00  1.457260E+00
      9512.00  1.441070E+00
      9514.00  1.410250E+00
      9516.00  1.389460E+00
      9518.00  1.409410E+00
      9520.00  1.463410E+00
      9522.00  1.475190E+00
      9524.00  1.448720E+00
      9526.00  1.451190E+00
      9528.00  1.480820E+00
      9530.00  1.512870E+00
      9532.00  1.534860E+00
      9534.00  1.553410E+00
      9536.00  1.564950E+00
      9538.00  1.572980E+00
      9540.00  1.570100E+00
      9542.00  1.555190E+00
      9544.00  1.536010E+00
      9546.00  1.509250E+00
      9548.00  1.480370E+00
      9550.00  1.480930E+00
      9552.00  1.524240E+00
      9554.00  1.522000E+00
      9556.00  1.484000E+00
      9558.00  1.456260E+00
      9560.00  1.451920E+00
      9562.00  1.453300E+00
      9564.00  1.434510E+00
      9566.00  1.384430E+00
      9568.00  1.400680E+00
      9570.00  1.518490E+00
      9572.00  1.545490E+00
      9574.00  1.429210E+00
      9576.00  1.293600E+00
      9578.00  1.285270E+00
      9580.00  1.367230E+00
      9582.00  1.356820E+00
      9584.00  1.269530E+00
      9586.00  1.239470E+00
      9588.00  1.268820E+00
      9590.00  1.311100E+00
      9592.00  1.339360E+00
      9594.00  1.368180E+00
      9596.00  1.371000E+00
      9598.00  1.345340E+00
      9600.00  1.328000E+00
      9602.00  1.319540E+00
      9604.00  1.299080E+00
      9606.00  1.239850E+00
      9608.00  1.162380E+00
      9610.00  1.177600E+00
      9612.00  1.311210E+00
      9614.00  1.345120E+00
      9616.00  1.309810E+00
      9618.00  1.285260E+00
      9620.00  1.296700E+00
      9622.00  1.320730E+00
      9624.00  1.333000E+00
      9626.00  1.347100E+00
      9628.00  1.346000E+00
      9630.00  1.330650E+00
      9632.00  1.313070E+00
      9634.00  1.296490E+00
      9636.00  1.275180E+00
      9638.00  1.237650E+00
      9640.00  1.171110E+00
      9642.00  1.169180E+00
      9644.00  1.216930E+00
      9646.00  1.270490E+00
      9648.00  1.340960E+00
      9650.00  1.412670E+00
      9652.00  1.472330E+00
      9654.00  1.535580E+00
      9656.00  1.512200E+00
      9658.00  1.358590E+00
      9660.00  1.304920E+00
      9662.00  1.347870E+00
      9664.00  1.401670E+00
      9666.00  1.423580E+00
      9668.00  1.436300E+00
      9670.00  1.405030E+00
      9672.00  1.298090E+00
      9674.00  1.258420E+00
      9676.00  1.256690E+00
      9678.00  1.279580E+00
      9680.00  1.335990E+00
      9682.00  1.413830E+00
      9684.00  1.444560E+00
      9686.00  1.436730E+00
      9688.00  1.447570E+00
      9690.00  1.469980E+00
      9692.00  1.476580E+00
      9694.00  1.454740E+00
      9696.00  1.422030E+00
      9698.00  1.410260E+00
      9700.00  1.416880E+00
      9702.00  1.398030E+00
      9704.00  1.342330E+00
      9706.00  1.322520E+00
      9708.00  1.356700E+00
      9710.00  1.403820E+00
      9712.00  1.419870E+00
      9714.00  1.426470E+00
      9716.00  1.405120E+00
      9718.00  1.347460E+00
      9720.00  1.297320E+00
      9722.00  1.229440E+00
      9724.00  1.188500E+00
      9726.00  1.228490E+00
      9728.00  1.332220E+00
      9730.00  1.370040E+00
      9732.00  1.371410E+00
      9734.00  1.381740E+00
      9736.00  1.403980E+00
      9738.00  1.407850E+00
      9740.00  1.368300E+00
      9742.00  1.301830E+00
      9744.00  1.278340E+00
      9746.00  1.262270E+00
      9748.00  1.289450E+00
      9750.00  1.400440E+00
      9752.00  1.461040E+00
      9754.00  1.410220E+00
      9756.00  1.309210E+00
      9758.00  1.271370E+00
      9760.00  1.254950E+00
      9762.00  1.256220E+00
      9764.00  1.291010E+00
      9766.00  1.317640E+00
      9768.00  1.328970E+00
      9770.00  1.336250E+00
      9772.00  1.349570E+00
      9774.00  1.366780E+00
      9776.00  1.377870E+00
      9778.00  1.386610E+00
      9780.00  1.391110E+00
      9782.00  1.394020E+00
      9784.00  1.390050E+00
      9786.00  1.372840E+00
      9788.00  1.344850E+00
      9790.00  1.309490E+00
      9792.00  1.247370E+00
      9794.00  1.215590E+00
      9796.00  1.204170E+00
      9798.00  1.214870E+00
      9800.00  1.267430E+00
      9802.00  1.354950E+00
      9804.00  1.344140E+00
      9806.00  1.224870E+00
      9808.00  1.179470E+00
      9810.00  1.176330E+00
      9812.00  1.187130E+00
      9814.00  1.215220E+00
      9816.00  1.252760E+00
      9818.00  1.228320E+00
      9820.00  1.111450E+00
      9822.00  1.093120E+00
      9824.00  1.143420E+00
      9826.00  1.189470E+00
      9828.00  1.215660E+00
      9830.00  1.237400E+00
      9832.00  1.262060E+00
      9834.00  1.295240E+00
      9836.00  1.300700E+00
      9838.00  1.278070E+00
      9840.00  1.260740E+00
      9842.00  1.250590E+00
      9844.00  1.242410E+00
      9846.00  1.234140E+00
      9848.00  1.225530E+00
      9850.00  1.223560E+00
      9852.00  1.236550E+00
      9854.00  1.232330E+00
      9856.00  1.204250E+00
      9858.00  1.175530E+00
      9860.00  1.162040E+00
      9862.00  1.154140E+00
      9864.00  1.179770E+00
      9866.00  1.263960E+00
      9868.00  1.297300E+00
      9870.00  1.278430E+00
      9872.00  1.263250E+00
      9874.00  1.292620E+00
      9876.00  1.341970E+00
      9878.00  1.320580E+00
      9880.00  1.172480E+00
      9882.00  1.188920E+00
      9884.00  1.376920E+00
      9886.00  1.515200E+00
      9888.00  1.512930E+00
      9890.00  1.451520E+00
      9892.00  1.460180E+00
      9894.00  1.537050E+00
      9896.00  1.509560E+00
      9898.00  1.379350E+00
      9900.00  1.288050E+00
      9902.00  1.265800E+00
      9904.00  1.267770E+00
      9906.00  1.248910E+00
      9908.00  1.232300E+00
      9910.00  1.193530E+00
      9912.00  1.104760E+00
      9914.00  1.071330E+00
      9916.00  1.122520E+00
      9918.00  1.182580E+00
      9920.00  1.166830E+00
      9922.00  1.098940E+00
      9924.00  1.087860E+00
      9926.00  1.116610E+00
      9928.00  1.127450E+00
      9930.00  1.109270E+00
      9932.00  1.108730E+00
      9934.00  1.174840E+00
      9936.00  1.288390E+00
      9938.00  1.295590E+00
      9940.00  1.191930E+00
      9942.00  1.162610E+00
      9944.00  1.177430E+00
      9946.00  1.206520E+00
      9948.00  1.255380E+00
      9950.00  1.314260E+00
      9952.00  1.290100E+00
      9954.00  1.163480E+00
      9956.00  1.113120E+00
      9958.00  1.091210E+00
      9960.00  1.087260E+00
      9962.00  1.115090E+00
      9964.00  1.151940E+00
      9966.00  1.127400E+00
      9968.00  1.029620E+00
      9970.00  1.020200E+00
      9972.00  1.103590E+00
      9974.00  1.124220E+00
      9976.00  1.032230E+00
      9978.00  9.270250E-01
      9980.00  9.400900E-01
      9982.00  1.041080E+00
      9984.00  1.085620E+00
      9986.00  1.121760E+00
      9988.00  1.143300E+00
      9990.00  1.131530E+00
      9992.00  1.129220E+00
      9994.00  1.185150E+00
      9996.00  1.284880E+00
      9998.00  1.334200E+00
