      6050.09  1.029702E-16
      6054.30  1.042567E-16
      6058.51  9.006822E-17
      6062.72  8.534593E-17
      6066.93  8.591020E-17
      6071.13  9.336179E-17
      6075.34  8.511924E-17
      6079.55  9.281395E-17
      6083.76  9.494517E-17
      6087.97  9.214584E-17
      6092.18  1.023432E-16
      6096.39  9.057700E-17
      6100.60  9.798134E-17
      6104.81  1.158746E-16
      6109.01  9.502137E-17
      6113.22  1.020081E-16
      6117.43  1.032666E-16
      6121.64  1.020871E-16
      6125.85  1.131860E-16
      6130.06  1.171363E-16
      6134.27  1.125396E-16
      6138.48  1.169353E-16
      6142.69  1.285593E-16
      6146.90  1.252153E-16
      6151.10  1.160282E-16
      6155.31  1.355483E-16
      6159.52  1.310674E-16
      6163.73  1.259474E-16
      6167.94  1.137786E-16
      6172.15  1.255494E-16
      6176.36  1.301022E-16
      6180.57  1.274230E-16
      6184.78  1.224559E-16
      6188.98  1.337592E-16
      6193.19  1.406512E-16
      6197.40  1.197406E-16
      6201.61  1.405777E-16
      6205.82  1.293176E-16
      6210.03  1.345659E-16
      6214.24  1.423420E-16
      6218.45  1.343054E-16
      6222.66  1.465130E-16
      6226.87  1.622327E-16
      6231.07  1.627100E-16
      6235.28  1.595208E-16
      6239.49  1.715235E-16
      6243.70  1.756201E-16
      6247.91  1.823965E-16
      6252.12  1.945437E-16
      6256.33  1.996402E-16
      6260.54  1.898430E-16
      6264.75  2.067934E-16
      6268.95  2.237171E-16
      6273.16  2.107609E-16
      6277.37  2.383165E-16
      6281.58  2.703467E-16
      6285.79  2.857537E-16
      6290.00  2.990021E-16
      6294.21  2.961656E-16
      6298.42  2.986443E-16
      6302.63  3.076925E-16
      6306.84  3.210126E-16
      6311.04  3.034817E-16
      6315.25  2.853600E-16
      6319.46  2.838647E-16
      6323.67  2.894092E-16
      6327.88  2.755571E-16
      6332.09  2.828234E-16
      6336.30  2.840749E-16
      6340.51  2.738004E-16
      6344.72  2.872663E-16
      6348.92  2.666198E-16
      6353.13  2.721239E-16
      6357.34  2.700250E-16
      6361.55  2.655724E-16
      6365.76  2.698713E-16
      6369.97  2.714612E-16
      6374.18  2.475167E-16
      6378.39  2.351885E-16
      6382.60  2.225685E-16
      6386.81  2.190956E-16
      6391.01  2.022121E-16
      6395.22  1.901193E-16
      6399.43  1.841850E-16
      6403.64  1.776251E-16
      6407.85  1.736599E-16
      6412.06  1.492153E-16
      6416.27  1.453150E-16
      6420.48  1.379008E-16
      6424.69  1.166158E-16
      6428.89  1.084935E-16
      6433.10  9.899932E-17
      6437.31  1.011338E-16
      6441.52  8.331018E-17
      6445.73  8.336146E-17
      6449.94  8.155838E-17
      6454.15  7.655559E-17
      6458.36  7.022278E-17
      6462.57  7.411886E-17
      6466.78  8.319236E-17
      6470.98  9.744270E-17
      6475.19  1.151197E-16
      6479.40  1.245959E-16
      6483.61  1.493147E-16
      6487.82  1.814578E-16
      6492.03  2.268653E-16
      6496.24  2.677685E-16
      6500.45  3.250945E-16
      6504.66  3.900046E-16
      6508.86  4.539472E-16
      6513.07  5.211600E-16
      6517.28  6.109096E-16
      6521.49  6.772754E-16
      6525.70  7.581828E-16
      6529.91  8.818431E-16
      6534.12  9.885769E-16
      6538.33  1.096821E-15
      6542.54  1.227668E-15
      6546.74  1.352825E-15
      6550.95  1.478290E-15
      6555.16  1.603172E-15
      6559.37  1.689341E-15
      6563.58  1.755073E-15
      6567.79  1.785063E-15
      6572.00  1.770529E-15
      6576.21  1.736757E-15
      6580.42  1.727065E-15
      6584.63  1.666678E-15
      6588.83  1.581350E-15
      6593.04  1.530244E-15
      6597.25  1.500042E-15
      6601.46  1.442588E-15
      6605.67  1.429043E-15
      6609.88  1.428212E-15
      6614.09  1.408479E-15
      6618.30  1.378320E-15
      6622.51  1.314315E-15
      6626.71  1.270789E-15
      6630.92  1.193594E-15
      6635.13  1.121365E-15
      6639.34  1.044266E-15
      6643.55  9.684697E-16
      6647.76  9.053470E-16
      6651.97  8.188358E-16
      6656.18  7.425911E-16
      6660.39  6.534984E-16
      6664.60  5.791400E-16
      6668.80  5.198888E-16
      6673.01  4.737924E-16
      6677.22  4.307880E-16
      6681.43  3.888705E-16
      6685.64  3.657023E-16
      6689.85  3.274566E-16
      6694.06  2.899098E-16
      6698.27  2.828688E-16
      6702.48  2.579097E-16
      6706.68  2.509659E-16
      6710.89  2.274102E-16
      6715.10  2.225235E-16
      6719.31  2.176937E-16
      6723.52  2.080691E-16
      6727.73  1.810737E-16
      6731.94  1.785543E-16
      6736.15  1.776090E-16
      6740.36  1.827041E-16
      6744.57  1.641897E-16
      6748.77  1.612576E-16
      6752.98  1.441290E-16
      6757.19  1.491497E-16
      6761.40  1.383825E-16
      6765.61  1.382856E-16
      6769.82  1.143004E-16
      6774.03  1.137677E-16
      6778.24  1.100766E-16
      6782.45  1.284086E-16
      6786.65  1.280723E-16
      6790.86  1.150310E-16
      6795.07  9.696183E-17
      6799.28  9.824188E-17
      6803.49  1.101643E-16
      6807.70  1.018049E-16
      6811.91  9.619312E-17
      6816.12  9.397381E-17
      6820.33  1.012740E-16
      6824.54  8.071122E-17
      6828.74  9.364040E-17
      6832.95  9.291304E-17
      6837.16  9.290939E-17
      6841.37  8.232388E-17
      6845.58  7.498416E-17
      6849.79  8.391327E-17
      6854.00  9.876229E-17
      6858.21  8.095420E-17
      6862.42  6.856914E-17
      6866.62  6.371288E-17
      6870.83  7.638442E-17
      6875.04  6.644794E-17
      6879.25  8.502066E-17
      6883.46  5.986763E-17
      6887.67  6.847653E-17
      6891.88  7.673909E-17
      6896.09  6.727637E-17
      6900.30  6.354783E-17
      6904.51  7.500196E-17
      6908.71  8.834703E-17
      6912.92  7.124282E-17
      6917.13  6.319800E-17
      6921.34  6.003397E-17
      6925.55  7.542332E-17
      6929.76  7.928980E-17
      6933.97  7.655444E-17
      6938.18  7.353951E-17
      6942.39  8.155282E-17
      6946.59  6.979213E-17
      6950.80  7.166930E-17
      6955.01  7.572162E-17
      6959.22  7.421227E-17
      6963.43  6.959652E-17
      6967.64  7.525382E-17
      6971.85  7.886363E-17
      6976.06  7.604610E-17
      6980.27  8.068962E-17
      6984.48  7.625149E-17
      6988.68  7.391321E-17
      6992.89  8.020838E-17
      6997.10  9.400950E-17
      7001.31  8.455369E-17
      7005.52  9.523248E-17
      7009.73  9.117402E-17
      7013.94  9.701729E-17
      7018.15  1.025035E-16
      7022.36  1.066080E-16
      7026.56  9.916520E-17
      7030.77  1.000302E-16
      7034.98  1.124488E-16
      7039.19  1.073302E-16
      7043.40  1.070556E-16
      7047.61  9.278550E-17
      7051.82  1.170283E-16
      7056.03  1.195623E-16
      7060.24  1.166642E-16
      7064.45  1.252507E-16
      7068.65  1.252456E-16
      7072.86  1.424206E-16
      7077.07  1.356488E-16
      7081.28  1.337812E-16
      7085.49  1.297478E-16
      7089.70  1.292209E-16
      7093.91  1.429745E-16
      7098.12  1.396998E-16
      7102.33  1.582464E-16
      7106.53  1.458799E-16
      7110.74  1.466921E-16
      7114.95  1.465343E-16
      7119.16  1.376347E-16
      7123.37  1.483452E-16
      7127.58  1.435466E-16
      7131.79  1.477397E-16
      7136.00  1.549973E-16
      7140.21  1.442763E-16
      7144.42  1.413334E-16
      7148.62  1.408757E-16
      7152.83  1.418552E-16
      7157.04  1.510867E-16
      7161.25  1.652123E-16
      7165.46  1.575447E-16
      7169.67  1.542894E-16
      7173.88  1.510802E-16
      7178.09  1.425020E-16
      7182.30  1.377101E-16
      7186.50  1.431800E-16
      7190.71  1.374893E-16
      7194.92  1.527578E-16
      7199.13  1.613882E-16
      7203.34  1.581656E-16
      7207.55  1.593675E-16
      7211.76  1.652122E-16
      7215.97  1.714810E-16
      7220.18  1.752148E-16
      7224.39  1.860986E-16
      7228.59  1.971917E-16
      7232.80  1.889176E-16
      7237.01  1.920988E-16
      7241.22  1.870494E-16
      7245.43  2.012658E-16
      7249.64  2.071166E-16
      7253.85  2.048063E-16
      7258.06  2.066725E-16
      7262.27  2.319505E-16
      7266.47  2.359777E-16
      7270.68  2.503500E-16
      7274.89  2.763899E-16
      7279.10  2.925864E-16
      7283.31  3.194293E-16
      7287.52  3.406819E-16
      7291.73  3.652595E-16
      7295.94  3.820653E-16
      7300.15  3.917874E-16
      7304.36  3.949277E-16
      7308.56  4.017111E-16
      7312.77  4.191145E-16
      7316.98  4.233085E-16
      7321.19  4.390035E-16
      7325.40  4.501320E-16
      7329.61  4.702199E-16
      7333.82  4.345808E-16
      7338.03  4.355500E-16
      7342.24  4.359761E-16
      7346.44  4.091312E-16
      7350.65  4.144021E-16
      7354.86  3.659950E-16
      7359.07  3.824564E-16
      7363.28  3.533690E-16
      7367.49  3.396360E-16
      7371.70  3.274115E-16
      7375.91  3.393517E-16
      7380.12  3.125123E-16
      7384.33  2.867038E-16
      7388.53  2.840705E-16
      7392.74  2.662919E-16
      7396.95  2.562111E-16
      7401.16  2.503765E-16
      7405.37  2.460746E-16
      7409.58  2.455109E-16
      7413.79  2.252760E-16
      7418.00  2.213435E-16
      7422.21  2.007232E-16
      7426.41  2.080112E-16
      7430.62  2.040800E-16
      7434.83  1.935957E-16
      7439.04  1.873058E-16
      7443.25  1.941933E-16
      7447.46  1.804073E-16
      7451.67  1.769644E-16
      7455.88  1.786907E-16
      7460.09  1.734191E-16
      7464.30  1.731540E-16
      7468.50  1.612486E-16
      7472.71  1.490896E-16
      7476.92  1.378144E-16
      7481.13  1.399930E-16
      7485.34  1.316095E-16
      7489.55  1.295489E-16
      7493.76  1.267325E-16
      7497.97  1.021531E-16
      7502.18  9.255889E-17
      7506.38  8.597356E-17
      7510.59  9.417471E-17
      7514.80  9.128626E-17
      7519.01  9.124025E-17
      7523.22  7.349800E-17
      7527.43  4.421860E-17
      7531.64  6.007769E-17
      7535.85  5.880909E-17
      7540.06  6.197434E-17
      7544.27  7.802957E-17
      7548.47  6.329290E-17
      7552.68  6.499903E-17
      7556.89  7.256615E-17
      7561.10  5.921144E-17
      7565.31  6.200445E-17
      7569.52  6.490479E-17
      7573.73  5.546759E-17
      7577.94  5.567764E-17
      7582.15  6.438333E-17
      7586.35  5.803939E-17
      7590.56  4.754254E-17
      7594.77  4.936440E-17
      7598.98  2.760206E-17
      7603.19  3.520094E-17
      7607.40  3.898366E-17
      7611.61  3.409749E-17
      7615.82  3.291691E-17
      7620.03  3.757687E-17
      7624.23  4.079506E-17
      7628.44  3.334873E-17
      7632.65  3.410343E-17
      7636.86  4.776817E-17
      7641.07  3.613798E-17
      7645.28  4.742308E-17
      7649.49  5.658326E-17
      7653.70  5.189315E-17
      7657.91  6.923451E-17
      7662.12  6.794073E-17
      7666.32  7.947338E-17
      7670.53  7.583819E-17
      7674.74  9.667059E-17
      7678.95  9.717450E-17
      7683.16  1.155927E-16
      7687.37  1.101739E-16
      7691.58  1.049918E-16
      7695.79  1.110718E-16
      7700.00  1.172356E-16
      7704.20  1.014810E-16
      7708.41  1.488338E-16
      7712.62  1.242663E-16
      7716.83  1.156993E-16
      7721.04  1.219272E-16
      7725.25  1.411329E-16
      7729.46  1.370130E-16
      7733.67  1.390532E-16
      7737.88  1.312983E-16
      7742.09  1.225834E-16
      7746.29  1.161956E-16
      7750.50  1.048492E-16
      7754.71  1.045633E-16
      7758.92  9.376908E-17
      7763.13  9.241366E-17
      7767.34  8.725226E-17
      7771.55  1.032734E-16
      7775.76  9.146843E-17
      7779.97  1.346946E-16
      7784.17  1.353437E-16
      7788.38  1.364232E-16
      7792.59  1.334865E-16
      7796.80  1.341253E-16
      7801.01  1.456679E-16
      7805.22  1.220654E-16
      7809.43  1.175167E-16
      7813.64  1.067775E-16
      7817.85  9.905216E-17
      7822.06  1.014078E-16
      7826.26  1.120487E-16
      7830.47  9.826576E-17
      7834.68  1.023349E-16
      7838.89  1.131020E-16
      7843.10  9.577587E-17
      7847.31  1.073446E-16
      7851.52  9.536605E-17
      7855.73  8.179021E-17
      7859.94  8.786629E-17
      7864.14  7.849423E-17
      7868.35  8.045902E-17
      7872.56  7.793050E-17
      7876.77  8.368077E-17
      7880.98  7.887198E-17
      7885.19  7.426269E-17
      7889.40  8.235268E-17
      7893.61  9.584391E-17
      7897.82  9.753353E-17
      7902.03  7.906774E-17
      7906.23  9.363156E-17
      7910.44  9.354032E-17
      7914.65  7.930597E-17
      7918.86  7.614982E-17
      7923.07  9.324865E-17
      7927.28  8.889868E-17
      7931.49  9.394691E-17
      7935.70  9.293738E-17
      7939.91  7.746789E-17
      7944.11  7.786910E-17
      7948.32  6.945937E-17
      7952.53  6.098822E-17
      7956.74  7.284814E-17
      7960.95  6.639675E-17
      7965.16  5.955325E-17
      7969.37  6.303853E-17
      7973.58  6.208030E-17
      7977.79  7.335660E-17
      7982.00  8.401002E-17
      7986.20  9.025022E-17
      7990.41  9.732285E-17
      7994.62  8.293008E-17
      7998.83  8.241462E-17
      8003.04  8.587757E-17
      8007.25  8.601612E-17
      8011.46  9.223529E-17
      8015.67  9.176083E-17
      8019.88  8.475109E-17
      8024.08  8.815253E-17
      8028.29  1.053808E-16
      8032.50  8.455877E-17
      8036.71  8.662808E-17
      8040.92  9.008316E-17
      8045.13  9.018116E-17
      8049.34  9.602136E-17
      8053.55  9.955974E-17
      8057.76  9.934280E-17
      8061.97  9.459567E-17
      8066.17  1.092958E-16
      8070.38  9.425909E-17
      8074.59  9.757671E-17
      8078.80  9.370183E-17
      8083.01  9.850042E-17
      8087.22  8.176927E-17
      8091.43  8.780236E-17
      8095.64  8.793134E-17
      8099.85  8.535603E-17
      8104.05  9.373967E-17
      8108.26  9.870456E-17
      8112.47  8.955392E-17
      8116.68  7.946266E-17
      8120.89  8.234559E-17
      8125.10  7.317446E-17
      8129.31  7.865813E-17
      8133.52  8.816849E-17
      8137.73  7.152203E-17
      8141.94  6.924017E-17
      8146.14  7.986638E-17
      8150.35  7.722348E-17
      8154.56  7.247275E-17
      8158.77  7.709082E-17
      8162.98  7.017775E-17
      8167.19  7.058551E-17
      8171.40  6.489533E-17
      8175.61  7.433840E-17
      8179.82  7.114206E-17
      8184.02  6.784677E-17
      8188.23  7.336724E-17
      8192.44  7.422722E-17
      8196.65  7.820682E-17
      8200.86  8.175439E-17
      8205.07  7.512017E-17
      8209.28  8.196938E-17
      8213.49  7.292076E-17
      8217.70  7.113657E-17
      8221.91  7.743576E-17
      8226.11  6.910539E-17
      8230.32  8.268084E-17
      8234.53  7.598636E-17
      8238.74  7.898254E-17
      8242.95  8.125777E-17
      8247.16  7.698377E-17
      8251.37  8.111493E-17
      8255.58  7.023718E-17
      8259.79  8.315514E-17
      8263.99  7.649093E-17
      8268.20  5.649284E-17
      8272.41  5.787161E-17
      8276.62  7.115854E-17
      8280.83  6.913660E-17
      8285.04  7.007608E-17
      8289.25  6.270648E-17
      8293.46  5.216110E-17
      8297.67  6.172997E-17
      8301.88  5.410543E-17
      8306.08  7.390815E-17
      8310.29  6.349965E-17
      8314.50  7.020549E-17
      8318.71  6.735469E-17
      8322.92  6.621742E-17
      8327.13  5.876553E-17
      8331.34  4.927033E-17
      8335.55  4.215687E-17
      8339.76  3.169224E-17
      8343.96  6.545476E-17
      8348.17  5.246388E-17
      8352.38  4.781215E-17
      8356.59  4.745583E-17
      8360.80  4.105726E-17
      8365.01  6.134031E-17
      8369.22  6.375673E-17
      8373.43  5.440494E-17
      8377.64  6.095492E-17
      8381.85  6.199225E-17
      8386.05  4.652198E-17
      8390.26  4.569810E-17
      8394.47  4.280474E-17
      8398.68  6.180773E-17
      8402.89  5.229786E-17
      8407.10  5.073856E-17
      8411.31  6.037765E-17
      8415.52  6.415628E-17
      8419.73  6.341671E-17
      8423.93  6.074436E-17
      8428.14  5.594921E-17
      8432.35  9.140243E-17
      8436.56  8.682659E-17
      8440.77  8.435309E-17
      8444.98  9.785893E-17
      8449.19  9.470482E-17
      8453.40  8.838807E-17
      8457.61  9.312584E-17
      8461.82  1.062912E-16
      8466.02  9.940417E-17
      8470.23  1.113613E-16
      8474.44  1.245333E-16
      8478.65  1.227361E-16
      8482.86  1.456651E-16
      8487.07  1.486107E-16
      8491.28  1.622153E-16
      8495.49  1.703059E-16
      8499.70  1.951039E-16
      8503.90  2.056930E-16
      8508.11  2.338140E-16
      8512.32  2.420469E-16
      8516.53  2.493699E-16
      8520.74  2.633021E-16
      8524.95  2.956754E-16
      8529.16  3.058389E-16
      8533.37  3.594286E-16
      8537.58  3.792288E-16
      8541.79  4.019837E-16
      8545.99  4.130460E-16
      8550.20  4.384517E-16
      8554.41  4.288278E-16
      8558.62  4.130359E-16
      8562.83  3.955195E-16
      8567.04  3.614706E-16
      8571.25  3.403569E-16
      8575.46  3.023702E-16
      8579.67  2.962257E-16
      8583.87  2.857229E-16
      8588.08  2.983879E-16
      8592.29  2.782097E-16
      8596.50  2.800895E-16
      8600.71  3.019774E-16
      8604.92  3.008017E-16
      8609.13  2.968929E-16
      8613.34  3.169746E-16
      8617.55  3.370684E-16
      8621.76  3.328481E-16
      8625.96  3.422383E-16
      8630.17  3.947140E-16
      8634.38  4.439604E-16
      8638.59  4.506562E-16
      8642.80  4.734497E-16
      8647.01  4.782093E-16
      8651.22  4.962756E-16
      8655.43  5.385123E-16
      8659.64  5.415874E-16
      8663.84  5.440534E-16
      8668.05  5.963792E-16
      8672.26  6.120029E-16
      8676.47  6.472668E-16
      8680.68  6.392907E-16
      8684.89  6.388449E-16
      8689.10  6.124352E-16
      8693.31  5.895020E-16
      8697.52  5.828797E-16
      8701.72  5.763262E-16
      8705.93  5.691815E-16
      8710.14  5.907869E-16
      8714.35  5.843699E-16
      8718.56  6.074636E-16
      8722.77  6.091353E-16
      8726.98  5.938883E-16
      8731.19  5.672473E-16
      8735.40  5.184184E-16
      8739.61  5.097317E-16
      8743.81  4.949631E-16
      8748.02  4.883186E-16
      8752.23  4.720155E-16
      8756.44  4.514195E-16
      8760.65  4.324316E-16
      8764.86  4.319835E-16
      8769.07  4.102863E-16
      8773.28  3.750501E-16
      8777.49  3.485705E-16
      8781.69  3.058008E-16
      8785.90  2.860780E-16
      8790.11  2.765287E-16
      8794.32  2.845450E-16
      8798.53  2.880932E-16
      8802.74  2.766125E-16
      8806.95  2.740012E-16
      8811.16  2.607721E-16
      8815.37  2.754497E-16
      8819.58  2.488126E-16
      8823.78  2.385208E-16
      8827.99  1.956333E-16
      8832.20  1.774415E-16
      8836.41  1.705927E-16
      8840.62  2.167144E-16
      8844.83  2.179382E-16
      8849.04  2.249565E-16
      8853.25  1.975910E-16
      8857.46  2.015900E-16
      8861.66  1.893594E-16
      8865.87  1.835162E-16
      8870.08  1.983212E-16
      8874.29  1.982559E-16
      8878.50  1.855633E-16
      8882.71  1.672036E-16
      8886.92  1.388633E-16
      8891.13  1.536257E-16
      8895.34  1.352743E-16
      8899.55  1.212595E-16
      8903.75  1.217952E-16
      8907.96  1.305125E-16
      8912.17  1.281793E-16
      8916.38  9.681199E-17
      8920.59  7.772243E-17
      8924.80  6.236186E-17
      8929.01  6.137568E-17
      8933.22  9.018857E-17
      8937.43  1.075534E-16
      8941.63  1.056558E-16
      8945.84  6.312158E-17
      8950.05  5.989523E-17
      8954.26  8.877235E-17
      8958.47  8.918472E-17
      8962.68  1.134585E-16
      8966.89  8.772840E-17
      8971.10  8.336539E-17
      8975.31  9.015594E-17
      8979.52  7.400457E-17
      8983.72  7.060231E-17
      8987.93  9.784590E-17
      8992.14  8.675166E-17
      8996.35  8.709293E-17
      9000.56  1.063618E-16
      9004.77  1.189571E-16
      9008.98  1.104192E-16
      9013.19  1.090865E-16
      9017.40  9.112444E-17
      9021.60  9.951132E-17
      9025.81  1.007371E-16
      9030.02  9.505426E-17
      9034.23  8.962733E-17
      9038.44  1.013353E-16
      9042.65  7.628940E-17
      9046.86  7.047451E-17
      9051.07  1.030806E-16
      9055.28  1.014093E-16
      9059.49  8.151907E-17
      9063.69  8.277355E-17
      9067.90  8.324038E-17
      9072.11  7.928431E-17
      9076.32  7.431855E-17
      9080.53  7.791063E-17
      9084.74  7.534175E-17
      9088.95  7.961658E-17
      9093.16  7.280645E-17
      9097.37  7.070247E-17
      9101.57  7.708926E-17
      9105.78  8.667476E-17
      9109.99  7.612417E-17
      9114.20  8.249405E-17
      9118.41  9.612989E-17
      9122.62  1.006769E-16
      9126.83  9.872745E-17
      9131.04  8.764396E-17
      9135.25  8.096535E-17
      9139.46  6.077212E-17
      9143.66  7.513055E-17
      9147.87  6.605911E-17
      9152.08  6.036113E-17
      9156.29  8.257219E-17
      9160.50  7.274349E-17
      9164.71  6.927088E-17
      9168.92  7.065052E-17
      9173.13  7.300706E-17
      9177.34  5.941763E-17
      9181.54  6.472224E-17
      9185.75  6.421110E-17
      9189.96  7.991686E-17
      9194.17  8.763627E-17
      9198.38  6.634558E-17
      9202.59  6.210566E-17
      9206.80  7.204529E-17
      9211.01  7.050471E-17
      9215.22  7.577583E-17
      9219.43  8.452155E-17
      9223.63  6.833860E-17
      9227.84  7.910998E-17
      9232.05  8.676488E-17
      9236.26  9.092049E-17
      9240.47  9.661280E-17
      9244.68  8.375744E-17
      9248.89  9.391686E-17
      9253.10  8.547415E-17
      9257.31  1.083855E-16
      9261.51  9.365493E-17
      9265.72  7.955272E-17
      9269.93  9.358777E-17
      9274.14  8.511524E-17
      9278.35  7.903023E-17
      9282.56  8.113264E-17
      9286.77  6.675615E-17
      9290.98  8.534124E-17
      9295.19  9.031082E-17
      9299.40  1.093567E-16
      9303.60  1.112963E-16
      9307.81  1.030116E-16
      9312.02  1.351654E-16
      9316.23  1.293556E-16
      9320.44  1.118130E-16
      9324.65  1.058166E-16
      9328.86  8.119279E-17
      9333.07  7.633374E-17
      9337.28  6.829817E-17
      9341.48  4.532447E-17
      9345.69  5.112983E-17
      9349.90  7.641415E-17
      9354.11  1.034201E-16
      9358.32  6.939400E-17
      9362.53  2.228171E-17
      9366.74  1.861165E-17
      9370.95  1.066070E-16
      9375.16  6.060395E-17
      9379.37  7.062042E-17
      9383.57  1.279807E-16
      9387.78  6.831418E-17
      9391.99  8.368255E-17
      9396.20  6.166939E-17
      9400.41  6.173530E-17
      9404.62  6.821238E-17
      9408.83  8.075303E-17
      9413.04  4.895181E-17
      9417.25  7.289605E-17
      9421.45  6.821691E-17
      9425.66  7.743272E-17
      9429.87  8.407664E-17
      9434.08  9.220087E-17
      9438.29  7.496152E-17
      9442.50  4.250240E-17
      9446.71  4.836238E-17
      9450.92  8.567888E-17
      9455.13  6.665408E-17
      9459.34  4.406128E-17
      9463.54  6.789853E-17
      9467.75  6.434187E-17
      9471.96  6.422636E-17
      9476.17  5.066091E-17
      9480.38  3.790515E-17
      9484.59  5.778654E-17
      9488.80  5.965867E-17
      9493.01  5.752133E-17
      9497.22  3.391451E-17
      9501.42  2.869014E-17
      9505.63  1.963455E-17
      9509.84  2.829146E-17
      9514.05  4.571340E-17
      9518.26  5.621505E-17
      9522.47  5.168952E-17
      9526.68  5.403798E-18
      9530.89  5.025460E-17
      9535.10  4.379861E-17
      9539.31  5.204105E-17
      9543.51  4.188277E-17
      9547.72  4.221419E-17
      9551.93  9.149351E-17
      9556.14  5.252039E-17
      9560.35  3.658827E-17
      9564.56  8.322004E-17
      9568.77  7.223159E-17
      9572.98  4.398040E-17
      9577.19  4.387530E-17
      9581.39  3.638859E-17
      9585.60  4.048779E-17
      9589.81  4.743947E-17
      9594.02  3.603725E-17
      9598.23  7.562521E-17
      9602.44  5.796286E-17
      9606.65  4.074410E-17
      9610.86  4.630292E-17
      9615.07  4.745280E-17
      9619.28  6.204185E-17
      9623.48  2.937749E-17
      9627.69  6.997139E-17
      9631.90  2.723562E-17
      9636.11  4.255178E-17
      9640.32  5.354654E-17
      9644.53  5.464383E-17
      9648.74  5.397843E-17
      9652.95  2.913354E-17
      9657.16  7.633783E-17
      9661.36  6.496594E-17
      9665.57  3.327700E-17
      9669.78  5.957183E-17
      9673.99  7.573003E-17
      9678.20  6.445810E-17
      9682.41  5.764307E-17
      9686.62  7.568295E-17
      9690.83  5.137570E-17
      9695.04  4.272819E-17
      9699.25  6.784647E-17
      9703.45  7.818297E-17
      9707.66  5.298993E-17
      9711.87  6.726932E-17
      9716.08  5.687757E-17
      9720.29  4.112185E-17
      9724.50  2.489838E-17
      9728.71  4.316232E-17
      9732.92  6.791531E-17
      9737.13  4.910935E-17
      9741.33  4.731912E-17
      9745.54  2.979641E-17
      9749.75  3.587044E-17
      9753.96  4.425480E-17
      9758.17  2.871005E-17
      9762.38  3.395345E-17
      9766.59  4.283993E-17
      9770.80  5.761226E-17
      9775.01  4.082924E-17
      9779.21  4.933727E-17
      9783.42  2.911980E-17
      9787.63  8.456152E-17
      9791.84  5.245167E-17
      9796.05  4.163574E-17
      9800.26  1.856279E-17
      9804.47  5.200800E-17
      9808.68  2.556167E-17
      9812.89  3.441614E-17
      9817.10  5.522421E-17
      9821.30  5.998918E-17
      9825.51  7.340850E-17
      9829.72  2.003335E-17
      9833.93  1.897015E-17
      9838.14  5.924622E-17
      9842.35  5.827596E-17
      9846.56  5.401294E-17
      9850.77  5.924849E-17
      9854.98  7.068459E-17
      9859.18  9.622917E-17
      9863.39  4.135710E-17
      9867.60  6.299424E-17
      9871.81  6.632067E-17
      9876.02  2.963234E-17
      9880.23  4.104529E-17
      9884.44  5.254480E-17
      9888.65  2.696185E-17
      9892.86  2.516886E-17
      9897.07  5.614082E-17
      9901.27  5.851776E-17
      9905.48  5.835292E-17
      9909.69  3.029585E-17
      9913.90  3.617001E-17
      9918.11  3.287615E-17
      9922.32  9.316192E-17
      9926.53  3.097887E-17
      9930.74  9.168202E-17
      9934.95  2.536512E-17
      9939.15  9.163216E-18
      9943.36  6.679280E-17
      9947.57  1.605015E-16
      9951.78  9.099849E-17
      9955.99  5.330101E-17
      9960.20  9.600807E-17
