      3470.00  1.659690E+00
      3472.00  1.420310E+00
      3474.00  1.860370E+00
      3476.00  1.543970E+00
      3478.00  1.503070E+00
      3480.00  9.504060E-01
      3482.00  1.390630E+00
      3484.00  1.266360E+00
      3486.00  1.181750E+00
      3488.00  1.862800E+00
      3490.00  1.515800E+00
      3492.00  1.512780E+00
      3494.00  1.522640E+00
      3496.00  1.233550E+00
      3498.00  9.314670E-01
      3500.00  1.195990E+00
      3502.00  1.411030E+00
      3504.00  6.984580E-01
      3506.00  1.127700E+00
      3508.00  1.697430E+00
      3510.00  1.260310E+00
      3512.00  8.490150E-01
      3514.00  7.157720E-01
      3516.00  1.233710E+00
      3518.00  9.522660E-01
      3520.00  1.322850E+00
      3522.00  1.359660E+00
      3524.00  9.283700E-01
      3526.00  7.280010E-01
      3528.00  1.150260E+00
      3530.00  1.029290E+00
      3532.00  1.268330E+00
      3534.00  9.217240E-01
      3536.00  1.122430E+00
      3538.00  1.003470E+00
      3540.00  1.247840E+00
      3542.00  9.600540E-01
      3544.00  1.416800E+00
      3546.00  4.136610E-01
      3548.00  1.142320E+00
      3550.00  1.173690E+00
      3552.00  1.023680E+00
      3554.00  1.043340E+00
      3556.00  1.697690E+00
      3558.00  1.125540E+00
      3560.00  1.432130E+00
      3562.00  1.819220E+00
      3564.00  1.690380E+00
      3566.00  1.552870E+00
      3568.00  1.356130E+00
      3570.00  1.139540E+00
      3572.00  1.309720E+00
      3574.00  1.098790E+00
      3576.00  1.265470E+00
      3578.00  1.211090E+00
      3580.00  1.252040E+00
      3582.00  1.306760E+00
      3584.00  1.283870E+00
      3586.00  1.044010E+00
      3588.00  1.205730E+00
      3590.00  1.491210E+00
      3592.00  8.846660E-01
      3594.00  1.297800E+00
      3596.00  1.502970E+00
      3598.00  1.367160E+00
      3600.00  1.881650E+00
      3602.00  1.029750E+00
      3604.00  1.312550E+00
      3606.00  1.430420E+00
      3608.00  1.644100E+00
      3610.00  9.028160E-01
      3612.00  1.125300E+00
      3614.00  1.094930E+00
      3616.00  1.637870E+00
      3618.00  1.784880E+00
      3620.00  1.453700E+00
      3622.00  1.641140E+00
      3624.00  1.481760E+00
      3626.00  1.443160E+00
      3628.00  1.142820E+00
      3630.00  1.321700E+00
      3632.00  1.220100E+00
      3634.00  6.779810E-01
      3636.00  1.475410E+00
      3638.00  1.497520E+00
      3640.00  1.183640E+00
      3642.00  1.533780E+00
      3644.00  1.257360E+00
      3646.00  9.157110E-01
      3648.00  1.153000E+00
      3650.00  1.248580E+00
      3652.00  1.619110E+00
      3654.00  1.299560E+00
      3656.00  1.331810E+00
      3658.00  1.186960E+00
      3660.00  1.103830E+00
      3662.00  9.103070E-01
      3664.00  9.082630E-01
      3666.00  1.249420E+00
      3668.00  1.110620E+00
      3670.00  1.268670E+00
      3672.00  1.401310E+00
      3674.00  1.671070E+00
      3676.00  1.253150E+00
      3678.00  1.236700E+00
      3680.00  1.410200E+00
      3682.00  1.201480E+00
      3684.00  1.140150E+00
      3686.00  1.225410E+00
      3688.00  1.255160E+00
      3690.00  1.387710E+00
      3692.00  1.508860E+00
      3694.00  1.267130E+00
      3696.00  1.697880E+00
      3698.00  1.226100E+00
      3700.00  1.442940E+00
      3702.00  1.318270E+00
      3704.00  1.344150E+00
      3706.00  1.519970E+00
      3708.00  1.530450E+00
      3710.00  1.757140E+00
      3712.00  1.643530E+00
      3714.00  1.841180E+00
      3716.00  1.610320E+00
      3718.00  1.455790E+00
      3720.00  1.570730E+00
      3722.00  1.439870E+00
      3724.00  1.706800E+00
      3726.00  1.711280E+00
      3728.00  1.921670E+00
      3730.00  1.561330E+00
      3732.00  1.827290E+00
      3734.00  2.137250E+00
      3736.00  1.950780E+00
      3738.00  2.130810E+00
      3740.00  2.012940E+00
      3742.00  2.055930E+00
      3744.00  2.513110E+00
      3746.00  2.247350E+00
      3748.00  2.113460E+00
      3750.00  2.093990E+00
      3752.00  2.017460E+00
      3754.00  1.902960E+00
      3756.00  1.966520E+00
      3758.00  2.104700E+00
      3760.00  1.565980E+00
      3762.00  1.936680E+00
      3764.00  2.245320E+00
      3766.00  2.366920E+00
      3768.00  2.027500E+00
      3770.00  1.986410E+00
      3772.00  1.808930E+00
      3774.00  1.979790E+00
      3776.00  1.588460E+00
      3778.00  1.852030E+00
      3780.00  1.917320E+00
      3782.00  1.753940E+00
      3784.00  1.674230E+00
      3786.00  1.567700E+00
      3788.00  1.726350E+00
      3790.00  1.776500E+00
      3792.00  1.634680E+00
      3794.00  1.865590E+00
      3796.00  1.683490E+00
      3798.00  1.413110E+00
      3800.00  1.709800E+00
      3802.00  1.745090E+00
      3804.00  1.567670E+00
      3806.00  1.369190E+00
      3808.00  1.683130E+00
      3810.00  1.597450E+00
      3812.00  1.326150E+00
      3814.00  1.425320E+00
      3816.00  1.489540E+00
      3818.00  1.623470E+00
      3820.00  1.535920E+00
      3822.00  1.532570E+00
      3824.00  1.359890E+00
      3826.00  1.233440E+00
      3828.00  1.088930E+00
      3830.00  1.308130E+00
      3832.00  1.317380E+00
      3834.00  1.134760E+00
      3836.00  1.202790E+00
      3838.00  1.035220E+00
      3840.00  1.211590E+00
      3842.00  1.120320E+00
      3844.00  1.219000E+00
      3846.00  1.174350E+00
      3848.00  1.203070E+00
      3850.00  1.023020E+00
      3852.00  1.186840E+00
      3854.00  9.662820E-01
      3856.00  1.037570E+00
      3858.00  9.166040E-01
      3860.00  1.223320E+00
      3862.00  1.035900E+00
      3864.00  1.093380E+00
      3866.00  1.048810E+00
      3868.00  1.185740E+00
      3870.00  1.115820E+00
      3872.00  1.158910E+00
      3874.00  1.004710E+00
      3876.00  1.287750E+00
      3878.00  1.402760E+00
      3880.00  1.701820E+00
      3882.00  1.707370E+00
      3884.00  1.486440E+00
      3886.00  1.426690E+00
      3888.00  1.527110E+00
      3890.00  1.694860E+00
      3892.00  1.626720E+00
      3894.00  1.674780E+00
      3896.00  2.095250E+00
      3898.00  1.745890E+00
      3900.00  1.788430E+00
      3902.00  2.173630E+00
      3904.00  2.355280E+00
      3906.00  2.176830E+00
      3908.00  2.231890E+00
      3910.00  2.240550E+00
      3912.00  2.203340E+00
      3914.00  2.437130E+00
      3916.00  2.525420E+00
      3918.00  2.095710E+00
      3920.00  2.188810E+00
      3922.00  2.436220E+00
      3924.00  2.428210E+00
      3926.00  2.306970E+00
      3928.00  2.431720E+00
      3930.00  2.661880E+00
      3932.00  2.701850E+00
      3934.00  2.927500E+00
      3936.00  3.038430E+00
      3938.00  3.172660E+00
      3940.00  3.521520E+00
      3942.00  3.772190E+00
      3944.00  3.562420E+00
      3946.00  3.649590E+00
      3948.00  4.050170E+00
      3950.00  4.334840E+00
      3952.00  4.895550E+00
      3954.00  4.589880E+00
      3956.00  4.794730E+00
      3958.00  4.944840E+00
      3960.00  4.911810E+00
      3962.00  5.094950E+00
      3964.00  4.976820E+00
      3966.00  4.866900E+00
      3968.00  4.993560E+00
      3970.00  4.934910E+00
      3972.00  5.389880E+00
      3974.00  4.800980E+00
      3976.00  4.932830E+00
      3978.00  4.841730E+00
      3980.00  4.908440E+00
      3982.00  4.847960E+00
      3984.00  5.062500E+00
      3986.00  4.885090E+00
      3988.00  5.287680E+00
      3990.00  4.951180E+00
      3992.00  5.232150E+00
      3994.00  4.873960E+00
      3996.00  5.041540E+00
      3998.00  5.379590E+00
      4000.00  5.219280E+00
      4002.00  5.276060E+00
      4004.00  5.226370E+00
      4006.00  5.007620E+00
      4008.00  5.151560E+00
      4010.00  5.132620E+00
      4012.00  5.219640E+00
      4014.00  4.981040E+00
      4016.00  5.048790E+00
      4018.00  5.175740E+00
      4020.00  4.927210E+00
      4022.00  4.874150E+00
      4024.00  4.690730E+00
      4026.00  4.491650E+00
      4028.00  4.083450E+00
      4030.00  4.123460E+00
      4032.00  4.387370E+00
      4034.00  3.889800E+00
      4036.00  4.108740E+00
      4038.00  3.664950E+00
      4040.00  3.684380E+00
      4042.00  3.529630E+00
      4044.00  3.465840E+00
      4046.00  3.000400E+00
      4048.00  3.085280E+00
      4050.00  3.108740E+00
      4052.00  3.136110E+00
      4054.00  3.389720E+00
      4056.00  3.279150E+00
      4058.00  3.470630E+00
      4060.00  3.274100E+00
      4062.00  3.487110E+00
      4064.00  4.482300E+00
      4066.00  5.113600E+00
      4068.00  5.361510E+00
      4070.00  6.220240E+00
      4072.00  7.188040E+00
      4074.00  7.640020E+00
      4076.00  8.430460E+00
      4078.00  8.359790E+00
      4080.00  8.237640E+00
      4082.00  8.198110E+00
      4084.00  8.271160E+00
      4086.00  8.048870E+00
      4088.00  8.086620E+00
      4090.00  7.975850E+00
      4092.00  7.628610E+00
      4094.00  7.614670E+00
      4096.00  7.621470E+00
      4098.00  7.558770E+00
      4100.00  7.188920E+00
      4102.00  6.958830E+00
      4104.00  6.850160E+00
      4106.00  6.669110E+00
      4108.00  6.876160E+00
      4110.00  6.543010E+00
      4112.00  6.732300E+00
      4114.00  7.131400E+00
      4116.00  7.049570E+00
      4118.00  7.235560E+00
      4120.00  6.898800E+00
      4122.00  7.308290E+00
      4124.00  6.973350E+00
      4126.00  6.557690E+00
      4128.00  6.904300E+00
      4130.00  6.526320E+00
      4132.00  6.533130E+00
      4134.00  6.389520E+00
      4136.00  6.351590E+00
      4138.00  5.863010E+00
      4140.00  5.974400E+00
      4142.00  5.951810E+00
      4144.00  5.574050E+00
      4146.00  5.661420E+00
      4148.00  5.440280E+00
      4150.00  5.567940E+00
      4152.00  5.633800E+00
      4154.00  5.754810E+00
      4156.00  5.464960E+00
      4158.00  5.791930E+00
      4160.00  5.379240E+00
      4162.00  5.153330E+00
      4164.00  4.913330E+00
      4166.00  4.915770E+00
      4168.00  4.526670E+00
      4170.00  4.333120E+00
      4172.00  4.085710E+00
      4174.00  3.809170E+00
      4176.00  3.907520E+00
      4178.00  3.655790E+00
      4180.00  3.430340E+00
      4182.00  3.288750E+00
      4184.00  3.034170E+00
      4186.00  3.278580E+00
      4188.00  2.982210E+00
      4190.00  3.060160E+00
      4192.00  3.120180E+00
      4194.00  3.279930E+00
      4196.00  3.150320E+00
      4198.00  3.245970E+00
      4200.00  3.111570E+00
      4202.00  3.168110E+00
      4204.00  3.073790E+00
      4206.00  3.257440E+00
      4208.00  3.497170E+00
      4210.00  3.429120E+00
      4212.00  3.588210E+00
      4214.00  3.619410E+00
      4216.00  3.705600E+00
      4218.00  3.738130E+00
      4220.00  3.616690E+00
      4222.00  3.648110E+00
      4224.00  3.837210E+00
      4226.00  3.719550E+00
      4228.00  3.928330E+00
      4230.00  3.842650E+00
      4232.00  3.671660E+00
      4234.00  3.641230E+00
      4236.00  3.816290E+00
      4238.00  3.649990E+00
      4240.00  3.656530E+00
      4242.00  3.654860E+00
      4244.00  3.655850E+00
      4246.00  3.604430E+00
      4248.00  3.277170E+00
      4250.00  3.344570E+00
      4252.00  3.423320E+00
      4254.00  3.271950E+00
      4256.00  3.439080E+00
      4258.00  3.016870E+00
      4260.00  3.104830E+00
      4262.00  3.090310E+00
      4264.00  2.981820E+00
      4266.00  2.817430E+00
      4268.00  2.943890E+00
      4270.00  2.873940E+00
      4272.00  2.951600E+00
      4274.00  2.864320E+00
      4276.00  2.886970E+00
      4278.00  3.007390E+00
      4280.00  2.952520E+00
      4282.00  2.828020E+00
      4284.00  2.752390E+00
      4286.00  2.893470E+00
      4288.00  2.806170E+00
      4290.00  2.746660E+00
      4292.00  2.841080E+00
      4294.00  2.919720E+00
      4296.00  3.154450E+00
      4298.00  3.112650E+00
      4300.00  3.183400E+00
      4302.00  3.110700E+00
      4304.00  3.473490E+00
      4306.00  3.659770E+00
      4308.00  4.140480E+00
      4310.00  4.432680E+00
      4312.00  4.517990E+00
      4314.00  4.700070E+00
      4316.00  4.930230E+00
      4318.00  4.932080E+00
      4320.00  4.997910E+00
      4322.00  4.820240E+00
      4324.00  5.161090E+00
      4326.00  5.058710E+00
      4328.00  5.193000E+00
      4330.00  4.970040E+00
      4332.00  4.881770E+00
      4334.00  5.130460E+00
      4336.00  4.646510E+00
      4338.00  4.661940E+00
      4340.00  4.573740E+00
      4342.00  4.331560E+00
      4344.00  4.450650E+00
      4346.00  4.486230E+00
      4348.00  4.561480E+00
      4350.00  4.324100E+00
      4352.00  4.442060E+00
      4354.00  4.237440E+00
      4356.00  4.091390E+00
      4358.00  4.393060E+00
      4360.00  4.273340E+00
      4362.00  4.396010E+00
      4364.00  4.393540E+00
      4366.00  4.512530E+00
      4368.00  4.840830E+00
      4370.00  4.793190E+00
      4372.00  4.776070E+00
      4374.00  4.951550E+00
      4376.00  4.893410E+00
      4378.00  5.231210E+00
      4380.00  5.152970E+00
      4382.00  5.353000E+00
      4384.00  5.418830E+00
      4386.00  5.614120E+00
      4388.00  5.450560E+00
      4390.00  5.376680E+00
      4392.00  5.421340E+00
      4394.00  5.937150E+00
      4396.00  6.050410E+00
      4398.00  5.829010E+00
      4400.00  5.952600E+00
      4402.00  5.638880E+00
      4404.00  5.746260E+00
      4406.00  5.545120E+00
      4408.00  5.736930E+00
      4410.00  5.464070E+00
      4412.00  5.640790E+00
      4414.00  5.603160E+00
      4416.00  5.612180E+00
      4418.00  5.594910E+00
      4420.00  5.537700E+00
      4422.00  5.188060E+00
      4424.00  5.224580E+00
      4426.00  5.223610E+00
      4428.00  5.508620E+00
      4430.00  5.372500E+00
      4432.00  5.689750E+00
      4434.00  5.625070E+00
      4436.00  5.574200E+00
      4438.00  5.474560E+00
      4440.00  5.490480E+00
      4442.00  5.633020E+00
      4444.00  5.662580E+00
      4446.00  5.703160E+00
      4448.00  5.892720E+00
      4450.00  5.995680E+00
      4452.00  5.909190E+00
      4454.00  5.926640E+00
      4456.00  6.105050E+00
      4458.00  5.943500E+00
      4460.00  5.948240E+00
      4462.00  5.911110E+00
      4464.00  5.807380E+00
      4466.00  5.981060E+00
      4468.00  6.026100E+00
      4470.00  5.832950E+00
      4472.00  5.721880E+00
      4474.00  5.657650E+00
      4476.00  5.755790E+00
      4478.00  5.757020E+00
      4480.00  5.474860E+00
      4482.00  5.437820E+00
      4484.00  5.425570E+00
      4486.00  5.437350E+00
      4488.00  5.637270E+00
      4490.00  5.529110E+00
      4492.00  5.648360E+00
      4494.00  5.280530E+00
      4496.00  5.508030E+00
      4498.00  5.642050E+00
      4500.00  5.752720E+00
      4502.00  5.554970E+00
      4504.00  5.774540E+00
      4506.00  5.639040E+00
      4508.00  5.653340E+00
      4510.00  5.702690E+00
      4512.00  5.605470E+00
      4514.00  6.000860E+00
      4516.00  6.150010E+00
      4518.00  6.363250E+00
      4520.00  6.444960E+00
      4522.00  6.397430E+00
      4524.00  6.498680E+00
      4526.00  7.170240E+00
      4528.00  6.982600E+00
      4530.00  7.132770E+00
      4532.00  7.649240E+00
      4534.00  8.059950E+00
      4536.00  8.284250E+00
      4538.00  8.260870E+00
      4540.00  8.973380E+00
      4542.00  9.062140E+00
      4544.00  9.420560E+00
      4546.00  9.977070E+00
      4548.00  9.938030E+00
      4550.00  1.007340E+01
      4552.00  1.057030E+01
      4554.00  1.073280E+01
      4556.00  1.149110E+01
      4558.00  1.147770E+01
      4560.00  1.199580E+01
      4562.00  1.231340E+01
      4564.00  1.269700E+01
      4566.00  1.306330E+01
      4568.00  1.392000E+01
      4570.00  1.417480E+01
      4572.00  1.497210E+01
      4574.00  1.533390E+01
      4576.00  1.628320E+01
      4578.00  1.698730E+01
      4580.00  1.749370E+01
      4582.00  1.832520E+01
      4584.00  1.905730E+01
      4586.00  1.927990E+01
      4588.00  1.921450E+01
      4590.00  1.922590E+01
      4592.00  1.920940E+01
      4594.00  1.892010E+01
      4596.00  1.848160E+01
      4598.00  1.807060E+01
      4600.00  1.736690E+01
      4602.00  1.660830E+01
      4604.00  1.711910E+01
      4606.00  1.686020E+01
      4608.00  1.660300E+01
      4610.00  1.671580E+01
      4612.00  1.662900E+01
      4614.00  1.686880E+01
      4616.00  1.719270E+01
      4618.00  1.815530E+01
      4620.00  1.820930E+01
      4622.00  1.867540E+01
      4624.00  1.893520E+01
      4626.00  1.951600E+01
      4628.00  2.014680E+01
      4630.00  2.006030E+01
      4632.00  1.997840E+01
      4634.00  1.941970E+01
      4636.00  1.907290E+01
      4638.00  1.873680E+01
      4640.00  1.871590E+01
      4642.00  1.850410E+01
      4644.00  1.869610E+01
      4646.00  1.874880E+01
      4648.00  1.898520E+01
      4650.00  1.893840E+01
      4652.00  1.921550E+01
      4654.00  1.934870E+01
      4656.00  1.936100E+01
      4658.00  1.974040E+01
      4660.00  2.078790E+01
      4662.00  2.111040E+01
      4664.00  2.153850E+01
      4666.00  2.203460E+01
      4668.00  2.233590E+01
      4670.00  2.206130E+01
      4672.00  2.198700E+01
      4674.00  2.222640E+01
      4676.00  2.155990E+01
      4678.00  2.183150E+01
      4680.00  2.150280E+01
      4682.00  2.047990E+01
      4684.00  2.064340E+01
      4686.00  2.026330E+01
      4688.00  1.960160E+01
      4690.00  1.963820E+01
      4692.00  1.925030E+01
      4694.00  1.899070E+01
      4696.00  1.892780E+01
      4698.00  1.910890E+01
      4700.00  1.905000E+01
      4702.00  1.838120E+01
      4704.00  1.840050E+01
      4706.00  1.790670E+01
      4708.00  1.776810E+01
      4710.00  1.730210E+01
      4712.00  1.628110E+01
      4714.00  1.588670E+01
      4716.00  1.579020E+01
      4718.00  1.569570E+01
      4720.00  1.567130E+01
      4722.00  1.608460E+01
      4724.00  1.610710E+01
      4726.00  1.594830E+01
      4728.00  1.594410E+01
      4730.00  1.558690E+01
      4732.00  1.527960E+01
      4734.00  1.477080E+01
      4736.00  1.436080E+01
      4738.00  1.366670E+01
      4740.00  1.302860E+01
      4742.00  1.248590E+01
      4744.00  1.239120E+01
      4746.00  1.126610E+01
      4748.00  1.094040E+01
      4750.00  1.009260E+01
      4752.00  9.822890E+00
      4754.00  9.294780E+00
      4756.00  8.791730E+00
      4758.00  8.560900E+00
      4760.00  7.970110E+00
      4762.00  7.816570E+00
      4764.00  7.215000E+00
      4766.00  7.024490E+00
      4768.00  6.788920E+00
      4770.00  6.036420E+00
      4772.00  6.072980E+00
      4774.00  5.887210E+00
      4776.00  5.449120E+00
      4778.00  5.447850E+00
      4780.00  5.087980E+00
      4782.00  4.927150E+00
      4784.00  4.784540E+00
      4786.00  4.675780E+00
      4788.00  4.654540E+00
      4790.00  4.649550E+00
      4792.00  4.542190E+00
      4794.00  4.618970E+00
      4796.00  4.684900E+00
      4798.00  4.956010E+00
      4800.00  4.954300E+00
      4802.00  5.186610E+00
      4804.00  5.484330E+00
      4806.00  5.849430E+00
      4808.00  6.037880E+00
      4810.00  6.227280E+00
      4812.00  6.597970E+00
      4814.00  7.221880E+00
      4816.00  7.399470E+00
      4818.00  7.792110E+00
      4820.00  8.455860E+00
      4822.00  9.103380E+00
      4824.00  9.854940E+00
      4826.00  1.067620E+01
      4828.00  1.100850E+01
      4830.00  1.171210E+01
      4832.00  1.219430E+01
      4834.00  1.240180E+01
      4836.00  1.273020E+01
      4838.00  1.244870E+01
      4840.00  1.276780E+01
      4842.00  1.334460E+01
      4844.00  1.400940E+01
      4846.00  1.446430E+01
      4848.00  1.511390E+01
      4850.00  1.531340E+01
      4852.00  1.571210E+01
      4854.00  1.575390E+01
      4856.00  1.601460E+01
      4858.00  1.622810E+01
      4860.00  1.648240E+01
      4862.00  1.600860E+01
      4864.00  1.638680E+01
      4866.00  1.624430E+01
      4868.00  1.675680E+01
      4870.00  1.688070E+01
      4872.00  1.675400E+01
      4874.00  1.683520E+01
      4876.00  1.709910E+01
      4878.00  1.680040E+01
      4880.00  1.674330E+01
      4882.00  1.672800E+01
      4884.00  1.666580E+01
      4886.00  1.613190E+01
      4888.00  1.572040E+01
      4890.00  1.581030E+01
      4892.00  1.578830E+01
      4894.00  1.579300E+01
      4896.00  1.576700E+01
      4898.00  1.546250E+01
      4900.00  1.620480E+01
      4902.00  1.599700E+01
      4904.00  1.623210E+01
      4906.00  1.685540E+01
      4908.00  1.656620E+01
      4910.00  1.717920E+01
      4912.00  1.756070E+01
      4914.00  1.817410E+01
      4916.00  1.884970E+01
      4918.00  1.923210E+01
      4920.00  2.040830E+01
      4922.00  2.134770E+01
      4924.00  2.158160E+01
      4926.00  2.220210E+01
      4928.00  2.266680E+01
      4930.00  2.309760E+01
      4932.00  2.331920E+01
      4934.00  2.296450E+01
      4936.00  2.314390E+01
      4938.00  2.284830E+01
      4940.00  2.274480E+01
      4942.00  2.219940E+01
      4944.00  2.183290E+01
      4946.00  2.166080E+01
      4948.00  2.108590E+01
      4950.00  2.077090E+01
      4952.00  2.095030E+01
      4954.00  2.045350E+01
      4956.00  1.986520E+01
      4958.00  1.901050E+01
      4960.00  1.862700E+01
      4962.00  1.817770E+01
      4964.00  1.772910E+01
      4966.00  1.704420E+01
      4968.00  1.633900E+01
      4970.00  1.632590E+01
      4972.00  1.594770E+01
      4974.00  1.559270E+01
      4976.00  1.523510E+01
      4978.00  1.525580E+01
      4980.00  1.503980E+01
      4982.00  1.516000E+01
      4984.00  1.497640E+01
      4986.00  1.547020E+01
      4988.00  1.534180E+01
      4990.00  1.564600E+01
      4992.00  1.621930E+01
      4994.00  1.652040E+01
      4996.00  1.717660E+01
      4998.00  1.833440E+01
      5000.00  1.815780E+01
      5002.00  1.918280E+01
      5004.00  1.966440E+01
      5006.00  2.089370E+01
      5008.00  2.183810E+01
      5010.00  2.247400E+01
      5012.00  2.340610E+01
      5014.00  2.380940E+01
      5016.00  2.451730E+01
      5018.00  2.552790E+01
      5020.00  2.650770E+01
      5022.00  2.761580E+01
      5024.00  2.766490E+01
      5026.00  2.850110E+01
      5028.00  2.872830E+01
      5030.00  2.902570E+01
      5032.00  2.867650E+01
      5034.00  2.853800E+01
      5036.00  2.817250E+01
      5038.00  2.803430E+01
      5040.00  2.717020E+01
      5042.00  2.667700E+01
      5044.00  2.616030E+01
      5046.00  2.527490E+01
      5048.00  2.377520E+01
      5050.00  2.288900E+01
      5052.00  2.222190E+01
      5054.00  2.159220E+01
      5056.00  2.042590E+01
      5058.00  1.975470E+01
      5060.00  1.920020E+01
      5062.00  1.815030E+01
      5064.00  1.791150E+01
      5066.00  1.724760E+01
      5068.00  1.679720E+01
      5070.00  1.667710E+01
      5072.00  1.608520E+01
      5074.00  1.585370E+01
      5076.00  1.577940E+01
      5078.00  1.513810E+01
      5080.00  1.514860E+01
      5082.00  1.473900E+01
      5084.00  1.389530E+01
      5086.00  1.373370E+01
      5088.00  1.350520E+01
      5090.00  1.289870E+01
      5092.00  1.242260E+01
      5094.00  1.200030E+01
      5096.00  1.158630E+01
      5098.00  1.095830E+01
      5100.00  1.023960E+01
      5102.00  1.013980E+01
      5104.00  9.846940E+00
      5106.00  9.320010E+00
      5108.00  8.937570E+00
      5110.00  8.820310E+00
      5112.00  8.516250E+00
      5114.00  8.326110E+00
      5116.00  8.284400E+00
      5118.00  8.236850E+00
      5120.00  8.002830E+00
      5122.00  8.047800E+00
      5124.00  8.050490E+00
      5126.00  7.903400E+00
      5128.00  8.022140E+00
      5130.00  8.445500E+00
      5132.00  8.276910E+00
      5134.00  8.380410E+00
      5136.00  8.405940E+00
      5138.00  8.945720E+00
      5140.00  9.040180E+00
      5142.00  9.452740E+00
      5144.00  9.470320E+00
      5146.00  1.008790E+01
      5148.00  1.067000E+01
      5150.00  1.017010E+01
      5152.00  1.058450E+01
      5154.00  1.103130E+01
      5156.00  1.132260E+01
      5158.00  1.200490E+01
      5160.00  1.193560E+01
      5162.00  1.253130E+01
      5164.00  1.236030E+01
      5166.00  1.344690E+01
      5168.00  1.342500E+01
      5170.00  1.444280E+01
      5172.00  1.439520E+01
      5174.00  1.469820E+01
      5176.00  1.511330E+01
      5178.00  1.528700E+01
      5180.00  1.586500E+01
      5182.00  1.597630E+01
      5184.00  1.650600E+01
      5186.00  1.681900E+01
      5188.00  1.690270E+01
      5190.00  1.708890E+01
      5192.00  1.669890E+01
      5194.00  1.685220E+01
      5196.00  1.672000E+01
      5198.00  1.712310E+01
      5200.00  1.673850E+01
      5202.00  1.680670E+01
      5204.00  1.638160E+01
      5206.00  1.700740E+01
      5208.00  1.652610E+01
      5210.00  1.697300E+01
      5212.00  1.602240E+01
      5214.00  1.611060E+01
      5216.00  1.604230E+01
      5218.00  1.577420E+01
      5220.00  1.600690E+01
      5222.00  1.593290E+01
      5224.00  1.610370E+01
      5226.00  1.627980E+01
      5228.00  1.631960E+01
      5230.00  1.622790E+01
      5232.00  1.629270E+01
      5234.00  1.642490E+01
      5236.00  1.612120E+01
      5238.00  1.626190E+01
      5240.00  1.622250E+01
      5242.00  1.572810E+01
      5244.00  1.580680E+01
      5246.00  1.567370E+01
      5248.00  1.628690E+01
      5250.00  1.602690E+01
      5252.00  1.569850E+01
      5254.00  1.603510E+01
      5256.00  1.604970E+01
      5258.00  1.656790E+01
      5260.00  1.685220E+01
      5262.00  1.701060E+01
      5264.00  1.712360E+01
      5266.00  1.772860E+01
      5268.00  1.765880E+01
      5270.00  1.779760E+01
      5272.00  1.763370E+01
      5274.00  1.734000E+01
      5276.00  1.709410E+01
      5278.00  1.703500E+01
      5280.00  1.644640E+01
      5282.00  1.638670E+01
      5284.00  1.599460E+01
      5286.00  1.527730E+01
      5288.00  1.520550E+01
      5290.00  1.585890E+01
      5292.00  1.553880E+01
      5294.00  1.560430E+01
      5296.00  1.589060E+01
      5298.00  1.595040E+01
      5300.00  1.600940E+01
      5302.00  1.642920E+01
      5304.00  1.763390E+01
      5306.00  1.770540E+01
      5308.00  1.745460E+01
      5310.00  1.833300E+01
      5312.00  1.834140E+01
      5314.00  1.884790E+01
      5316.00  1.852500E+01
      5318.00  1.896200E+01
      5320.00  1.880410E+01
      5322.00  1.921170E+01
      5324.00  1.964800E+01
      5326.00  1.988680E+01
      5328.00  1.998080E+01
      5330.00  1.986050E+01
      5332.00  2.057700E+01
      5334.00  2.031730E+01
      5336.00  2.020780E+01
      5338.00  2.045140E+01
      5340.00  2.017400E+01
      5342.00  2.030740E+01
      5344.00  1.992610E+01
      5346.00  1.994280E+01
      5348.00  1.962840E+01
      5350.00  1.980750E+01
      5352.00  1.945060E+01
      5354.00  1.982120E+01
      5356.00  2.032010E+01
      5358.00  2.040790E+01
      5360.00  2.096250E+01
      5362.00  2.101180E+01
      5364.00  2.100500E+01
      5366.00  2.101060E+01
      5368.00  2.153950E+01
      5370.00  2.255970E+01
      5372.00  2.265630E+01
      5374.00  2.272560E+01
      5376.00  2.283650E+01
      5378.00  2.259210E+01
      5380.00  2.211320E+01
      5382.00  2.214320E+01
      5384.00  2.175200E+01
      5386.00  2.173390E+01
      5388.00  2.172100E+01
      5390.00  2.171650E+01
      5392.00  2.173960E+01
      5394.00  2.159450E+01
      5396.00  2.153920E+01
      5398.00  2.130160E+01
      5400.00  2.140790E+01
      5402.00  2.146550E+01
      5404.00  2.173360E+01
      5406.00  2.227540E+01
      5408.00  2.292130E+01
      5410.00  2.294910E+01
      5412.00  2.367400E+01
      5414.00  2.405190E+01
      5416.00  2.444630E+01
      5418.00  2.480690E+01
      5420.00  2.536950E+01
      5422.00  2.600030E+01
      5424.00  2.652000E+01
      5426.00  2.682100E+01
      5428.00  2.723150E+01
      5430.00  2.761220E+01
      5432.00  2.724250E+01
      5434.00  2.729370E+01
      5436.00  2.708670E+01
      5438.00  2.724190E+01
      5440.00  2.670340E+01
      5442.00  2.677740E+01
      5444.00  2.631620E+01
      5446.00  2.632200E+01
      5448.00  2.646100E+01
      5450.00  2.568960E+01
      5452.00  2.588520E+01
      5454.00  2.510240E+01
      5456.00  2.488160E+01
      5458.00  2.459580E+01
      5460.00  2.438300E+01
      5462.00  2.431980E+01
      5464.00  2.420530E+01
      5466.00  2.443620E+01
      5468.00  2.424400E+01
      5470.00  2.426180E+01
      5472.00  2.392130E+01
      5474.00  2.394430E+01
      5476.00  2.374320E+01
      5478.00  2.352480E+01
      5480.00  2.312010E+01
      5482.00  2.324090E+01
      5484.00  2.323770E+01
      5486.00  2.320440E+01
      5488.00  2.297160E+01
      5490.00  2.259330E+01
      5492.00  2.277510E+01
      5494.00  2.257290E+01
      5496.00  2.221630E+01
      5498.00  2.189590E+01
      5500.00  2.138510E+01
      5502.00  2.165630E+01
      5504.00  2.138180E+01
      5506.00  2.185060E+01
      5508.00  2.183880E+01
      5510.00  2.210230E+01
      5512.00  2.273290E+01
      5514.00  2.294550E+01
      5516.00  2.362410E+01
      5518.00  2.440400E+01
      5520.00  2.518730E+01
      5522.00  2.586510E+01
      5524.00  2.634400E+01
      5526.00  2.688010E+01
      5528.00  2.754790E+01
      5530.00  2.801680E+01
      5532.00  2.833120E+01
      5534.00  2.856520E+01
      5536.00  2.875650E+01
      5538.00  2.886510E+01
      5540.00  2.881250E+01
      5542.00  2.860650E+01
      5544.00  2.834990E+01
      5546.00  2.792470E+01
      5548.00  2.759440E+01
      5550.00  2.737920E+01
      5552.00  2.718170E+01
      5554.00  2.694800E+01
      5556.00  2.670410E+01
      5558.00  2.639790E+01
      5560.00  2.600700E+01
      5562.00  2.566710E+01
      5564.00  2.530100E+01
      5566.00  2.502370E+01
      5568.00  2.492190E+01
      5570.00  2.485840E+01
      5572.00  2.460430E+01
      5574.00  2.423180E+01
      5576.00  2.386080E+01
      5578.00  2.334070E+01
      5580.00  2.302650E+01
      5582.00  2.297670E+01
      5584.00  2.291850E+01
      5586.00  2.268000E+01
      5588.00  2.236540E+01
      5590.00  2.214440E+01
      5592.00  2.197420E+01
      5594.00  2.179120E+01
      5596.00  2.170210E+01
      5598.00  2.145110E+01
      5600.00  2.093960E+01
      5602.00  2.036270E+01
      5604.00  1.993250E+01
      5606.00  1.955830E+01
      5608.00  1.924510E+01
      5610.00  1.908090E+01
      5612.00  1.877500E+01
      5614.00  1.830590E+01
      5616.00  1.788210E+01
      5618.00  1.759160E+01
      5620.00  1.737040E+01
      5622.00  1.715950E+01
      5624.00  1.695080E+01
      5626.00  1.687490E+01
      5628.00  1.696720E+01
      5630.00  1.700220E+01
      5632.00  1.689720E+01
      5634.00  1.686830E+01
      5636.00  1.712460E+01
      5638.00  1.757770E+01
      5640.00  1.797490E+01
      5642.00  1.841900E+01
      5644.00  1.885090E+01
      5646.00  1.925080E+01
      5648.00  1.971330E+01
      5650.00  2.028870E+01
      5652.00  2.091120E+01
      5654.00  2.147530E+01
      5656.00  2.202020E+01
      5658.00  2.255720E+01
      5660.00  2.310590E+01
      5662.00  2.359460E+01
      5664.00  2.403700E+01
      5666.00  2.442120E+01
      5668.00  2.471710E+01
      5670.00  2.494560E+01
      5672.00  2.523250E+01
      5674.00  2.560610E+01
      5676.00  2.581730E+01
      5678.00  2.591430E+01
      5680.00  2.596750E+01
      5682.00  2.602570E+01
      5684.00  2.599850E+01
      5686.00  2.573890E+01
      5688.00  2.526250E+01
      5690.00  2.493980E+01
      5692.00  2.461790E+01
      5694.00  2.440480E+01
      5696.00  2.440770E+01
      5698.00  2.430150E+01
      5700.00  2.391150E+01
      5702.00  2.336020E+01
      5704.00  2.279800E+01
      5706.00  2.208100E+01
      5708.00  2.156910E+01
      5710.00  2.120860E+01
      5712.00  2.083860E+01
      5714.00  2.045330E+01
      5716.00  2.007700E+01
      5718.00  1.970670E+01
      5720.00  1.933840E+01
      5722.00  1.906680E+01
      5724.00  1.892440E+01
      5726.00  1.870020E+01
      5728.00  1.845350E+01
      5730.00  1.815600E+01
      5732.00  1.777050E+01
      5734.00  1.734870E+01
      5736.00  1.701290E+01
      5738.00  1.675870E+01
      5740.00  1.637270E+01
      5742.00  1.590730E+01
      5744.00  1.540410E+01
      5746.00  1.484160E+01
      5748.00  1.426080E+01
      5750.00  1.367820E+01
      5752.00  1.308780E+01
      5754.00  1.261240E+01
      5756.00  1.225760E+01
      5758.00  1.186050E+01
      5760.00  1.147460E+01
      5762.00  1.107620E+01
      5764.00  1.065340E+01
      5766.00  1.022530E+01
      5768.00  9.815790E+00
      5770.00  9.410520E+00
      5772.00  9.042280E+00
      5774.00  8.726730E+00
      5776.00  8.381030E+00
      5778.00  7.977470E+00
      5780.00  7.619190E+00
      5782.00  7.363320E+00
      5784.00  7.175030E+00
      5786.00  7.022520E+00
      5788.00  6.950080E+00
      5790.00  6.833060E+00
      5792.00  6.683300E+00
      5794.00  6.574550E+00
      5796.00  6.507290E+00
      5798.00  6.479550E+00
      5800.00  6.504050E+00
      5802.00  6.579020E+00
      5804.00  6.658720E+00
      5806.00  6.767660E+00
      5808.00  6.874820E+00
      5810.00  6.957510E+00
      5812.00  7.093480E+00
      5814.00  7.335860E+00
      5816.00  7.627320E+00
      5818.00  7.840530E+00
      5820.00  7.971280E+00
      5822.00  8.259350E+00
      5824.00  8.689890E+00
      5826.00  9.085660E+00
      5828.00  9.445600E+00
      5830.00  9.803430E+00
      5832.00  1.017270E+01
      5834.00  1.054680E+01
      5836.00  1.093610E+01
      5838.00  1.132950E+01
      5840.00  1.175260E+01
      5842.00  1.219160E+01
      5844.00  1.266660E+01
      5846.00  1.319880E+01
      5848.00  1.375440E+01
      5850.00  1.426960E+01
      5852.00  1.475470E+01
      5854.00  1.530020E+01
      5856.00  1.587560E+01
      5858.00  1.648720E+01
      5860.00  1.716050E+01
      5862.00  1.783070E+01
      5864.00  1.843460E+01
      5866.00  1.901600E+01
      5868.00  1.973100E+01
      5870.00  2.053520E+01
      5872.00  2.138980E+01
      5874.00  2.232640E+01
      5876.00  2.328650E+01
      5878.00  2.425310E+01
      5880.00  2.525840E+01
      5882.00  2.637060E+01
      5884.00  2.760710E+01
      5886.00  2.853150E+01
      5888.00  2.919990E+01
      5890.00  2.988900E+01
      5892.00  3.047970E+01
      5894.00  3.114160E+01
      5896.00  3.200410E+01
      5898.00  3.294520E+01
      5900.00  3.369790E+01
      5902.00  3.445860E+01
      5904.00  3.481120E+01
      5906.00  3.469450E+01
      5908.00  3.466870E+01
      5910.00  3.478940E+01
      5912.00  3.486750E+01
      5914.00  3.474070E+01
      5916.00  3.447060E+01
      5918.00  3.437770E+01
      5920.00  3.439690E+01
      5922.00  3.438690E+01
      5924.00  3.439400E+01
      5926.00  3.438620E+01
      5928.00  3.441870E+01
      5930.00  3.439000E+01
      5932.00  3.401940E+01
      5934.00  3.327820E+01
      5936.00  3.291200E+01
      5938.00  3.282600E+01
      5940.00  3.259510E+01
      5942.00  3.223290E+01
      5944.00  3.182690E+01
      5946.00  3.138160E+01
      5948.00  3.090350E+01
      5950.00  3.062400E+01
      5952.00  3.058470E+01
      5954.00  3.036750E+01
      5956.00  3.007530E+01
      5958.00  2.975820E+01
      5960.00  2.942470E+01
      5962.00  2.906310E+01
      5964.00  2.864810E+01
      5966.00  2.815580E+01
      5968.00  2.785360E+01
      5970.00  2.764320E+01
      5972.00  2.756510E+01
      5974.00  2.771060E+01
      5976.00  2.782830E+01
      5978.00  2.779050E+01
      5980.00  2.767750E+01
      5982.00  2.754310E+01
      5984.00  2.732310E+01
      5986.00  2.719490E+01
      5988.00  2.717450E+01
      5990.00  2.705750E+01
      5992.00  2.680620E+01
      5994.00  2.651350E+01
      5996.00  2.624690E+01
      5998.00  2.597120E+01
      6000.00  2.577070E+01
      6002.00  2.566260E+01
      6004.00  2.549830E+01
      6006.00  2.531610E+01
      6008.00  2.510330E+01
      6010.00  2.483390E+01
      6012.00  2.454450E+01
      6014.00  2.431900E+01
      6016.00  2.410410E+01
      6018.00  2.400430E+01
      6020.00  2.410510E+01
      6022.00  2.404640E+01
      6024.00  2.378560E+01
      6026.00  2.350180E+01
      6028.00  2.332100E+01
      6030.00  2.318170E+01
      6032.00  2.300390E+01
      6034.00  2.281720E+01
      6036.00  2.261430E+01
      6038.00  2.236220E+01
      6040.00  2.215940E+01
      6042.00  2.204990E+01
      6044.00  2.196740E+01
      6046.00  2.182020E+01
      6048.00  2.163870E+01
      6050.00  2.146660E+01
      6052.00  2.125380E+01
      6054.00  2.111520E+01
      6056.00  2.108350E+01
      6058.00  2.103250E+01
      6060.00  2.086910E+01
      6062.00  2.065910E+01
      6064.00  2.057050E+01
      6066.00  2.056180E+01
      6068.00  2.056390E+01
      6070.00  2.063830E+01
      6072.00  2.066510E+01
      6074.00  2.063310E+01
      6076.00  2.056490E+01
      6078.00  2.046920E+01
      6080.00  2.034230E+01
      6082.00  2.018420E+01
      6084.00  2.001180E+01
      6086.00  1.976980E+01
      6088.00  1.947060E+01
      6090.00  1.911170E+01
      6092.00  1.865280E+01
      6094.00  1.815150E+01
      6096.00  1.778860E+01
      6098.00  1.751620E+01
      6100.00  1.724560E+01
      6102.00  1.697130E+01
      6104.00  1.679160E+01
      6106.00  1.672840E+01
      6108.00  1.671620E+01
      6110.00  1.669690E+01
      6112.00  1.669630E+01
      6114.00  1.678700E+01
      6116.00  1.697010E+01
      6118.00  1.715950E+01
      6120.00  1.737540E+01
      6122.00  1.762290E+01
      6124.00  1.786240E+01
      6126.00  1.816460E+01
      6128.00  1.869410E+01
      6130.00  1.944650E+01
      6132.00  2.006680E+01
      6134.00  2.067310E+01
      6136.00  2.124420E+01
      6138.00  2.181310E+01
      6140.00  2.230590E+01
      6142.00  2.265890E+01
      6144.00  2.291160E+01
      6146.00  2.317350E+01
      6148.00  2.344250E+01
      6150.00  2.359040E+01
      6152.00  2.361080E+01
      6154.00  2.363020E+01
      6156.00  2.367260E+01
      6158.00  2.369750E+01
      6160.00  2.366630E+01
      6162.00  2.358610E+01
      6164.00  2.353780E+01
      6166.00  2.354060E+01
      6168.00  2.344830E+01
      6170.00  2.324750E+01
      6172.00  2.304450E+01
      6174.00  2.289280E+01
      6176.00  2.275210E+01
      6178.00  2.256480E+01
      6180.00  2.233990E+01
      6182.00  2.212770E+01
      6184.00  2.193800E+01
      6186.00  2.169640E+01
      6188.00  2.135370E+01
      6190.00  2.102610E+01
      6192.00  2.084300E+01
      6194.00  2.075490E+01
      6196.00  2.056640E+01
      6198.00  2.031580E+01
      6200.00  2.009310E+01
      6202.00  1.988430E+01
      6204.00  1.966890E+01
      6206.00  1.941950E+01
      6208.00  1.917700E+01
      6210.00  1.903460E+01
      6212.00  1.897930E+01
      6214.00  1.889040E+01
      6216.00  1.874620E+01
      6218.00  1.872960E+01
      6220.00  1.885120E+01
      6222.00  1.903760E+01
      6224.00  1.923630E+01
      6226.00  1.947570E+01
      6228.00  1.983310E+01
      6230.00  2.025400E+01
      6232.00  2.083300E+01
      6234.00  2.169150E+01
      6236.00  2.240900E+01
      6238.00  2.291230E+01
      6240.00  2.329360E+01
      6242.00  2.358610E+01
      6244.00  2.375500E+01
      6246.00  2.395860E+01
      6248.00  2.417580E+01
      6250.00  2.431270E+01
      6252.00  2.437410E+01
      6254.00  2.438830E+01
      6256.00  2.435940E+01
      6258.00  2.428950E+01
      6260.00  2.421520E+01
      6262.00  2.407380E+01
      6264.00  2.405860E+01
      6266.00  2.416140E+01
      6268.00  2.423660E+01
      6270.00  2.431020E+01
      6272.00  2.433220E+01
      6274.00  2.420080E+01
      6276.00  2.394170E+01
      6278.00  2.382210E+01
      6280.00  2.381040E+01
      6282.00  2.372000E+01
      6284.00  2.355310E+01
      6286.00  2.341440E+01
      6288.00  2.332680E+01
      6290.00  2.328240E+01
      6292.00  2.333140E+01
      6294.00  2.352580E+01
      6296.00  2.352490E+01
      6298.00  2.336750E+01
      6300.00  2.325430E+01
      6302.00  2.315330E+01
      6304.00  2.309800E+01
      6306.00  2.315690E+01
      6308.00  2.329710E+01
      6310.00  2.330200E+01
      6312.00  2.324360E+01
      6314.00  2.312930E+01
      6316.00  2.295990E+01
      6318.00  2.272740E+01
      6320.00  2.239240E+01
      6322.00  2.202590E+01
      6324.00  2.175560E+01
      6326.00  2.152630E+01
      6328.00  2.136400E+01
      6330.00  2.129680E+01
      6332.00  2.121030E+01
      6334.00  2.113960E+01
      6336.00  2.103990E+01
      6338.00  2.087360E+01
      6340.00  2.066510E+01
      6342.00  2.046550E+01
      6344.00  2.026610E+01
      6346.00  2.003190E+01
      6348.00  1.979840E+01
      6350.00  1.949230E+01
      6352.00  1.909150E+01
      6354.00  1.864040E+01
      6356.00  1.819460E+01
      6358.00  1.774220E+01
      6360.00  1.715940E+01
      6362.00  1.636820E+01
      6364.00  1.575290E+01
      6366.00  1.527370E+01
      6368.00  1.483000E+01
      6370.00  1.437760E+01
      6372.00  1.395380E+01
      6374.00  1.361860E+01
      6376.00  1.339050E+01
      6378.00  1.309010E+01
      6380.00  1.274720E+01
      6382.00  1.243610E+01
      6384.00  1.217390E+01
      6386.00  1.191170E+01
      6388.00  1.160450E+01
      6390.00  1.127140E+01
      6392.00  1.097530E+01
      6394.00  1.071930E+01
      6396.00  1.042180E+01
      6398.00  1.008740E+01
      6400.00  9.760080E+00
      6402.00  9.445230E+00
      6404.00  9.142470E+00
      6406.00  8.868870E+00
      6408.00  8.621130E+00
      6410.00  8.380000E+00
      6412.00  8.128210E+00
      6414.00  7.938340E+00
      6416.00  7.831590E+00
      6418.00  7.734020E+00
      6420.00  7.587850E+00
      6422.00  7.427200E+00
      6424.00  7.341160E+00
      6426.00  7.312960E+00
      6428.00  7.292410E+00
      6430.00  7.298390E+00
      6432.00  7.318800E+00
      6434.00  7.356340E+00
      6436.00  7.404700E+00
      6438.00  7.442350E+00
      6440.00  7.462860E+00
      6442.00  7.596570E+00
      6444.00  7.849190E+00
      6446.00  8.067330E+00
      6448.00  8.251830E+00
      6450.00  8.473220E+00
      6452.00  8.756730E+00
      6454.00  9.089380E+00
      6456.00  9.485280E+00
      6458.00  9.941260E+00
      6460.00  1.044920E+01
      6462.00  1.104050E+01
      6464.00  1.162880E+01
      6466.00  1.216830E+01
      6468.00  1.276640E+01
      6470.00  1.352780E+01
      6472.00  1.440700E+01
      6474.00  1.537640E+01
      6476.00  1.649720E+01
      6478.00  1.759740E+01
      6480.00  1.867090E+01
      6482.00  1.984340E+01
      6484.00  2.117350E+01
      6486.00  2.259640E+01
      6488.00  2.400980E+01
      6490.00  2.544050E+01
      6492.00  2.695230E+01
      6494.00  2.868460E+01
      6496.00  3.014690E+01
      6498.00  3.128180E+01
      6500.00  3.234690E+01
      6502.00  3.351260E+01
      6504.00  3.469360E+01
      6506.00  3.581740E+01
      6508.00  3.704530E+01
      6510.00  3.791350E+01
      6512.00  3.836280E+01
      6514.00  3.892700E+01
      6516.00  3.964870E+01
      6518.00  4.051610E+01
      6520.00  4.170050E+01
      6522.00  4.323880E+01
      6524.00  4.437130E+01
      6526.00  4.521550E+01
      6528.00  4.616740E+01
      6530.00  4.699610E+01
      6532.00  4.812030E+01
      6534.00  4.991880E+01
      6536.00  5.208930E+01
      6538.00  5.374980E+01
      6540.00  5.507410E+01
      6542.00  5.661270E+01
      6544.00  5.825330E+01
      6546.00  5.984500E+01
      6548.00  6.146810E+01
      6550.00  6.295590E+01
      6552.00  6.408500E+01
      6554.00  6.494800E+01
      6556.00  6.560260E+01
      6558.00  6.586730E+01
      6560.00  6.627450E+01
      6562.00  6.674090E+01
      6564.00  6.718150E+01
      6566.00  6.761870E+01
      6568.00  6.799930E+01
      6570.00  6.811980E+01
      6572.00  6.802680E+01
      6574.00  6.786140E+01
      6576.00  6.752320E+01
      6578.00  6.718620E+01
      6580.00  6.687200E+01
      6582.00  6.649830E+01
      6584.00  6.597560E+01
      6586.00  6.534450E+01
      6588.00  6.487770E+01
      6590.00  6.452120E+01
      6592.00  6.414390E+01
      6594.00  6.380360E+01
      6596.00  6.343530E+01
      6598.00  6.301820E+01
      6600.00  6.257750E+01
      6602.00  6.214640E+01
      6604.00  6.173150E+01
      6606.00  6.120920E+01
      6608.00  6.061240E+01
      6610.00  5.996030E+01
      6612.00  5.921730E+01
      6614.00  5.846450E+01
      6616.00  5.774360E+01
      6618.00  5.703530E+01
      6620.00  5.638200E+01
      6622.00  5.584650E+01
      6624.00  5.514770E+01
      6626.00  5.428850E+01
      6628.00  5.350010E+01
      6630.00  5.283990E+01
      6632.00  5.219910E+01
      6634.00  5.147200E+01
      6636.00  5.070020E+01
      6638.00  4.991390E+01
      6640.00  4.912120E+01
      6642.00  4.826430E+01
      6644.00  4.722010E+01
      6646.00  4.633990E+01
      6648.00  4.585980E+01
      6650.00  4.555750E+01
      6652.00  4.495200E+01
      6654.00  4.417890E+01
      6656.00  4.342140E+01
      6658.00  4.255290E+01
      6660.00  4.178740E+01
      6662.00  4.112500E+01
      6664.00  4.053860E+01
      6666.00  4.003770E+01
      6668.00  3.962240E+01
      6670.00  3.916390E+01
      6672.00  3.868780E+01
      6674.00  3.825320E+01
      6676.00  3.791930E+01
      6678.00  3.748420E+01
      6680.00  3.686880E+01
      6682.00  3.616290E+01
      6684.00  3.546900E+01
      6686.00  3.470500E+01
      6688.00  3.410400E+01
      6690.00  3.362060E+01
      6692.00  3.317060E+01
      6694.00  3.279090E+01
      6696.00  3.241740E+01
      6698.00  3.199160E+01
      6700.00  3.154650E+01
      6702.00  3.116260E+01
      6704.00  3.081090E+01
      6706.00  3.049420E+01
      6708.00  3.025690E+01
      6710.00  2.996980E+01
      6712.00  2.958300E+01
      6714.00  2.918290E+01
      6716.00  2.888180E+01
      6718.00  2.865030E+01
      6720.00  2.835260E+01
      6722.00  2.804420E+01
      6724.00  2.768670E+01
      6726.00  2.723640E+01
      6728.00  2.682290E+01
      6730.00  2.651200E+01
      6732.00  2.626070E+01
      6734.00  2.603490E+01
      6736.00  2.589780E+01
      6738.00  2.564540E+01
      6740.00  2.528470E+01
      6742.00  2.497660E+01
      6744.00  2.471950E+01
      6746.00  2.450600E+01
      6748.00  2.437140E+01
      6750.00  2.431400E+01
      6752.00  2.409820E+01
      6754.00  2.372020E+01
      6756.00  2.345070E+01
      6758.00  2.324720E+01
      6760.00  2.305710E+01
      6762.00  2.286510E+01
      6764.00  2.268360E+01
      6766.00  2.252020E+01
      6768.00  2.237390E+01
      6770.00  2.223570E+01
      6772.00  2.212430E+01
      6774.00  2.199090E+01
      6776.00  2.181180E+01
      6778.00  2.165390E+01
      6780.00  2.157120E+01
      6782.00  2.153690E+01
      6784.00  2.150400E+01
      6786.00  2.153240E+01
      6788.00  2.147390E+01
      6790.00  2.134190E+01
      6792.00  2.121320E+01
      6794.00  2.109530E+01
      6796.00  2.098470E+01
      6798.00  2.090550E+01
      6800.00  2.086960E+01
      6802.00  2.072860E+01
      6804.00  2.044200E+01
      6806.00  2.028720E+01
      6808.00  2.025810E+01
      6810.00  2.025960E+01
      6812.00  2.026320E+01
      6814.00  2.027700E+01
      6816.00  2.022100E+01
      6818.00  2.007080E+01
      6820.00  2.002630E+01
      6822.00  2.007770E+01
      6824.00  2.008020E+01
      6826.00  2.000950E+01
      6828.00  1.991770E+01
      6830.00  1.984460E+01
      6832.00  1.977140E+01
      6834.00  1.971660E+01
      6836.00  1.967550E+01
      6838.00  1.964330E+01
      6840.00  1.959740E+01
      6842.00  1.960040E+01
      6844.00  1.970840E+01
      6846.00  1.985670E+01
      6848.00  1.988900E+01
      6850.00  1.984900E+01
      6852.00  1.980460E+01
      6854.00  1.975000E+01
      6856.00  1.963960E+01
      6858.00  1.944810E+01
      6860.00  1.924100E+01
      6862.00  1.906790E+01
      6864.00  1.890510E+01
      6866.00  1.878200E+01
      6868.00  1.872380E+01
      6870.00  1.861230E+01
      6872.00  1.839830E+01
      6874.00  1.830290E+01
      6876.00  1.845580E+01
      6878.00  1.866840E+01
      6880.00  1.863560E+01
      6882.00  1.845720E+01
      6884.00  1.825790E+01
      6886.00  1.788270E+01
      6888.00  1.769510E+01
      6890.00  1.770630E+01
      6892.00  1.776690E+01
      6894.00  1.781690E+01
      6896.00  1.788130E+01
      6898.00  1.785990E+01
      6900.00  1.775300E+01
      6902.00  1.768530E+01
      6904.00  1.763050E+01
      6906.00  1.755900E+01
      6908.00  1.745030E+01
      6910.00  1.734410E+01
      6912.00  1.728820E+01
      6914.00  1.726070E+01
      6916.00  1.727900E+01
      6918.00  1.739430E+01
      6920.00  1.742290E+01
      6922.00  1.735020E+01
      6924.00  1.730640E+01
      6926.00  1.736380E+01
      6928.00  1.746250E+01
      6930.00  1.749560E+01
      6932.00  1.750030E+01
      6934.00  1.748590E+01
      6936.00  1.745970E+01
      6938.00  1.739140E+01
      6940.00  1.724050E+01
      6942.00  1.710040E+01
      6944.00  1.707070E+01
      6946.00  1.711020E+01
      6948.00  1.711820E+01
      6950.00  1.711500E+01
      6952.00  1.714540E+01
      6954.00  1.723990E+01
      6956.00  1.728560E+01
      6958.00  1.722940E+01
      6960.00  1.713390E+01
      6962.00  1.709570E+01
      6964.00  1.708660E+01
      6966.00  1.705650E+01
      6968.00  1.701900E+01
      6970.00  1.698030E+01
      6972.00  1.693530E+01
      6974.00  1.689420E+01
      6976.00  1.685040E+01
      6978.00  1.681050E+01
      6980.00  1.687260E+01
      6982.00  1.703980E+01
      6984.00  1.718490E+01
      6986.00  1.738830E+01
      6988.00  1.752520E+01
      6990.00  1.753640E+01
      6992.00  1.752330E+01
      6994.00  1.762000E+01
      6996.00  1.777820E+01
      6998.00  1.794570E+01
      7000.00  1.818560E+01
      7002.00  1.834980E+01
      7004.00  1.842440E+01
      7006.00  1.851010E+01
      7008.00  1.867640E+01
      7010.00  1.886780E+01
      7012.00  1.894800E+01
      7014.00  1.893460E+01
      7016.00  1.895290E+01
      7018.00  1.898090E+01
      7020.00  1.897300E+01
      7022.00  1.890460E+01
      7024.00  1.883110E+01
      7026.00  1.880650E+01
      7028.00  1.880540E+01
      7030.00  1.885170E+01
      7032.00  1.899630E+01
      7034.00  1.904600E+01
      7036.00  1.903450E+01
      7038.00  1.898760E+01
      7040.00  1.889470E+01
      7042.00  1.877780E+01
      7044.00  1.870850E+01
      7046.00  1.866000E+01
      7048.00  1.863000E+01
      7050.00  1.859400E+01
      7052.00  1.862930E+01
      7054.00  1.877230E+01
      7056.00  1.892160E+01
      7058.00  1.900990E+01
      7060.00  1.906930E+01
      7062.00  1.904350E+01
      7064.00  1.890390E+01
      7066.00  1.881260E+01
      7068.00  1.872820E+01
      7070.00  1.864390E+01
      7072.00  1.856350E+01
      7074.00  1.847920E+01
      7076.00  1.836790E+01
      7078.00  1.822020E+01
      7080.00  1.815970E+01
      7082.00  1.816420E+01
      7084.00  1.818060E+01
      7086.00  1.825530E+01
      7088.00  1.829280E+01
      7090.00  1.822870E+01
      7092.00  1.810300E+01
      7094.00  1.797520E+01
      7096.00  1.779600E+01
      7098.00  1.766880E+01
      7100.00  1.757250E+01
      7102.00  1.747930E+01
      7104.00  1.736060E+01
      7106.00  1.727580E+01
      7108.00  1.731010E+01
      7110.00  1.744270E+01
      7112.00  1.750270E+01
      7114.00  1.755890E+01
      7116.00  1.756910E+01
      7118.00  1.749700E+01
      7120.00  1.746100E+01
      7122.00  1.754550E+01
      7124.00  1.766270E+01
      7126.00  1.761130E+01
      7128.00  1.740920E+01
      7130.00  1.731140E+01
      7132.00  1.721940E+01
      7134.00  1.719670E+01
      7136.00  1.727650E+01
      7138.00  1.737360E+01
      7140.00  1.740110E+01
      7142.00  1.739620E+01
      7144.00  1.749850E+01
      7146.00  1.776810E+01
      7148.00  1.784570E+01
      7150.00  1.778620E+01
      7152.00  1.769040E+01
      7154.00  1.753800E+01
      7156.00  1.738450E+01
      7158.00  1.739240E+01
      7160.00  1.753450E+01
      7162.00  1.759810E+01
      7164.00  1.764490E+01
      7166.00  1.769050E+01
      7168.00  1.774580E+01
      7170.00  1.777920E+01
      7172.00  1.775520E+01
      7174.00  1.769820E+01
      7176.00  1.771550E+01
      7178.00  1.776940E+01
      7180.00  1.786030E+01
      7182.00  1.804920E+01
      7184.00  1.816060E+01
      7186.00  1.814900E+01
      7188.00  1.809380E+01
      7190.00  1.807490E+01
      7192.00  1.806040E+01
      7194.00  1.803670E+01
      7196.00  1.793050E+01
      7198.00  1.799180E+01
      7200.00  1.819530E+01
      7202.00  1.848570E+01
      7204.00  1.889710E+01
      7206.00  1.937080E+01
      7208.00  1.963400E+01
      7210.00  1.975170E+01
      7212.00  1.986890E+01
      7214.00  1.990100E+01
      7216.00  1.997070E+01
      7218.00  2.008920E+01
      7220.00  2.022060E+01
      7222.00  2.035270E+01
      7224.00  2.049600E+01
      7226.00  2.054880E+01
      7228.00  2.049520E+01
      7230.00  2.050010E+01
      7232.00  2.054340E+01
      7234.00  2.057360E+01
      7236.00  2.058590E+01
      7238.00  2.057620E+01
      7240.00  2.050840E+01
      7242.00  2.038460E+01
      7244.00  2.026600E+01
      7246.00  2.009320E+01
      7248.00  1.999160E+01
      7250.00  1.996660E+01
      7252.00  1.997260E+01
      7254.00  2.000020E+01
      7256.00  2.005080E+01
      7258.00  2.000720E+01
      7260.00  1.981410E+01
      7262.00  1.979830E+01
      7264.00  1.993460E+01
      7266.00  2.003350E+01
      7268.00  2.005640E+01
      7270.00  2.005460E+01
      7272.00  2.005630E+01
      7274.00  2.003510E+01
      7276.00  2.009970E+01
      7278.00  2.024450E+01
      7280.00  2.037700E+01
      7282.00  2.056630E+01
      7284.00  2.067680E+01
      7286.00  2.056780E+01
      7288.00  2.036150E+01
      7290.00  2.045500E+01
      7292.00  2.077190E+01
      7294.00  2.105280E+01
      7296.00  2.140420E+01
      7298.00  2.174000E+01
      7300.00  2.210510E+01
      7302.00  2.240630E+01
      7304.00  2.249060E+01
      7306.00  2.239880E+01
      7308.00  2.248660E+01
      7310.00  2.272670E+01
      7312.00  2.282370E+01
      7314.00  2.282410E+01
      7316.00  2.277690E+01
      7318.00  2.265290E+01
      7320.00  2.250830E+01
      7322.00  2.253650E+01
      7324.00  2.271580E+01
      7326.00  2.280290E+01
      7328.00  2.288990E+01
      7330.00  2.292300E+01
      7332.00  2.289990E+01
      7334.00  2.283660E+01
      7336.00  2.275610E+01
      7338.00  2.264760E+01
      7340.00  2.240000E+01
      7342.00  2.194660E+01
      7344.00  2.164070E+01
      7346.00  2.139270E+01
      7348.00  2.119050E+01
      7350.00  2.103880E+01
      7352.00  2.092760E+01
      7354.00  2.083420E+01
      7356.00  2.076480E+01
      7358.00  2.073810E+01
      7360.00  2.079630E+01
      7362.00  2.078800E+01
      7364.00  2.073930E+01
      7366.00  2.064080E+01
      7368.00  2.044870E+01
      7370.00  2.020210E+01
      7372.00  2.010290E+01
      7374.00  2.014230E+01
      7376.00  2.009100E+01
      7378.00  2.004720E+01
      7380.00  1.992160E+01
      7382.00  1.968040E+01
      7384.00  1.939050E+01
      7386.00  1.910600E+01
      7388.00  1.878300E+01
      7390.00  1.863560E+01
      7392.00  1.866600E+01
      7394.00  1.864060E+01
      7396.00  1.861030E+01
      7398.00  1.856480E+01
      7400.00  1.848400E+01
      7402.00  1.839060E+01
      7404.00  1.835080E+01
      7406.00  1.838160E+01
      7408.00  1.830150E+01
      7410.00  1.812720E+01
      7412.00  1.797390E+01
      7414.00  1.784030E+01
      7416.00  1.771330E+01
      7418.00  1.758860E+01
      7420.00  1.746750E+01
      7422.00  1.737230E+01
      7424.00  1.729970E+01
      7426.00  1.723590E+01
      7428.00  1.719230E+01
      7430.00  1.714710E+01
      7432.00  1.709280E+01
      7434.00  1.703780E+01
      7436.00  1.699090E+01
      7438.00  1.694830E+01
      7440.00  1.691230E+01
      7442.00  1.682880E+01
      7444.00  1.686460E+01
      7446.00  1.705500E+01
      7448.00  1.726410E+01
      7450.00  1.740400E+01
      7452.00  1.752160E+01
      7454.00  1.766410E+01
      7456.00  1.782060E+01
      7458.00  1.797180E+01
      7460.00  1.817070E+01
      7462.00  1.828160E+01
      7464.00  1.825460E+01
      7466.00  1.817720E+01
      7468.00  1.815240E+01
      7470.00  1.814190E+01
      7472.00  1.810960E+01
      7474.00  1.808420E+01
      7476.00  1.801100E+01
      7478.00  1.787390E+01
      7480.00  1.774010E+01
      7482.00  1.764550E+01
      7484.00  1.756430E+01
      7486.00  1.745920E+01
      7488.00  1.731020E+01
      7490.00  1.725350E+01
      7492.00  1.733180E+01
      7494.00  1.729680E+01
      7496.00  1.707740E+01
      7498.00  1.684770E+01
      7500.00  1.677800E+01
      7502.00  1.680120E+01
      7504.00  1.675680E+01
      7506.00  1.670460E+01
      7508.00  1.662390E+01
      7510.00  1.650540E+01
      7512.00  1.638710E+01
      7514.00  1.627110E+01
      7516.00  1.616350E+01
      7518.00  1.610180E+01
      7520.00  1.608440E+01
      7522.00  1.604670E+01
      7524.00  1.602080E+01
      7526.00  1.596930E+01
      7528.00  1.586660E+01
      7530.00  1.578220E+01
      7532.00  1.578700E+01
      7534.00  1.584360E+01
      7536.00  1.579300E+01
      7538.00  1.567520E+01
      7540.00  1.554070E+01
      7542.00  1.534160E+01
      7544.00  1.517330E+01
      7546.00  1.507570E+01
      7548.00  1.498610E+01
      7550.00  1.481310E+01
      7552.00  1.456970E+01
      7554.00  1.442400E+01
      7556.00  1.431490E+01
      7558.00  1.426660E+01
      7560.00  1.433010E+01
      7562.00  1.436680E+01
      7564.00  1.428650E+01
      7566.00  1.415000E+01
      7568.00  1.406800E+01
      7570.00  1.403690E+01
      7572.00  1.391870E+01
      7574.00  1.371790E+01
      7576.00  1.354120E+01
      7578.00  1.339560E+01
      7580.00  1.326420E+01
      7582.00  1.313590E+01
      7584.00  1.300940E+01
      7586.00  1.296170E+01
      7588.00  1.306630E+01
      7590.00  1.300000E+01
      7592.00  1.274960E+01
      7594.00  1.253420E+01
      7596.00  1.242010E+01
      7598.00  1.236750E+01
      7600.00  1.239700E+01
      7602.00  1.249800E+01
      7604.00  1.268320E+01
      7606.00  1.296470E+01
      7608.00  1.329430E+01
      7610.00  1.369800E+01
      7612.00  1.412470E+01
      7614.00  1.457770E+01
      7616.00  1.505950E+01
      7618.00  1.516150E+01
      7620.00  1.493850E+01
      7622.00  1.467390E+01
      7624.00  1.414220E+01
      7626.00  1.376390E+01
      7628.00  1.363900E+01
      7630.00  1.366660E+01
      7632.00  1.381480E+01
      7634.00  1.415190E+01
      7636.00  1.433780E+01
      7638.00  1.444630E+01
      7640.00  1.458140E+01
      7642.00  1.473230E+01
      7644.00  1.488950E+01
      7646.00  1.506310E+01
      7648.00  1.524270E+01
      7650.00  1.535430E+01
      7652.00  1.543100E+01
      7654.00  1.544800E+01
      7656.00  1.543200E+01
      7658.00  1.532670E+01
      7660.00  1.509730E+01
      7662.00  1.481250E+01
      7664.00  1.454650E+01
      7666.00  1.425700E+01
      7668.00  1.404970E+01
      7670.00  1.391120E+01
      7672.00  1.377400E+01
      7674.00  1.365030E+01
      7676.00  1.354250E+01
      7678.00  1.345200E+01
      7680.00  1.337670E+01
      7682.00  1.331040E+01
      7684.00  1.326630E+01
      7686.00  1.319720E+01
      7688.00  1.308390E+01
      7690.00  1.302670E+01
      7692.00  1.301610E+01
      7694.00  1.306110E+01
      7696.00  1.319590E+01
      7698.00  1.341010E+01
      7700.00  1.356120E+01
      7702.00  1.369150E+01
      7704.00  1.381970E+01
      7706.00  1.388740E+01
      7708.00  1.404200E+01
      7710.00  1.437390E+01
      7712.00  1.476350E+01
      7714.00  1.499740E+01
      7716.00  1.512820E+01
      7718.00  1.532080E+01
      7720.00  1.552820E+01
      7722.00  1.573690E+01
      7724.00  1.598920E+01
      7726.00  1.618690E+01
      7728.00  1.623810E+01
      7730.00  1.619570E+01
      7732.00  1.622890E+01
      7734.00  1.627240E+01
      7736.00  1.634790E+01
      7738.00  1.653490E+01
      7740.00  1.658850E+01
      7742.00  1.643920E+01
      7744.00  1.619910E+01
      7746.00  1.596530E+01
      7748.00  1.566250E+01
      7750.00  1.556910E+01
      7752.00  1.565250E+01
      7754.00  1.573060E+01
      7756.00  1.576880E+01
      7758.00  1.593780E+01
      7760.00  1.638170E+01
      7762.00  1.697190E+01
      7764.00  1.734110E+01
      7766.00  1.760100E+01
      7768.00  1.783860E+01
      7770.00  1.798610E+01
      7772.00  1.816730E+01
      7774.00  1.841800E+01
      7776.00  1.865340E+01
      7778.00  1.880520E+01
      7780.00  1.890880E+01
      7782.00  1.888050E+01
      7784.00  1.860200E+01
      7786.00  1.855450E+01
      7788.00  1.874130E+01
      7790.00  1.885900E+01
      7792.00  1.876680E+01
      7794.00  1.861080E+01
      7796.00  1.862360E+01
      7798.00  1.876320E+01
      7800.00  1.879910E+01
      7802.00  1.877040E+01
      7804.00  1.877440E+01
      7806.00  1.883620E+01
      7808.00  1.887530E+01
      7810.00  1.882710E+01
      7812.00  1.872370E+01
      7814.00  1.863380E+01
      7816.00  1.856090E+01
      7818.00  1.841340E+01
      7820.00  1.818640E+01
      7822.00  1.796370E+01
      7824.00  1.771410E+01
      7826.00  1.750820E+01
      7828.00  1.751270E+01
      7830.00  1.770260E+01
      7832.00  1.779410E+01
      7834.00  1.789590E+01
      7836.00  1.794870E+01
      7838.00  1.798750E+01
      7840.00  1.794780E+01
      7842.00  1.775580E+01
      7844.00  1.747170E+01
      7846.00  1.731470E+01
      7848.00  1.723450E+01
      7850.00  1.712610E+01
      7852.00  1.704990E+01
      7854.00  1.692020E+01
      7856.00  1.670290E+01
      7858.00  1.646900E+01
      7860.00  1.629000E+01
      7862.00  1.613260E+01
      7864.00  1.602640E+01
      7866.00  1.597670E+01
      7868.00  1.593440E+01
      7870.00  1.588730E+01
      7872.00  1.589480E+01
      7874.00  1.599130E+01
      7876.00  1.614350E+01
      7878.00  1.629640E+01
      7880.00  1.652550E+01
      7882.00  1.658240E+01
      7884.00  1.648050E+01
      7886.00  1.640830E+01
      7888.00  1.639280E+01
      7890.00  1.634150E+01
      7892.00  1.615860E+01
      7894.00  1.588440E+01
      7896.00  1.577540E+01
      7898.00  1.577630E+01
      7900.00  1.578090E+01
      7902.00  1.585590E+01
      7904.00  1.589260E+01
      7906.00  1.584100E+01
      7908.00  1.576790E+01
      7910.00  1.578210E+01
      7912.00  1.588230E+01
      7914.00  1.582280E+01
      7916.00  1.562320E+01
      7918.00  1.546370E+01
      7920.00  1.532060E+01
      7922.00  1.519240E+01
      7924.00  1.506770E+01
      7926.00  1.495940E+01
      7928.00  1.498080E+01
      7930.00  1.518540E+01
      7932.00  1.524360E+01
      7934.00  1.523340E+01
      7936.00  1.520810E+01
      7938.00  1.518710E+01
      7940.00  1.513450E+01
      7942.00  1.498710E+01
      7944.00  1.473840E+01
      7946.00  1.468650E+01
      7948.00  1.479300E+01
      7950.00  1.487050E+01
      7952.00  1.498280E+01
      7954.00  1.505750E+01
      7956.00  1.505050E+01
      7958.00  1.499620E+01
      7960.00  1.494260E+01
      7962.00  1.483500E+01
      7964.00  1.482880E+01
      7966.00  1.489520E+01
      7968.00  1.498030E+01
      7970.00  1.511620E+01
      7972.00  1.523730E+01
      7974.00  1.525750E+01
      7976.00  1.520940E+01
      7978.00  1.523710E+01
      7980.00  1.530700E+01
      7982.00  1.537020E+01
      7984.00  1.544760E+01
      7986.00  1.551390E+01
      7988.00  1.557620E+01
      7990.00  1.561610E+01
      7992.00  1.557340E+01
      7994.00  1.545260E+01
      7996.00  1.535290E+01
      7998.00  1.525730E+01
      8000.00  1.512290E+01
      8002.00  1.489870E+01
      8004.00  1.471800E+01
      8006.00  1.469800E+01
      8008.00  1.477460E+01
      8010.00  1.476350E+01
      8012.00  1.468300E+01
      8014.00  1.468900E+01
      8016.00  1.474960E+01
      8018.00  1.482930E+01
      8020.00  1.492470E+01
      8022.00  1.503820E+01
      8024.00  1.518330E+01
      8026.00  1.539010E+01
      8028.00  1.539010E+01
      8030.00  1.517010E+01
      8032.00  1.504630E+01
      8034.00  1.496050E+01
      8036.00  1.492320E+01
      8038.00  1.496820E+01
      8040.00  1.506340E+01
      8042.00  1.509640E+01
      8044.00  1.514250E+01
      8046.00  1.506660E+01
      8048.00  1.484840E+01
      8050.00  1.466700E+01
      8052.00  1.450400E+01
      8054.00  1.439100E+01
      8056.00  1.440830E+01
      8058.00  1.453580E+01
      8060.00  1.455440E+01
      8062.00  1.449380E+01
      8064.00  1.449420E+01
      8066.00  1.456510E+01
      8068.00  1.459760E+01
      8070.00  1.455140E+01
      8072.00  1.446010E+01
      8074.00  1.434410E+01
      8076.00  1.413710E+01
      8078.00  1.412140E+01
      8080.00  1.430060E+01
      8082.00  1.439870E+01
      8084.00  1.443350E+01
      8086.00  1.442100E+01
      8088.00  1.433670E+01
      8090.00  1.419270E+01
      8092.00  1.413040E+01
      8094.00  1.416070E+01
      8096.00  1.408330E+01
      8098.00  1.394600E+01
      8100.00  1.376580E+01
      8102.00  1.350630E+01
      8104.00  1.323720E+01
      8106.00  1.309410E+01
      8108.00  1.303010E+01
      8110.00  1.299870E+01
      8112.00  1.306740E+01
      8114.00  1.306970E+01
      8116.00  1.299510E+01
      8118.00  1.293210E+01
      8120.00  1.293440E+01
      8122.00  1.296820E+01
      8124.00  1.297440E+01
      8126.00  1.292210E+01
      8128.00  1.300250E+01
      8130.00  1.318180E+01
      8132.00  1.339390E+01
      8134.00  1.368700E+01
      8136.00  1.396020E+01
      8138.00  1.405970E+01
      8140.00  1.403650E+01
      8142.00  1.404720E+01
      8144.00  1.405520E+01
      8146.00  1.401320E+01
      8148.00  1.387540E+01
      8150.00  1.378760E+01
      8152.00  1.385630E+01
      8154.00  1.397180E+01
      8156.00  1.387730E+01
      8158.00  1.359070E+01
      8160.00  1.345590E+01
      8162.00  1.337260E+01
      8164.00  1.332830E+01
      8166.00  1.335530E+01
      8168.00  1.338230E+01
      8170.00  1.333350E+01
      8172.00  1.324190E+01
      8174.00  1.319150E+01
      8176.00  1.313920E+01
      8178.00  1.313370E+01
      8180.00  1.319770E+01
      8182.00  1.323470E+01
      8184.00  1.318290E+01
      8186.00  1.312970E+01
      8188.00  1.324030E+01
      8190.00  1.351500E+01
      8192.00  1.358150E+01
      8194.00  1.348330E+01
      8196.00  1.344770E+01
      8198.00  1.347880E+01
      8200.00  1.349530E+01
      8202.00  1.342630E+01
      8204.00  1.331830E+01
      8206.00  1.336220E+01
      8208.00  1.356320E+01
      8210.00  1.367010E+01
      8212.00  1.374280E+01
      8214.00  1.382010E+01
      8216.00  1.391170E+01
      8218.00  1.400090E+01
      8220.00  1.407680E+01
      8222.00  1.415240E+01
      8224.00  1.415580E+01
      8226.00  1.405570E+01
      8228.00  1.402750E+01
      8230.00  1.408890E+01
      8232.00  1.411080E+01
      8234.00  1.403090E+01
      8236.00  1.389290E+01
      8238.00  1.374160E+01
      8240.00  1.351920E+01
      8242.00  1.339600E+01
      8244.00  1.337270E+01
      8246.00  1.329500E+01
      8248.00  1.314180E+01
      8250.00  1.297260E+01
      8252.00  1.281570E+01
      8254.00  1.265080E+01
      8256.00  1.262630E+01
      8258.00  1.279590E+01
      8260.00  1.281800E+01
      8262.00  1.274760E+01
      8264.00  1.265320E+01
      8266.00  1.254180E+01
      8268.00  1.241700E+01
      8270.00  1.231600E+01
      8272.00  1.221750E+01
      8274.00  1.215760E+01
      8276.00  1.215880E+01
      8278.00  1.211770E+01
      8280.00  1.204950E+01
      8282.00  1.194460E+01
      8284.00  1.177660E+01
      8286.00  1.156080E+01
      8288.00  1.139740E+01
      8290.00  1.131030E+01
      8292.00  1.110020E+01
      8294.00  1.077850E+01
      8296.00  1.047130E+01
      8298.00  1.020560E+01
      8300.00  9.946000E+00
      8302.00  9.660790E+00
      8304.00  9.351130E+00
      8306.00  9.101540E+00
      8308.00  8.910240E+00
      8310.00  8.697200E+00
      8312.00  8.466530E+00
      8314.00  8.241220E+00
      8316.00  8.029700E+00
      8318.00  7.827860E+00
      8320.00  7.641440E+00
      8322.00  7.470410E+00
      8324.00  7.306960E+00
      8326.00  7.169380E+00
      8328.00  7.010660E+00
      8330.00  6.815890E+00
      8332.00  6.617990E+00
      8334.00  6.449230E+00
      8336.00  6.295920E+00
      8338.00  6.153170E+00
      8340.00  6.019490E+00
      8342.00  5.905020E+00
      8344.00  5.804000E+00
      8346.00  5.725910E+00
      8348.00  5.696950E+00
      8350.00  5.679940E+00
      8352.00  5.565910E+00
      8354.00  5.345430E+00
      8356.00  5.255840E+00
      8358.00  5.262270E+00
      8360.00  5.249750E+00
      8362.00  5.223040E+00
      8364.00  5.193050E+00
      8366.00  5.155850E+00
      8368.00  5.113110E+00
      8370.00  5.100030E+00
      8372.00  5.118760E+00
      8374.00  5.121540E+00
      8376.00  5.115310E+00
      8378.00  5.115920E+00
      8380.00  5.138960E+00
      8382.00  5.158860E+00
      8384.00  5.128270E+00
      8386.00  5.055800E+00
      8388.00  5.005470E+00
      8390.00  4.945540E+00
      8392.00  4.912350E+00
      8394.00  4.908150E+00
      8396.00  4.914440E+00
      8398.00  4.921940E+00
      8400.00  4.935520E+00
      8402.00  4.954100E+00
      8404.00  4.962230E+00
      8406.00  5.017280E+00
      8408.00  5.099230E+00
      8410.00  5.217150E+00
      8412.00  5.392210E+00
      8414.00  5.581310E+00
      8416.00  5.724300E+00
      8418.00  5.841180E+00
      8420.00  5.987050E+00
      8422.00  6.123090E+00
      8424.00  6.317060E+00
      8426.00  6.580790E+00
      8428.00  6.848060E+00
      8430.00  7.111430E+00
      8432.00  7.361990E+00
      8434.00  7.512410E+00
      8436.00  7.560460E+00
      8438.00  7.655990E+00
      8440.00  7.691430E+00
      8442.00  7.853940E+00
      8444.00  8.209410E+00
      8446.00  8.585550E+00
      8448.00  8.832750E+00
      8450.00  9.018090E+00
      8452.00  9.189440E+00
      8454.00  9.296850E+00
      8456.00  9.453230E+00
      8458.00  9.630300E+00
      8460.00  9.828900E+00
      8462.00  1.008830E+01
      8464.00  1.034180E+01
      8466.00  1.044140E+01
      8468.00  1.043800E+01
      8470.00  1.036870E+01
      8472.00  1.005320E+01
      8474.00  1.001620E+01
      8476.00  1.032340E+01
      8478.00  1.066130E+01
      8480.00  1.082910E+01
      8482.00  1.093420E+01
      8484.00  1.109860E+01
      8486.00  1.127760E+01
      8488.00  1.147820E+01
      8490.00  1.171470E+01
      8492.00  1.194050E+01
      8494.00  1.213300E+01
      8496.00  1.233260E+01
      8498.00  1.259660E+01
      8500.00  1.291280E+01
      8502.00  1.318870E+01
      8504.00  1.343250E+01
      8506.00  1.371310E+01
      8508.00  1.403720E+01
      8510.00  1.435550E+01
      8512.00  1.465000E+01
      8514.00  1.492930E+01
      8516.00  1.517780E+01
      8518.00  1.538190E+01
      8520.00  1.562010E+01
      8522.00  1.594270E+01
      8524.00  1.613050E+01
      8526.00  1.611470E+01
      8528.00  1.606010E+01
      8530.00  1.613230E+01
      8532.00  1.626740E+01
      8534.00  1.629900E+01
      8536.00  1.623790E+01
      8538.00  1.623090E+01
      8540.00  1.621880E+01
      8542.00  1.627020E+01
      8544.00  1.643290E+01
      8546.00  1.664900E+01
      8548.00  1.681010E+01
      8550.00  1.696310E+01
      8552.00  1.708090E+01
      8554.00  1.715110E+01
      8556.00  1.723740E+01
      8558.00  1.735740E+01
      8560.00  1.745470E+01
      8562.00  1.747110E+01
      8564.00  1.743720E+01
      8566.00  1.749910E+01
      8568.00  1.761250E+01
      8570.00  1.775670E+01
      8572.00  1.794850E+01
      8574.00  1.815700E+01
      8576.00  1.837340E+01
      8578.00  1.861000E+01
      8580.00  1.887860E+01
      8582.00  1.917270E+01
      8584.00  1.950420E+01
      8586.00  1.987450E+01
      8588.00  2.026710E+01
      8590.00  2.074730E+01
      8592.00  2.115790E+01
      8594.00  2.137160E+01
      8596.00  2.148320E+01
      8598.00  2.174960E+01
      8600.00  2.211210E+01
      8602.00  2.244400E+01
      8604.00  2.273910E+01
      8606.00  2.312590E+01
      8608.00  2.364870E+01
      8610.00  2.421320E+01
      8612.00  2.473750E+01
      8614.00  2.526830E+01
      8616.00  2.566830E+01
      8618.00  2.590980E+01
      8620.00  2.623040E+01
      8622.00  2.655630E+01
      8624.00  2.694920E+01
      8626.00  2.748100E+01
      8628.00  2.806470E+01
      8630.00  2.847540E+01
      8632.00  2.872630E+01
      8634.00  2.914380E+01
      8636.00  2.967400E+01
      8638.00  3.017820E+01
      8640.00  3.061040E+01
      8642.00  3.110040E+01
      8644.00  3.179410E+01
      8646.00  3.262790E+01
      8648.00  3.322530E+01
      8650.00  3.360220E+01
      8652.00  3.413560E+01
      8654.00  3.477730E+01
      8656.00  3.538930E+01
      8658.00  3.598020E+01
      8660.00  3.650920E+01
      8662.00  3.683250E+01
      8664.00  3.696050E+01
      8666.00  3.717410E+01
      8668.00  3.746450E+01
      8670.00  3.758270E+01
      8672.00  3.749850E+01
      8674.00  3.737050E+01
      8676.00  3.727650E+01
      8678.00  3.717890E+01
      8680.00  3.712640E+01
      8682.00  3.713590E+01
      8684.00  3.708610E+01
      8686.00  3.704820E+01
      8688.00  3.691970E+01
      8690.00  3.663630E+01
      8692.00  3.632370E+01
      8694.00  3.612490E+01
      8696.00  3.596630E+01
      8698.00  3.597470E+01
      8700.00  3.626740E+01
      8702.00  3.633190E+01
      8704.00  3.629910E+01
      8706.00  3.608650E+01
      8708.00  3.560530E+01
      8710.00  3.494440E+01
      8712.00  3.432590E+01
      8714.00  3.360280E+01
      8716.00  3.305140E+01
      8718.00  3.261240E+01
      8720.00  3.221360E+01
      8722.00  3.188490E+01
      8724.00  3.156790E+01
      8726.00  3.118080E+01
      8728.00  3.075460E+01
      8730.00  3.044720E+01
      8732.00  3.020630E+01
      8734.00  3.002980E+01
      8736.00  2.996270E+01
      8738.00  2.988380E+01
      8740.00  2.977780E+01
      8742.00  2.964200E+01
      8744.00  2.941390E+01
      8746.00  2.911330E+01
      8748.00  2.876370E+01
      8750.00  2.832500E+01
      8752.00  2.789910E+01
      8754.00  2.746460E+01
      8756.00  2.704430E+01
      8758.00  2.663730E+01
      8760.00  2.624960E+01
      8762.00  2.603250E+01
      8764.00  2.607840E+01
      8766.00  2.589080E+01
      8768.00  2.560500E+01
      8770.00  2.524130E+01
      8772.00  2.473680E+01
      8774.00  2.421580E+01
      8776.00  2.389700E+01
      8778.00  2.372600E+01
      8780.00  2.342720E+01
      8782.00  2.304330E+01
      8784.00  2.271980E+01
      8786.00  2.241360E+01
      8788.00  2.216990E+01
      8790.00  2.200150E+01
      8792.00  2.190890E+01
      8794.00  2.196720E+01
      8796.00  2.229070E+01
      8798.00  2.231930E+01
      8800.00  2.222850E+01
      8802.00  2.199390E+01
      8804.00  2.152580E+01
      8806.00  2.101900E+01
      8808.00  2.069810E+01
      8810.00  2.047260E+01
      8812.00  2.021030E+01
      8814.00  1.990000E+01
      8816.00  1.972260E+01
      8818.00  1.971380E+01
      8820.00  1.966830E+01
      8822.00  1.951580E+01
      8824.00  1.931280E+01
      8826.00  1.909370E+01
      8828.00  1.883170E+01
      8830.00  1.859440E+01
      8832.00  1.835840E+01
      8834.00  1.813160E+01
      8836.00  1.788760E+01
      8838.00  1.768660E+01
      8840.00  1.759680E+01
      8842.00  1.758420E+01
      8844.00  1.749230E+01
      8846.00  1.733100E+01
      8848.00  1.724880E+01
      8850.00  1.720270E+01
      8852.00  1.720040E+01
      8854.00  1.727410E+01
      8856.00  1.736530E+01
      8858.00  1.735550E+01
      8860.00  1.725260E+01
      8862.00  1.732100E+01
      8864.00  1.762950E+01
      8866.00  1.769550E+01
      8868.00  1.757670E+01
      8870.00  1.731450E+01
      8872.00  1.686190E+01
      8874.00  1.627270E+01
      8876.00  1.586750E+01
      8878.00  1.554360E+01
      8880.00  1.525730E+01
      8882.00  1.506970E+01
      8884.00  1.484030E+01
      8886.00  1.452670E+01
      8888.00  1.421630E+01
      8890.00  1.399900E+01
      8892.00  1.383990E+01
      8894.00  1.369950E+01
      8896.00  1.363710E+01
      8898.00  1.350170E+01
      8900.00  1.327520E+01
      8902.00  1.308800E+01
      8904.00  1.298580E+01
      8906.00  1.293920E+01
      8908.00  1.295220E+01
      8910.00  1.305560E+01
      8912.00  1.310530E+01
      8914.00  1.313660E+01
      8916.00  1.317520E+01
      8918.00  1.324040E+01
      8920.00  1.328370E+01
      8922.00  1.325200E+01
      8924.00  1.316780E+01
      8926.00  1.313500E+01
      8928.00  1.302460E+01
      8930.00  1.315110E+01
      8932.00  1.355350E+01
      8934.00  1.390230E+01
      8936.00  1.410160E+01
      8938.00  1.425390E+01
      8940.00  1.445910E+01
      8942.00  1.471220E+01
      8944.00  1.481240E+01
      8946.00  1.481100E+01
      8948.00  1.474400E+01
      8950.00  1.454790E+01
      8952.00  1.436590E+01
      8954.00  1.429670E+01
      8956.00  1.428630E+01
      8958.00  1.428580E+01
      8960.00  1.442150E+01
      8962.00  1.430990E+01
      8964.00  1.397350E+01
      8966.00  1.367080E+01
      8968.00  1.339560E+01
      8970.00  1.317650E+01
      8972.00  1.312710E+01
      8974.00  1.322970E+01
      8976.00  1.321990E+01
      8978.00  1.316800E+01
      8980.00  1.312270E+01
      8982.00  1.309680E+01
      8984.00  1.303330E+01
      8986.00  1.286840E+01
      8988.00  1.266960E+01
      8990.00  1.264440E+01
      8992.00  1.275760E+01
      8994.00  1.283840E+01
      8996.00  1.301950E+01
      8998.00  1.305790E+01
      9000.00  1.286120E+01
      9002.00  1.265700E+01
      9004.00  1.266400E+01
      9006.00  1.279030E+01
      9008.00  1.289300E+01
      9010.00  1.309020E+01
      9012.00  1.314860E+01
      9014.00  1.313460E+01
      9016.00  1.301880E+01
      9018.00  1.274120E+01
      9020.00  1.239260E+01
      9022.00  1.217250E+01
      9024.00  1.199830E+01
      9026.00  1.189950E+01
      9028.00  1.188630E+01
      9030.00  1.189920E+01
      9032.00  1.199690E+01
      9034.00  1.205480E+01
      9036.00  1.195800E+01
      9038.00  1.176790E+01
      9040.00  1.164720E+01
      9042.00  1.153080E+01
      9044.00  1.144830E+01
      9046.00  1.140680E+01
      9048.00  1.136240E+01
      9050.00  1.132260E+01
      9052.00  1.126790E+01
      9054.00  1.115410E+01
      9056.00  1.099750E+01
      9058.00  1.081120E+01
      9060.00  1.057290E+01
      9062.00  1.034030E+01
      9064.00  1.004940E+01
      9066.00  9.837860E+00
      9068.00  9.787830E+00
      9070.00  9.845140E+00
      9072.00  9.942380E+00
      9074.00  1.015770E+01
      9076.00  1.028200E+01
      9078.00  1.033360E+01
      9080.00  1.044230E+01
      9082.00  1.065540E+01
      9084.00  1.086740E+01
      9086.00  1.095590E+01
      9088.00  1.095960E+01
      9090.00  1.108430E+01
      9092.00  1.122780E+01
      9094.00  1.150310E+01
      9096.00  1.200930E+01
      9098.00  1.241500E+01
      9100.00  1.257530E+01
      9102.00  1.262230E+01
      9104.00  1.272460E+01
      9106.00  1.281480E+01
      9108.00  1.290990E+01
      9110.00  1.304130E+01
      9112.00  1.309710E+01
      9114.00  1.308300E+01
      9116.00  1.300800E+01
      9118.00  1.286740E+01
      9120.00  1.266350E+01
      9122.00  1.242960E+01
      9124.00  1.204020E+01
      9126.00  1.188070E+01
      9128.00  1.192540E+01
      9130.00  1.195860E+01
      9132.00  1.195350E+01
      9134.00  1.192300E+01
      9136.00  1.181290E+01
      9138.00  1.161490E+01
      9140.00  1.151950E+01
      9142.00  1.146640E+01
      9144.00  1.145600E+01
      9146.00  1.151850E+01
      9148.00  1.157830E+01
      9150.00  1.157570E+01
      9152.00  1.155070E+01
      9154.00  1.160660E+01
      9156.00  1.171940E+01
      9158.00  1.184270E+01
      9160.00  1.210170E+01
      9162.00  1.217180E+01
      9164.00  1.192860E+01
      9166.00  1.162130E+01
      9168.00  1.154910E+01
      9170.00  1.162020E+01
      9172.00  1.146540E+01
      9174.00  1.110030E+01
      9176.00  1.086540E+01
      9178.00  1.071950E+01
      9180.00  1.058960E+01
      9182.00  1.045430E+01
      9184.00  1.032550E+01
      9186.00  1.019720E+01
      9188.00  1.008610E+01
      9190.00  9.928160E+00
      9192.00  9.644980E+00
      9194.00  9.531370E+00
      9196.00  9.613530E+00
      9198.00  9.791100E+00
      9200.00  1.002750E+01
      9202.00  1.034670E+01
      9204.00  1.049590E+01
      9206.00  1.050650E+01
      9208.00  1.055890E+01
      9210.00  1.057100E+01
      9212.00  1.064420E+01
      9214.00  1.082020E+01
      9216.00  1.104940E+01
      9218.00  1.126430E+01
      9220.00  1.148340E+01
      9222.00  1.175210E+01
      9224.00  1.208240E+01
      9226.00  1.239270E+01
      9228.00  1.271780E+01
      9230.00  1.299800E+01
      9232.00  1.316000E+01
      9234.00  1.325150E+01
      9236.00  1.347840E+01
      9238.00  1.382180E+01
      9240.00  1.409780E+01
      9242.00  1.445480E+01
      9244.00  1.462120E+01
      9246.00  1.446780E+01
      9248.00  1.422940E+01
      9250.00  1.421720E+01
      9252.00  1.433740E+01
      9254.00  1.429300E+01
      9256.00  1.414340E+01
      9258.00  1.400560E+01
      9260.00  1.377560E+01
      9262.00  1.366600E+01
      9264.00  1.387340E+01
      9266.00  1.421230E+01
      9268.00  1.415710E+01
      9270.00  1.379110E+01
      9272.00  1.355770E+01
      9274.00  1.324260E+01
      9276.00  1.308760E+01
      9278.00  1.317160E+01
      9280.00  1.330270E+01
      9282.00  1.329420E+01
      9284.00  1.322210E+01
      9286.00  1.322380E+01
      9288.00  1.327210E+01
      9290.00  1.330560E+01
      9292.00  1.331320E+01
      9294.00  1.336380E+01
      9296.00  1.345550E+01
      9298.00  1.360860E+01
      9300.00  1.394220E+01
      9302.00  1.457870E+01
      9304.00  1.466220E+01
      9306.00  1.433870E+01
      9308.00  1.397260E+01
      9310.00  1.347050E+01
      9312.00  1.296420E+01
      9314.00  1.255800E+01
      9316.00  1.220290E+01
      9318.00  1.200540E+01
      9320.00  1.201170E+01
      9322.00  1.193960E+01
      9324.00  1.186130E+01
      9326.00  1.179440E+01
      9328.00  1.177420E+01
      9330.00  1.173560E+01
      9332.00  1.151610E+01
      9334.00  1.105750E+01
      9336.00  1.123980E+01
      9338.00  1.214240E+01
      9340.00  1.262280E+01
      9342.00  1.276230E+01
      9344.00  1.282530E+01
      9346.00  1.301050E+01
      9348.00  1.315220E+01
      9350.00  1.269230E+01
      9352.00  1.144800E+01
      9354.00  1.088340E+01
      9356.00  1.063520E+01
      9358.00  1.049320E+01
      9360.00  1.051060E+01
      9362.00  1.057880E+01
      9364.00  1.052100E+01
      9366.00  1.039860E+01
      9368.00  1.040540E+01
      9370.00  1.058650E+01
      9372.00  1.058510E+01
      9374.00  1.040590E+01
      9376.00  1.024060E+01
      9378.00  1.015610E+01
      9380.00  1.010280E+01
      9382.00  1.004970E+01
      9384.00  9.987090E+00
      9386.00  1.001430E+01
      9388.00  1.013810E+01
      9390.00  1.024550E+01
      9392.00  1.037320E+01
      9394.00  1.045740E+01
      9396.00  1.038400E+01
      9398.00  1.020340E+01
      9400.00  1.033470E+01
      9402.00  1.086740E+01
      9404.00  1.101940E+01
      9406.00  1.086270E+01
      9408.00  1.076800E+01
      9410.00  1.082250E+01
      9412.00  1.093510E+01
      9414.00  1.105180E+01
      9416.00  1.119300E+01
      9418.00  1.136600E+01
      9420.00  1.159880E+01
      9422.00  1.179590E+01
      9424.00  1.193780E+01
      9426.00  1.210620E+01
      9428.00  1.240480E+01
      9430.00  1.275270E+01
      9432.00  1.278030E+01
      9434.00  1.256440E+01
      9436.00  1.229960E+01
      9438.00  1.181060E+01
      9440.00  1.143950E+01
      9442.00  1.126880E+01
      9444.00  1.114330E+01
      9446.00  1.088690E+01
      9448.00  1.053630E+01
      9450.00  1.045810E+01
      9452.00  1.056200E+01
      9454.00  1.075430E+01
      9456.00  1.116890E+01
      9458.00  1.150500E+01
      9460.00  1.164280E+01
      9462.00  1.165520E+01
      9464.00  1.151820E+01
      9466.00  1.107530E+01
      9468.00  1.103670E+01
      9470.00  1.136740E+01
      9472.00  1.152730E+01
      9474.00  1.149430E+01
      9476.00  1.138390E+01
      9478.00  1.122650E+01
      9480.00  1.099960E+01
      9482.00  1.094570E+01
      9484.00  1.102680E+01
      9486.00  1.109770E+01
      9488.00  1.124770E+01
      9490.00  1.132970E+01
      9492.00  1.127530E+01
      9494.00  1.116680E+01
      9496.00  1.112520E+01
      9498.00  1.110700E+01
      9500.00  1.109210E+01
      9502.00  1.114040E+01
      9504.00  1.108510E+01
      9506.00  1.090540E+01
      9508.00  1.069970E+01
      9510.00  1.050840E+01
      9512.00  1.031610E+01
      9514.00  1.024260E+01
      9516.00  1.029630E+01
      9518.00  1.030550E+01
      9520.00  1.033420E+01
      9522.00  1.034160E+01
      9524.00  1.022820E+01
      9526.00  1.018520E+01
      9528.00  1.053900E+01
      9530.00  1.122940E+01
      9532.00  1.166320E+01
      9534.00  1.206480E+01
      9536.00  1.232540E+01
      9538.00  1.237170E+01
      9540.00  1.244090E+01
      9542.00  1.273490E+01
      9544.00  1.307370E+01
      9546.00  1.293960E+01
      9548.00  1.229790E+01
      9550.00  1.204100E+01
      9552.00  1.186180E+01
      9554.00  1.187860E+01
      9556.00  1.228820E+01
      9558.00  1.265590E+01
      9560.00  1.247690E+01
      9562.00  1.194480E+01
      9564.00  1.155340E+01
      9566.00  1.107510E+01
      9568.00  1.072050E+01
      9570.00  1.047480E+01
      9572.00  1.024840E+01
      9574.00  9.988770E+00
      9576.00  9.757530E+00
      9578.00  9.672620E+00
      9580.00  9.705480E+00
      9582.00  9.774460E+00
      9584.00  1.002750E+01
      9586.00  1.008770E+01
      9588.00  9.877430E+00
      9590.00  9.665130E+00
      9592.00  9.620570E+00
      9594.00  9.662440E+00
      9596.00  9.879730E+00
      9598.00  1.043440E+01
      9600.00  1.067310E+01
      9602.00  1.070160E+01
      9604.00  1.072600E+01
      9606.00  1.081140E+01
      9608.00  1.086560E+01
      9610.00  1.076570E+01
      9612.00  1.051600E+01
      9614.00  1.042420E+01
      9616.00  1.048180E+01
      9618.00  1.040640E+01
      9620.00  1.015130E+01
      9622.00  9.944850E+00
      9624.00  9.933940E+00
      9626.00  1.001980E+01
      9628.00  1.000410E+01
      9630.00  9.911830E+00
      9632.00  9.915890E+00
      9634.00  9.975960E+00
      9636.00  1.006010E+01
      9638.00  1.017550E+01
      9640.00  1.030730E+01
      9642.00  1.044280E+01
      9644.00  1.059780E+01
      9646.00  1.065220E+01
      9648.00  1.057720E+01
      9650.00  1.059520E+01
      9652.00  1.067570E+01
      9654.00  1.077590E+01
      9656.00  1.089340E+01
      9658.00  1.102140E+01
      9660.00  1.111200E+01
      9662.00  1.117350E+01
      9664.00  1.124970E+01
      9666.00  1.131520E+01
      9668.00  1.140660E+01
      9670.00  1.159480E+01
      9672.00  1.171130E+01
      9674.00  1.154470E+01
      9676.00  1.118480E+01
      9678.00  1.119880E+01
      9680.00  1.162120E+01
      9682.00  1.168980E+01
      9684.00  1.153590E+01
      9686.00  1.134020E+01
      9688.00  1.113930E+01
      9690.00  1.090160E+01
      9692.00  1.059050E+01
      9694.00  1.010850E+01
      9696.00  1.012270E+01
      9698.00  1.069870E+01
      9700.00  1.097510E+01
      9702.00  1.101970E+01
      9704.00  1.095340E+01
      9706.00  1.077460E+01
      9708.00  1.050040E+01
      9710.00  1.038820E+01
      9712.00  1.034370E+01
      9714.00  1.037950E+01
      9716.00  1.054640E+01
      9718.00  1.068740E+01
      9720.00  1.080790E+01
      9722.00  1.088860E+01
      9724.00  1.085640E+01
      9726.00  1.072010E+01
      9728.00  1.067930E+01
      9730.00  1.064890E+01
      9732.00  1.069520E+01
      9734.00  1.083990E+01
      9736.00  1.099360E+01
      9738.00  1.116090E+01
      9740.00  1.130870E+01
      9742.00  1.121790E+01
      9744.00  1.079140E+01
      9746.00  1.077710E+01
      9748.00  1.114420E+01
      9750.00  1.131010E+01
      9752.00  1.125100E+01
      9754.00  1.108180E+01
      9756.00  1.080740E+01
      9758.00  1.040670E+01
      9760.00  1.032590E+01
      9762.00  1.051990E+01
      9764.00  1.064220E+01
      9766.00  1.085270E+01
      9768.00  1.094320E+01
      9770.00  1.080190E+01
      9772.00  1.056450E+01
      9774.00  1.044110E+01
      9776.00  1.031940E+01
      9778.00  1.036430E+01
      9780.00  1.067830E+01
      9782.00  1.078570E+01
      9784.00  1.072920E+01
      9786.00  1.053620E+01
      9788.00  1.011180E+01
      9790.00  9.523780E+00
      9792.00  9.393150E+00
      9794.00  9.628950E+00
      9796.00  9.804450E+00
      9798.00  1.017290E+01
      9800.00  1.036030E+01
      9802.00  1.022560E+01
      9804.00  1.000060E+01
      9806.00  9.969020E+00
      9808.00  1.002750E+01
      9810.00  1.007790E+01
      9812.00  1.020190E+01
      9814.00  1.023910E+01
      9816.00  1.015670E+01
      9818.00  1.010870E+01
      9820.00  1.021840E+01
      9822.00  1.038180E+01
      9824.00  1.030200E+01
      9826.00  9.952680E+00
      9828.00  9.859880E+00
      9830.00  9.935020E+00
      9832.00  9.976100E+00
      9834.00  9.939170E+00
      9836.00  9.928030E+00
      9838.00  1.006690E+01
      9840.00  1.032540E+01
      9842.00  1.034630E+01
      9844.00  1.016780E+01
      9846.00  1.005320E+01
      9848.00  9.893360E+00
      9850.00  9.823260E+00
      9852.00  9.926640E+00
      9854.00  1.011170E+01
      9856.00  1.021200E+01
      9858.00  1.029140E+01
      9860.00  1.034600E+01
      9862.00  1.044750E+01
      9864.00  1.038050E+01
      9866.00  1.002940E+01
      9868.00  9.709550E+00
      9870.00  9.707820E+00
      9872.00  9.884790E+00
      9874.00  9.842800E+00
      9876.00  9.653140E+00
      9878.00  9.535670E+00
      9880.00  9.381760E+00
      9882.00  9.329690E+00
      9884.00  9.462620E+00
      9886.00  9.649710E+00
      9888.00  9.676370E+00
      9890.00  9.579090E+00
      9892.00  9.681600E+00
      9894.00  1.012130E+01
      9896.00  1.014080E+01
      9898.00  9.658590E+00
      9900.00  9.163510E+00
      9902.00  8.918720E+00
      9904.00  8.773360E+00
      9906.00  8.620350E+00
      9908.00  8.400900E+00
      9910.00  8.472960E+00
      9912.00  8.923660E+00
      9914.00  9.190830E+00
      9916.00  9.225400E+00
      9918.00  9.121990E+00
      9920.00  8.875320E+00
      9922.00  8.452340E+00
      9924.00  8.235660E+00
      9926.00  7.998250E+00
      9928.00  8.072230E+00
      9930.00  8.633340E+00
      9932.00  9.039710E+00
      9934.00  8.995780E+00
      9936.00  8.739760E+00
      9938.00  8.555620E+00
      9940.00  8.282760E+00
      9942.00  8.164610E+00
      9944.00  8.199220E+00
      9946.00  8.169090E+00
      9948.00  8.033360E+00
      9950.00  7.917380E+00
      9952.00  7.936410E+00
      9954.00  8.041280E+00
      9956.00  8.048550E+00
      9958.00  7.964770E+00
      9960.00  7.975700E+00
      9962.00  8.016240E+00
      9964.00  8.136160E+00
      9966.00  8.418240E+00
      9968.00  8.728670E+00
      9970.00  8.790710E+00
      9972.00  8.657630E+00
      9974.00  8.648360E+00
      9976.00  8.616440E+00
      9978.00  8.707630E+00
      9980.00  8.986150E+00
      9982.00  9.249530E+00
      9984.00  9.356040E+00
      9986.00  9.385670E+00
      9988.00  9.467810E+00
      9990.00  9.568570E+00
      9992.00  9.647670E+00
      9994.00  9.662520E+00
      9996.00  9.769370E+00
      9998.00  1.012000E+01
