      3397.83 -1.396647E-17
      3401.91  7.012999E-17
      3405.99 -2.491587E-19
      3410.08 -9.445810E-18
      3414.16 -4.025423E-17
      3418.24  2.089712E-17
      3422.32 -3.016185E-17
      3426.41 -9.663083E-18
      3430.49 -1.752326E-17
      3434.57  6.187375E-17
      3438.65  2.508632E-17
      3442.74  2.594226E-17
      3446.82 -2.307747E-18
      3450.90  7.300929E-17
      3454.98 -2.231616E-17
      3459.07  1.272243E-16
      3463.15 -2.908744E-17
      3467.23  9.574755E-17
      3471.32  4.162603E-17
      3475.40  2.302617E-17
      3479.48  7.056163E-18
      3483.56  1.656794E-18
      3487.65  1.737200E-17
      3491.73  3.353286E-17
      3495.81 -1.626529E-17
      3499.89  2.378584E-17
      3503.98  8.201479E-17
      3508.06  6.961579E-18
      3512.14  3.650477E-17
      3516.23 -1.791583E-17
      3520.31 -2.879765E-17
      3524.39  3.002974E-17
      3528.47  6.892776E-17
      3532.56  1.833716E-17
      3536.64 -1.931341E-17
      3540.72 -1.767057E-17
      3544.80 -2.220076E-17
      3548.89 -8.726865E-18
      3552.97 -2.300382E-17
      3557.05  5.561106E-17
      3561.14 -5.183181E-17
      3565.22  1.063275E-17
      3569.30  7.548419E-18
      3573.38 -1.964813E-17
      3577.47  2.754402E-17
      3581.55  1.123592E-17
      3585.63 -1.309929E-17
      3589.71  5.281534E-17
      3593.80  3.444045E-17
      3597.88  2.653784E-18
      3601.96  2.484266E-17
      3606.05  2.103471E-17
      3610.13  7.611989E-17
      3614.21 -1.673404E-18
      3618.29  2.215886E-17
      3622.38  4.810555E-17
      3626.46  4.356568E-17
      3630.54  3.651716E-17
      3634.62 -3.414953E-17
      3638.71 -1.095063E-17
      3642.79 -6.569770E-18
      3646.87  7.592799E-17
      3650.95 -3.093385E-17
      3655.04  8.419762E-18
      3659.12 -2.447599E-17
      3663.20  2.839361E-18
      3667.29  3.404396E-17
      3671.37 -1.996476E-17
      3675.45  4.537940E-17
      3679.53 -3.817906E-17
      3683.62  9.794511E-19
      3687.70 -1.323061E-17
      3691.78  4.139212E-17
      3695.86  6.972833E-17
      3699.95 -9.416213E-18
      3704.03  2.327150E-17
      3708.11  2.445423E-18
      3712.20 -1.573573E-17
      3716.28  2.683457E-17
      3720.36  3.232621E-17
      3724.44  7.244988E-17
      3728.53  1.922058E-17
      3732.61  3.936776E-17
      3736.69 -1.590273E-17
      3740.77 -2.096629E-17
      3744.86  2.070132E-18
      3748.94  3.163908E-17
      3753.02  3.568968E-17
      3757.11  5.366764E-17
      3761.19  2.106362E-17
      3765.27 -2.008741E-17
      3769.35  4.779694E-17
      3773.44  5.027046E-17
      3777.52  5.468626E-18
      3781.60  1.043025E-17
      3785.68  1.714302E-17
      3789.77 -8.292221E-18
      3793.85  1.286959E-17
      3797.93  1.710731E-17
      3802.02  1.779403E-17
      3806.10  3.205659E-17
      3810.18  2.012982E-17
      3814.26  1.618484E-18
      3818.35 -4.455969E-19
      3822.43  3.846833E-17
      3826.51  3.668664E-17
      3830.59  5.730049E-18
      3834.68  1.870232E-17
      3838.76  2.861267E-18
      3842.84  1.126064E-17
      3846.92  1.807610E-17
      3851.01  2.328886E-17
      3855.09  9.480230E-18
      3859.17  2.388464E-17
      3863.26  4.605139E-18
      3867.34  2.791259E-17
      3871.42  3.493314E-17
      3875.50  1.568114E-17
      3879.59  2.769424E-17
      3883.67  1.606726E-17
      3887.75  3.406093E-18
      3891.83  9.000767E-18
      3895.92  1.268938E-17
      3900.00  2.078413E-17
      3904.08  3.890645E-17
      3908.17  5.428944E-17
      3912.25  2.247339E-17
      3916.33  3.371626E-17
      3920.41  5.493163E-17
      3924.50  4.317033E-17
      3928.58  4.409942E-17
      3932.66  1.294073E-17
      3936.74  3.496045E-17
      3940.83  3.214307E-17
      3944.91  3.128720E-17
      3948.99  1.394415E-17
      3953.08  3.810998E-17
      3957.16  4.025834E-17
      3961.24  2.668574E-17
      3965.32  4.338867E-17
      3969.41  2.957414E-17
      3973.49  2.607218E-17
      3977.57  4.842532E-17
      3981.65  2.734549E-17
      3985.74  4.904245E-17
      3989.82  5.776949E-17
      3993.90  6.406944E-17
      3997.98  5.113357E-17
      4002.07  5.544387E-17
      4006.15  5.527585E-17
      4010.23  5.041778E-17
      4014.32  5.370989E-17
      4018.40  3.627553E-17
      4022.48  5.925836E-17
      4026.56  6.744854E-17
      4030.65  5.636312E-17
      4034.73  5.652082E-17
      4038.81  5.534134E-17
      4042.89  8.267300E-17
      4046.98  4.859632E-17
      4051.06  4.220981E-17
      4055.14  3.215360E-17
      4059.23  2.914745E-17
      4063.31  3.399026E-17
      4067.39  1.817340E-17
      4071.47  3.392381E-17
      4075.56  2.152908E-17
      4079.64  2.549325E-17
      4083.72  3.662772E-17
      4087.80  2.875322E-17
      4091.89  5.440317E-17
      4095.97  1.796829E-17
      4100.05  4.648524E-17
      4104.14  4.843125E-17
      4108.22  2.881818E-17
      4112.30  1.912477E-17
      4116.38  2.885957E-17
      4120.47  4.008610E-17
      4124.55  4.643432E-17
      4128.63  4.880037E-17
      4132.71  4.611054E-17
      4136.80  3.238978E-17
      4140.88  4.152468E-17
      4144.96  3.841725E-17
      4149.05  5.143935E-17
      4153.13  3.649261E-17
      4157.21  3.219850E-17
      4161.29  6.090748E-17
      4165.38  5.764814E-17
      4169.46  4.643900E-17
      4173.54  2.936082E-17
      4177.62  3.194768E-17
      4181.71  4.407900E-17
      4185.79  3.280758E-17
      4189.87  2.820448E-17
      4193.95  6.319481E-17
      4198.04  4.642546E-17
      4202.12  3.429425E-17
      4206.20  1.154790E-18
      4210.29  2.220227E-17
      4214.37  3.862443E-17
      4218.45  3.659229E-17
      4222.53  4.773255E-17
      4226.62  2.865542E-17
      4230.70  3.346872E-17
      4234.78  4.276678E-17
      4238.86  2.206241E-17
      4242.95  4.609924E-17
      4247.03  3.570494E-17
      4251.11  5.751612E-17
      4255.20  5.046164E-17
      4259.28  3.611245E-17
      4263.36  2.747267E-17
      4267.44  5.633469E-17
      4271.53  4.630729E-17
      4275.61  4.513097E-17
      4279.69  4.702220E-17
      4283.77  4.291572E-17
      4287.86  4.602542E-17
      4291.94  5.540936E-17
      4296.02  4.584288E-17
      4300.11  3.760075E-17
      4304.19  4.608898E-17
      4308.27  4.937742E-17
      4312.35  4.093944E-17
      4316.44  2.255476E-17
      4320.52  2.611294E-17
      4324.60  4.614176E-17
      4328.68  2.331732E-17
      4332.77  4.313450E-17
      4336.85  4.860129E-17
      4340.93  4.849874E-17
      4345.01  6.153529E-17
      4349.10  5.880778E-17
      4353.18  4.044036E-17
      4357.26  4.993450E-17
      4361.35  5.458309E-17
      4365.43  4.336473E-17
      4369.51  5.584142E-17
      4373.59  5.077341E-17
      4377.68  4.589059E-17
      4381.76  5.009688E-17
      4385.84  4.413871E-17
      4389.92  5.061043E-17
      4394.01  5.895884E-17
      4398.09  5.521705E-17
      4402.17  6.179003E-17
      4406.26  6.967401E-17
      4410.34  6.539069E-17
      4414.42  5.643203E-17
      4418.50  5.868097E-17
      4422.59  5.711662E-17
      4426.67  4.852312E-17
      4430.75  4.636512E-17
      4434.83  4.094833E-17
      4438.92  5.894223E-17
      4443.00  5.670080E-17
      4447.08  4.644744E-17
      4451.17  5.272241E-17
      4455.25  5.318996E-17
      4459.33  4.710905E-17
      4463.41  4.519262E-17
      4467.50  5.876997E-17
      4471.58  6.128587E-17
      4475.66  5.296507E-17
      4479.74  2.787488E-17
      4483.83  4.591868E-17
      4487.91  6.343283E-17
      4491.99  4.272361E-17
      4496.08  3.848777E-17
      4500.16  5.827147E-17
      4504.24  5.372588E-17
      4508.32  5.592412E-17
      4512.41  5.824752E-17
      4516.49  7.422225E-17
      4520.57  4.270003E-17
      4524.65  8.247947E-17
      4528.74  5.496244E-17
      4532.82  7.543298E-17
      4536.90  7.713222E-17
      4540.98  1.033296E-16
      4545.07  9.682684E-17
      4549.15  1.002905E-16
      4553.23  9.994561E-17
      4557.32  9.878518E-17
      4561.40  1.137190E-16
      4565.48  1.231785E-16
      4569.56  1.211807E-16
      4573.65  1.148527E-16
      4577.73  1.347317E-16
      4581.81  1.228345E-16
      4585.89  1.106216E-16
      4589.98  1.258376E-16
      4594.06  1.370923E-16
      4598.14  1.171473E-16
      4602.23  1.457388E-16
      4606.31  1.393905E-16
      4610.39  1.252621E-16
      4614.47  1.278796E-16
      4618.56  1.223411E-16
      4622.64  1.318770E-16
      4626.72  1.365050E-16
      4630.80  1.300264E-16
      4634.89  1.365000E-16
      4638.97  1.273486E-16
      4643.05  1.187359E-16
      4647.14  1.335948E-16
      4651.22  1.158822E-16
      4655.30  1.258969E-16
      4659.38  1.195929E-16
      4663.47  1.066371E-16
      4667.55  1.209333E-16
      4671.63  1.214045E-16
      4675.71  1.171279E-16
      4679.80  1.243574E-16
      4683.88  1.325210E-16
      4687.96  1.082982E-16
      4692.05  1.101625E-16
      4696.13  8.779895E-17
      4700.21  1.159096E-16
      4704.29  1.027334E-16
      4708.38  1.048171E-16
      4712.46  9.977500E-17
      4716.54  8.974145E-17
      4720.62  9.745272E-17
      4724.71  1.001398E-16
      4728.79  8.895122E-17
      4732.87  9.255245E-17
      4736.95  8.151484E-17
      4741.04  8.968499E-17
      4745.12  8.921098E-17
      4749.20  9.731030E-17
      4753.29  8.590099E-17
      4757.37  8.451583E-17
      4761.45  8.358438E-17
      4765.53  8.729636E-17
      4769.62  8.033462E-17
      4773.70  8.082420E-17
      4777.78  7.726304E-17
      4781.86  5.865757E-17
      4785.95  6.913542E-17
      4790.03  4.888753E-17
      4794.11  4.912825E-17
      4798.20  3.313311E-17
      4802.28  4.711571E-17
      4806.36  4.953166E-17
      4810.44  3.035708E-17
      4814.53  4.485758E-17
      4818.61  4.727115E-17
      4822.69  4.193526E-17
      4826.77  5.926284E-17
      4830.86  5.204922E-17
      4834.94  7.438213E-17
      4839.02  7.127917E-17
      4843.11  7.483584E-17
      4847.19  6.872864E-17
      4851.27  1.043589E-16
      4855.35  1.005771E-16
      4859.44  8.944203E-17
      4863.52  1.119054E-16
      4867.60  9.741414E-17
      4871.68  1.083387E-16
      4875.77  1.182506E-16
      4879.85  1.003278E-16
      4883.93  1.117035E-16
      4888.01  1.014473E-16
      4892.10  1.114359E-16
      4896.18  1.166930E-16
      4900.26  1.287468E-16
      4904.35  1.352668E-16
      4908.43  1.257837E-16
      4912.51  1.362948E-16
      4916.59  1.387456E-16
      4920.68  1.357997E-16
      4924.76  1.265753E-16
      4928.84  1.220863E-16
      4932.92  1.266822E-16
      4937.01  1.293198E-16
      4941.09  1.204535E-16
      4945.17  1.172337E-16
      4949.26  1.212370E-16
      4953.34  1.076608E-16
      4957.42  1.006219E-16
      4961.50  9.973413E-17
      4965.59  1.044289E-16
      4969.67  9.961190E-17
      4973.75  9.444515E-17
      4977.83  9.409619E-17
      4981.92  1.140892E-16
      4986.00  1.112945E-16
      4990.08  1.090504E-16
      4994.17  1.212647E-16
      4998.25  1.266901E-16
      5002.33  1.451683E-16
      5006.41  1.473440E-16
      5010.50  1.401242E-16
      5014.58  1.547001E-16
      5018.66  1.507061E-16
      5022.74  1.398848E-16
      5026.83  1.570586E-16
      5030.91  1.430711E-16
      5034.99  1.507507E-16
      5039.08  1.527301E-16
      5043.16  1.416516E-16
      5047.24  1.537625E-16
      5051.32  1.539404E-16
      5055.41  1.458205E-16
      5059.49  1.363257E-16
      5063.57  1.325749E-16
      5067.65  1.181814E-16
      5071.74  1.153204E-16
      5075.82  1.183191E-16
      5079.90  1.101748E-16
      5083.98  1.118009E-16
      5088.07  9.720959E-17
      5092.15  7.790228E-17
      5096.23  8.421583E-17
      5100.32  8.288020E-17
      5104.40  7.232367E-17
      5108.48  6.046134E-17
      5112.56  6.434152E-17
      5116.65  7.297840E-17
      5120.73  6.680383E-17
      5124.81  7.554881E-17
      5128.89  8.538203E-17
      5132.98  7.483480E-17
      5137.06  8.125464E-17
      5141.14  7.815858E-17
      5145.23  8.641154E-17
      5149.31  7.971072E-17
      5153.39  9.692094E-17
      5157.47  9.289384E-17
      5161.56  1.198062E-16
      5165.64  9.788948E-17
      5169.72  1.127000E-16
      5173.80  1.105715E-16
      5177.89  1.165992E-16
      5181.97  1.277015E-16
      5186.05  1.114617E-16
      5190.14  1.241556E-16
      5194.22  1.358676E-16
      5198.30  1.431865E-16
      5202.38  1.305854E-16
      5206.47  1.470058E-16
      5210.55  1.418881E-16
      5214.63  1.509399E-16
      5218.71  1.505467E-16
      5222.80  1.543989E-16
      5226.88  1.453265E-16
      5230.96  1.490613E-16
      5235.04  1.590173E-16
      5239.13  1.453279E-16
      5243.21  1.412940E-16
      5247.29  1.419469E-16
      5251.38  1.315955E-16
      5255.46  1.259474E-16
      5259.54  1.289207E-16
      5263.62  1.448990E-16
      5267.71  1.497277E-16
      5271.79  1.360106E-16
      5275.87  1.297811E-16
      5279.95  1.441682E-16
      5284.04  1.480385E-16
      5288.12  1.451654E-16
      5292.20  1.323540E-16
      5296.29  1.327795E-16
      5300.37  1.384229E-16
      5304.45  1.331155E-16
      5308.53  1.278693E-16
      5312.62  1.391855E-16
      5316.70  1.485728E-16
      5320.78  1.303860E-16
      5324.86  1.324994E-16
      5328.95  1.461341E-16
      5333.03  1.529460E-16
      5337.11  1.441597E-16
      5341.20  1.346724E-16
      5345.28  1.493528E-16
      5349.36  1.505288E-16
      5353.44  1.405966E-16
      5357.53  1.311586E-16
      5361.61  1.387424E-16
      5365.69  1.418914E-16
      5369.77  1.411954E-16
      5373.86  1.343629E-16
      5377.94  1.337881E-16
      5382.02  1.410033E-16
      5386.11  1.309496E-16
      5390.19  1.458599E-16
      5394.27  1.396731E-16
      5398.35  1.363032E-16
      5402.44  1.538617E-16
      5406.52  1.496541E-16
      5410.60  1.518066E-16
      5414.68  1.614766E-16
      5418.77  1.390352E-16
      5422.85  1.385752E-16
      5426.93  1.457106E-16
      5431.01  1.359140E-16
      5435.10  1.466979E-16
      5439.18  1.405433E-16
      5443.26  1.419766E-16
      5447.35  1.507232E-16
      5451.43  1.378414E-16
      5455.51  1.561225E-16
      5459.59  1.412213E-16
      5463.68  1.328804E-16
      5467.76  1.299183E-16
      5471.84  1.287413E-16
      5475.92  1.520856E-16
      5480.01  1.443935E-16
      5484.09  1.354773E-16
      5488.17  1.372443E-16
      5492.26  1.269148E-16
      5496.34  1.471874E-16
      5500.42  1.475396E-16
      5504.50  1.397932E-16
      5508.59  1.377037E-16
      5512.67  1.542142E-16
      5516.75  1.478872E-16
      5520.83  1.495817E-16
      5524.92  1.589039E-16
      5529.00  1.594274E-16
      5533.08  1.481635E-16
      5537.17  1.662506E-16
      5541.25  1.585173E-16
      5545.33  1.556191E-16
      5549.41  1.573033E-16
      5553.50  1.622667E-16
      5557.58  1.477174E-16
      5561.66  1.512880E-16
      5565.74  1.578616E-16
      5569.83  1.491780E-16
      5573.91  1.344459E-16
      5577.99  1.311933E-16
      5582.08  1.308237E-16
      5586.16  1.153538E-16
      5590.24  1.294549E-16
      5594.32  1.311575E-16
      5598.41  1.068716E-16
      5602.49  1.169472E-16
      5606.57  1.125606E-16
      5610.65  1.062959E-16
      5614.74  1.023650E-16
      5618.82  9.351644E-17
      5622.90  9.997874E-17
      5626.98  1.100519E-16
      5631.07  9.819842E-17
      5635.15  9.156738E-17
      5639.23  8.903387E-17
      5643.32  1.017139E-16
      5647.40  9.915692E-17
      5651.48  8.858581E-17
      5655.56  1.000678E-16
      5659.65  9.290822E-17
      5663.73  9.778601E-17
      5667.81  1.158967E-16
      5671.89  1.229932E-16
      5675.98  1.083566E-16
      5680.06  8.259894E-17
      5684.14  1.125082E-16
      5688.23  1.125887E-16
      5692.31  1.033469E-16
      5696.39  9.814707E-17
      5700.47  1.062093E-16
      5704.56  1.145085E-16
      5708.64  1.039325E-16
      5712.72  9.588160E-17
      5716.80  9.878139E-17
      5720.89  9.750690E-17
      5724.97  8.639137E-17
      5729.05  8.596073E-17
      5733.14  7.990542E-17
      5737.22  7.715085E-17
      5741.30  7.157814E-17
      5745.38  5.275227E-17
      5749.47  6.044875E-17
      5753.55  4.857455E-17
      5757.63  4.279162E-17
      5761.71  4.601649E-17
      5765.80  3.456396E-17
      5769.88  4.137805E-17
      5773.96  3.089494E-17
      5778.04  2.945615E-17
      5782.13  3.351385E-17
      5786.21  3.598666E-17
      5790.29  2.370706E-17
      5794.38  2.235829E-17
      5798.46  1.316874E-17
      5802.54  8.787125E-18
      5806.62  1.658078E-17
      5810.71  7.920179E-18
      5814.79  2.013031E-17
      5818.87  3.524972E-17
      5822.95  3.437340E-17
      5827.04  3.851086E-17
      5831.12  3.615480E-17
      5835.20  6.571870E-17
      5839.29  4.711313E-17
      5843.37  4.827032E-17
      5847.45  5.094516E-17
      5851.53  6.915033E-17
      5855.62  7.507006E-17
      5859.70  8.163725E-17
      5863.78  1.007529E-16
      5867.86  9.429948E-17
      5871.95  8.752532E-17
      5876.03  1.044632E-16
      5880.11  1.238752E-16
      5884.20  1.236854E-16
      5888.28  1.408063E-16
      5892.36  1.536262E-16
      5896.44  1.616885E-16
      5900.53  1.702016E-16
      5904.61  1.631267E-16
      5908.69  1.556551E-16
      5912.77  1.632010E-16
      5916.86  1.734371E-16
      5920.94  1.627233E-16
      5925.02  1.617969E-16
      5929.11  1.565333E-16
      5933.19  1.577965E-16
      5937.27  1.506253E-16
      5941.35  1.484039E-16
      5945.44  1.554354E-16
      5949.52  1.458021E-16
      5953.60  1.397958E-16
      5957.68  1.436622E-16
      5961.77  1.552332E-16
      5965.85  1.422684E-16
      5969.93  1.172429E-16
      5974.01  1.185595E-16
      5978.10  1.290265E-16
      5982.18  1.412290E-16
      5986.26  1.315617E-16
      5990.35  1.265135E-16
      5994.43  1.224405E-16
      5998.51  1.140986E-16
      6002.59  1.109447E-16
      6006.68  1.100287E-16
      6010.76  1.197946E-16
      6014.84  1.125136E-16
      6018.92  9.857110E-17
      6023.01  9.590172E-17
      6027.09  1.079138E-16
      6031.17  1.066662E-16
      6035.26  9.996558E-17
      6039.34  1.005075E-16
      6043.42  8.857406E-17
      6047.50  7.917703E-17
      6051.59  7.594643E-17
      6055.67  7.943439E-17
      6059.75  8.657259E-17
      6063.83  8.674457E-17
      6067.92  8.751452E-17
      6072.00  7.803065E-17
      6076.08  8.288132E-17
      6080.17  8.469753E-17
      6084.25  7.216553E-17
      6088.33  7.915422E-17
      6092.41  8.776711E-17
      6096.50  8.010534E-17
      6100.58  9.574401E-17
      6104.66  1.082272E-16
      6108.74  8.354144E-17
      6112.83  1.086956E-16
      6116.91  1.164431E-16
      6120.99  1.037662E-16
      6125.07  9.596716E-17
      6129.16  1.048858E-16
      6133.24  9.986421E-17
      6137.32  1.018085E-16
      6141.41  1.067582E-16
      6145.49  1.143789E-16
      6149.57  1.093849E-16
      6153.65  1.064430E-16
      6157.74  1.064653E-16
      6161.82  1.288190E-16
      6165.90  1.239698E-16
      6169.98  1.052250E-16
      6174.07  1.128033E-16
      6178.15  1.097158E-16
      6182.23  1.021687E-16
      6186.32  1.118990E-16
      6190.40  1.285906E-16
      6194.48  1.210742E-16
      6198.56  1.212301E-16
      6202.65  1.169224E-16
      6206.73  1.157450E-16
      6210.81  1.245390E-16
      6214.89  1.416624E-16
      6218.98  1.321628E-16
      6223.06  1.296642E-16
      6227.14  1.448336E-16
      6231.23  1.581935E-16
      6235.31  1.523705E-16
      6239.39  1.436813E-16
      6243.47  1.662637E-16
      6247.56  1.739128E-16
      6251.64  1.676724E-16
      6255.72  1.789084E-16
      6259.80  1.838808E-16
      6263.89  1.854158E-16
      6267.97  1.821670E-16
      6272.05  2.034155E-16
      6276.14  2.014183E-16
      6280.22  2.255192E-16
      6284.30  2.235651E-16
      6288.38  2.334903E-16
      6292.47  2.683876E-16
      6296.55  2.705676E-16
      6300.63  2.484644E-16
      6304.71  2.410404E-16
      6308.80  2.494474E-16
      6312.88  2.373036E-16
      6316.96  2.330144E-16
      6321.04  2.519572E-16
      6325.13  2.504668E-16
      6329.21  2.485195E-16
      6333.29  2.261087E-16
      6337.38  2.357536E-16
      6341.46  2.417079E-16
      6345.54  2.284278E-16
      6349.62  2.299523E-16
      6353.71  2.247060E-16
      6357.79  2.214367E-16
      6361.87  2.276902E-16
      6365.95  2.259006E-16
      6370.04  2.207988E-16
      6374.12  2.078442E-16
      6378.20  1.907995E-16
      6382.29  1.753588E-16
      6386.37  1.613105E-16
      6390.45  1.681071E-16
      6394.53  1.632688E-16
      6398.62  1.481725E-16
      6402.70  1.412069E-16
      6406.78  1.477781E-16
      6410.86  1.370438E-16
      6414.95  1.176012E-16
      6419.03  1.112383E-16
      6423.11  1.060150E-16
      6427.20  1.094497E-16
      6431.28  8.476286E-17
      6435.36  7.797576E-17
      6439.44  8.377200E-17
      6443.53  7.793540E-17
      6447.61  7.950953E-17
      6451.69  7.463187E-17
      6455.77  6.198119E-17
      6459.86  7.956509E-17
      6463.94  5.988813E-17
      6468.02  6.511610E-17
      6472.11  8.612303E-17
      6476.19  8.766454E-17
      6480.27  1.267307E-16
      6484.35  1.631851E-16
      6488.44  1.755345E-16
      6492.52  2.131740E-16
      6496.60  2.576569E-16
      6500.68  3.139890E-16
      6504.77  3.630188E-16
      6508.85  4.056411E-16
      6512.93  4.926253E-16
      6517.01  5.636669E-16
      6521.10  6.345434E-16
      6525.18  7.196092E-16
      6529.26  8.015362E-16
      6533.35  8.839658E-16
      6537.43  9.522237E-16
      6541.51  1.064137E-15
      6545.59  1.167075E-15
      6549.68  1.295814E-15
      6553.76  1.369668E-15
      6557.84  1.460731E-15
      6561.92  1.513799E-15
      6566.01  1.541125E-15
      6570.09  1.543345E-15
      6574.17  1.524174E-15
      6578.26  1.492685E-15
      6582.34  1.442615E-15
      6586.42  1.370410E-15
      6590.50  1.319230E-15
      6594.59  1.280551E-15
      6598.67  1.251850E-15
      6602.75  1.256589E-15
      6606.83  1.278900E-15
      6610.92  1.247686E-15
      6615.00  1.231449E-15
      6619.08  1.158064E-15
      6623.17  1.124333E-15
      6627.25  1.099188E-15
      6631.33  1.047536E-15
      6635.41  9.703854E-16
      6639.50  9.059660E-16
      6643.58  8.604037E-16
      6647.66  7.939194E-16
      6651.74  7.241170E-16
      6655.83  6.505025E-16
      6659.91  5.821617E-16
      6663.99  5.413335E-16
      6668.07  4.764912E-16
      6672.16  4.397126E-16
      6676.24  3.941608E-16
      6680.32  3.549167E-16
      6684.41  3.378006E-16
      6688.49  3.158128E-16
      6692.57  2.859858E-16
      6696.65  2.559644E-16
      6700.74  2.467435E-16
      6704.82  2.336305E-16
      6708.90  2.281018E-16
      6712.98  2.039607E-16
      6717.07  1.854072E-16
      6721.15  1.834330E-16
      6725.23  1.905043E-16
      6729.32  1.610033E-16
      6733.40  1.615641E-16
      6737.48  1.572261E-16
      6741.56  1.447115E-16
      6745.65  1.466631E-16
      6749.73  1.265621E-16
      6753.81  1.187333E-16
      6757.89  1.436094E-16
      6761.98  1.249177E-16
      6766.06  1.152064E-16
      6770.14  1.133360E-16
      6774.23  1.142326E-16
      6778.31  1.206430E-16
      6782.39  1.153767E-16
      6786.47  1.046841E-16
      6790.56  1.020564E-16
      6794.64  9.756474E-17
      6798.72  9.756423E-17
      6802.80  1.089944E-16
      6806.89  1.086628E-16
      6810.97  9.328719E-17
      6815.05  8.448806E-17
      6819.14  7.440899E-17
      6823.22  6.780842E-17
      6827.30  8.274169E-17
      6831.38  8.108320E-17
      6835.47  8.076340E-17
      6839.55  8.125698E-17
      6843.63  7.913387E-17
      6847.71  7.216459E-17
      6851.80  7.107545E-17
      6855.88  8.416165E-17
      6859.96  7.847602E-17
      6864.04  7.384742E-17
      6868.13  7.696317E-17
      6872.21  5.737012E-17
      6876.29  6.107801E-17
      6880.38  7.562846E-17
      6884.46  8.525479E-17
      6888.54  8.328172E-17
      6892.62  5.865724E-17
      6896.71  6.710992E-17
      6900.79  6.800016E-17
      6904.87  6.148527E-17
      6908.95  6.202826E-17
      6913.04  6.397511E-17
      6917.12  6.971400E-17
      6921.20  7.037070E-17
      6925.29  8.193670E-17
      6929.37  6.738741E-17
      6933.45  5.967028E-17
      6937.53  6.291716E-17
      6941.62  5.841937E-17
      6945.70  4.288639E-17
      6949.78  5.127263E-17
      6953.86  6.768986E-17
      6957.95  6.436849E-17
      6962.03  6.563828E-17
      6966.11  7.680358E-17
      6970.20  6.554995E-17
      6974.28  6.892795E-17
      6978.36  8.134184E-17
      6982.44  8.030036E-17
      6986.53  7.702130E-17
      6990.61  6.885668E-17
      6994.69  7.718586E-17
      6998.77  9.186585E-17
      7002.86  9.120113E-17
      7006.94  7.063371E-17
      7011.02  7.198405E-17
      7015.10  8.958190E-17
      7019.19  8.577369E-17
      7023.27  1.085173E-16
      7027.35  8.942364E-17
      7031.44  8.156072E-17
      7035.52  8.146164E-17
      7039.60  9.408043E-17
      7043.68  8.692065E-17
      7047.77  9.001170E-17
      7051.85  1.052279E-16
      7055.93  9.359406E-17
      7060.01  8.722379E-17
      7064.10  1.049352E-16
      7068.18  1.184564E-16
      7072.26  1.197668E-16
      7076.35  1.144189E-16
      7080.43  1.026508E-16
      7084.51  1.109837E-16
      7088.59  1.198596E-16
      7092.68  1.220126E-16
      7096.76  1.242972E-16
      7100.84  1.345440E-16
      7104.92  1.170262E-16
      7109.01  1.171259E-16
      7113.09  1.205263E-16
      7117.17  1.221897E-16
      7121.26  1.236488E-16
      7125.34  1.304648E-16
      7129.42  1.310539E-16
      7133.50  1.226308E-16
      7137.59  1.359171E-16
      7141.67  1.285735E-16
      7145.75  1.211753E-16
      7149.83  1.329630E-16
      7153.92  1.426797E-16
      7158.00  1.382912E-16
      7162.08  1.394515E-16
      7166.17  1.184122E-16
      7170.25  1.066261E-16
      7174.33  1.232495E-16
      7178.41  1.164176E-16
      7182.50  1.136727E-16
      7186.58  1.207980E-16
      7190.66  1.172004E-16
      7194.74  1.160468E-16
      7198.83  1.439339E-16
      7202.91  1.332647E-16
      7206.99  1.618028E-16
      7211.07  1.594835E-16
      7215.16  1.673445E-16
      7219.24  1.677718E-16
      7223.32  1.626371E-16
      7227.41  1.610680E-16
      7231.49  1.716619E-16
      7235.57  1.766047E-16
      7239.65  1.524614E-16
      7243.74  1.764051E-16
      7247.82  1.726678E-16
      7251.90  1.650156E-16
      7255.98  1.734024E-16
      7260.07  1.739965E-16
      7264.15  1.976995E-16
      7268.23  2.175397E-16
      7272.32  2.271566E-16
      7276.40  2.231948E-16
      7280.48  2.531511E-16
      7284.56  2.919361E-16
      7288.65  3.033148E-16
      7292.73  3.154718E-16
      7296.81  3.182715E-16
      7300.89  3.319935E-16
      7304.98  3.401767E-16
      7309.06  3.322492E-16
      7313.14  3.327302E-16
      7317.23  3.492436E-16
      7321.31  3.657499E-16
      7325.39  3.957971E-16
      7329.47  3.735888E-16
      7333.56  3.643343E-16
      7337.64  3.596004E-16
      7341.72  3.339525E-16
      7345.80  3.382544E-16
      7349.89  3.275889E-16
      7353.97  3.129379E-16
      7358.05  2.870439E-16
      7362.14  3.067446E-16
      7366.22  2.870344E-16
      7370.30  2.743702E-16
      7374.38  2.503846E-16
      7378.47  2.635187E-16
      7382.55  2.676804E-16
      7386.63  2.516331E-16
      7390.71  2.271729E-16
      7394.80  2.171357E-16
      7398.88  2.205672E-16
      7402.96  2.103172E-16
      7407.04  2.056256E-16
      7411.13  1.952424E-16
      7415.21  1.844091E-16
      7419.29  1.762037E-16
      7423.38  1.839232E-16
      7427.46  1.734107E-16
      7431.54  1.809553E-16
      7435.62  1.877581E-16
      7439.71  1.759439E-16
