      3384.79  4.058294E-15
      3388.94  2.408124E-15
      3393.08  3.682988E-15
      3397.23  3.307566E-15
      3401.37  3.856475E-15
      3405.52  4.414289E-15
      3409.67  3.522559E-15
      3413.81  3.145481E-15
      3417.96  3.476813E-15
      3422.10  4.070005E-15
      3426.25  3.219765E-15
      3430.39  4.124723E-15
      3434.54  4.539849E-15
      3438.68  4.781906E-15
      3442.83  4.585723E-15
      3446.97  5.234046E-15
      3451.12  4.495716E-15
      3455.27  5.303565E-15
      3459.41  5.718620E-15
      3463.56  5.116933E-15
      3467.70  5.479589E-15
      3471.85  5.401201E-15
      3475.99  5.323888E-15
      3480.14  4.916724E-15
      3484.28  4.701367E-15
      3488.43  4.933993E-15
      3492.58  4.957969E-15
      3496.72  4.497905E-15
      3500.87  4.363183E-15
      3505.01  4.376135E-15
      3509.16  4.576872E-15
      3513.30  4.555295E-15
      3517.45  4.373074E-15
      3521.59  4.512166E-15
      3525.74  4.615193E-15
      3529.88  4.620811E-15
      3534.03  4.772267E-15
      3538.18  5.090751E-15
      3542.32  5.237181E-15
      3546.47  4.967235E-15
      3550.61  5.041701E-15
      3554.76  4.936400E-15
      3558.90  4.541462E-15
      3563.05  5.009847E-15
      3567.19  5.013830E-15
      3571.34  4.754193E-15
      3575.49  4.778893E-15
      3579.63  5.285146E-15
      3583.78  5.406573E-15
      3587.92  4.779169E-15
      3592.07  5.084959E-15
      3596.21  5.475687E-15
      3600.36  5.491559E-15
      3604.50  5.631652E-15
      3608.65  4.866141E-15
      3612.79  5.128135E-15
      3616.94  5.074552E-15
      3621.09  5.274320E-15
      3625.23  5.075197E-15
      3629.38  5.149140E-15
      3633.52  4.499457E-15
      3637.67  5.473856E-15
      3641.81  4.965768E-15
      3645.96  4.855265E-15
      3650.10  5.256115E-15
      3654.25  5.086935E-15
      3658.40  5.109432E-15
      3662.54  5.363862E-15
      3666.69  5.891967E-15
      3670.83  5.410466E-15
      3674.98  5.514872E-15
      3679.12  5.835044E-15
      3683.27  6.292233E-15
      3687.41  6.457248E-15
      3691.56  6.851512E-15
      3695.70  7.171180E-15
      3699.85  7.069537E-15
      3704.00  7.648412E-15
      3708.14  8.307979E-15
      3712.29  9.057294E-15
      3716.43  9.646584E-15
      3720.58  9.967181E-15
      3724.72  1.040842E-14
      3728.87  1.087914E-14
      3733.01  1.113625E-14
      3737.16  1.129028E-14
      3741.31  1.122930E-14
      3745.45  1.086175E-14
      3749.60  1.098975E-14
      3753.74  1.104849E-14
      3757.89  1.111744E-14
      3762.03  1.117243E-14
      3766.18  1.115469E-14
      3770.32  1.103578E-14
      3774.47  1.117038E-14
      3778.62  1.098144E-14
      3782.76  1.063436E-14
      3786.91  1.039141E-14
      3791.05  1.019235E-14
      3795.20  9.830020E-15
      3799.34  9.356607E-15
      3803.49  9.104026E-15
      3807.63  8.427334E-15
      3811.78  7.450118E-15
      3815.92  6.989455E-15
      3820.07  6.759429E-15
      3824.22  6.151860E-15
      3828.36  5.807571E-15
      3832.51  5.611770E-15
      3836.65  5.430575E-15
      3840.80  5.180686E-15
      3844.94  5.010950E-15
      3849.09  4.764098E-15
      3853.23  4.771233E-15
      3857.38  5.155310E-15
      3861.53  5.224331E-15
      3865.67  5.451195E-15
      3869.82  5.573514E-15
      3873.96  6.005217E-15
      3878.11  6.258138E-15
      3882.25  6.927036E-15
      3886.40  7.276024E-15
      3890.54  7.747642E-15
      3894.69  8.404074E-15
      3898.83  9.148844E-15
      3902.98  9.834650E-15
      3907.13  1.031346E-14
      3911.27  1.134819E-14
      3915.42  1.223572E-14
      3919.56  1.328259E-14
      3923.71  1.450794E-14
      3927.85  1.550694E-14
      3932.00  1.661011E-14
      3936.14  1.738113E-14
      3940.29  1.814552E-14
      3944.44  1.883036E-14
      3948.58  1.989921E-14
      3952.73  1.995807E-14
      3956.87  2.040534E-14
      3961.02  2.067543E-14
      3965.16  2.075545E-14
      3969.31  2.108312E-14
      3973.45  2.073885E-14
      3977.60  2.140914E-14
      3981.74  2.190382E-14
      3985.89  2.208959E-14
      3990.04  2.219547E-14
      3994.18  2.221586E-14
      3998.33  2.226781E-14
      4002.47  2.267232E-14
      4006.62  2.272380E-14
      4010.76  2.240693E-14
      4014.91  2.210050E-14
      4019.05  2.173262E-14
      4023.20  2.105914E-14
      4027.35  2.049227E-14
      4031.49  2.032929E-14
      4035.64  2.000803E-14
      4039.78  1.977987E-14
      4043.93  1.986013E-14
      4048.07  1.983889E-14
      4052.22  1.969553E-14
      4056.36  1.970089E-14
      4060.51  1.970643E-14
      4064.65  2.013117E-14
      4068.80  2.010814E-14
      4072.95  1.993814E-14
      4077.09  1.970271E-14
      4081.24  1.993922E-14
      4085.38  2.001012E-14
      4089.53  1.976386E-14
      4093.67  1.972006E-14
      4097.82  1.965802E-14
      4101.96  1.926742E-14
      4106.11  1.963233E-14
      4110.26  1.935698E-14
      4114.40  1.911144E-14
      4118.55  1.900327E-14
      4122.69  1.924153E-14
      4126.84  1.897165E-14
      4130.98  1.890867E-14
      4135.13  1.885050E-14
      4139.27  1.829972E-14
      4143.42  1.879094E-14
      4147.56  1.816159E-14
      4151.71  1.820318E-14
      4155.86  1.707534E-14
      4160.00  1.653130E-14
      4164.15  1.581570E-14
      4168.29  1.509664E-14
      4172.44  1.424436E-14
      4176.58  1.354781E-14
      4180.73  1.311569E-14
      4184.87  1.281904E-14
      4189.02  1.269509E-14
      4193.17  1.273412E-14
      4197.31  1.233557E-14
      4201.46  1.221253E-14
      4205.60  1.238465E-14
      4209.75  1.227241E-14
      4213.89  1.173853E-14
      4218.04  1.140184E-14
      4222.18  1.117201E-14
      4226.33  1.064807E-14
      4230.48  1.049722E-14
      4234.62  1.057737E-14
      4238.77  1.043540E-14
      4242.91  1.015621E-14
      4247.06  1.011005E-14
      4251.20  1.004898E-14
      4255.35  1.022974E-14
      4259.49  1.043519E-14
      4263.64  1.044338E-14
      4267.78  1.039819E-14
      4271.93  1.083077E-14
      4276.08  1.129872E-14
      4280.22  1.153372E-14
      4284.37  1.201497E-14
      4288.51  1.253964E-14
      4292.66  1.328831E-14
      4296.80  1.373627E-14
      4300.95  1.380839E-14
      4305.09  1.416712E-14
      4309.24  1.450645E-14
      4313.39  1.461661E-14
      4317.53  1.465181E-14
      4321.68  1.472663E-14
      4325.82  1.444977E-14
      4329.97  1.411069E-14
      4334.11  1.417220E-14
      4338.26  1.425849E-14
      4342.40  1.474779E-14
      4346.55  1.479988E-14
      4350.69  1.478451E-14
      4354.84  1.511316E-14
      4358.99  1.539593E-14
      4363.13  1.539138E-14
      4367.28  1.601235E-14
      4371.42  1.622786E-14
      4375.57  1.607282E-14
      4379.71  1.616592E-14
      4383.86  1.614382E-14
      4388.00  1.589216E-14
      4392.15  1.580952E-14
      4396.30  1.559569E-14
      4400.44  1.597078E-14
      4404.59  1.592432E-14
      4408.73  1.531489E-14
      4412.88  1.506540E-14
      4417.02  1.506865E-14
      4421.17  1.458156E-14
      4425.31  1.440322E-14
      4429.46  1.424913E-14
      4433.60  1.420072E-14
      4437.75  1.381571E-14
      4441.90  1.385900E-14
      4446.04  1.363120E-14
      4450.19  1.354709E-14
      4454.33  1.336343E-14
      4458.48  1.323011E-14
      4462.62  1.346560E-14
      4466.77  1.357566E-14
      4470.91  1.367047E-14
      4475.06  1.376154E-14
      4479.21  1.385159E-14
      4483.35  1.441253E-14
      4487.50  1.472033E-14
      4491.64  1.513691E-14
      4495.79  1.580907E-14
      4499.93  1.650967E-14
      4504.08  1.744075E-14
      4508.22  1.837891E-14
      4512.37  1.921925E-14
      4516.51  2.035471E-14
      4520.66  2.163469E-14
      4524.81  2.257554E-14
      4528.95  2.335369E-14
      4533.10  2.403795E-14
      4537.24  2.476343E-14
      4541.39  2.550597E-14
      4545.53  2.612410E-14
      4549.68  2.651396E-14
      4553.82  2.671093E-14
      4557.97  2.695659E-14
      4562.12  2.737172E-14
      4566.26  2.760220E-14
      4570.41  2.795518E-14
      4574.55  2.826151E-14
      4578.70  2.877864E-14
      4582.84  2.957184E-14
      4586.99  3.014761E-14
      4591.13  3.094679E-14
      4595.28  3.146841E-14
      4599.42  3.232790E-14
      4603.57  3.343964E-14
      4607.72  3.390018E-14
      4611.86  3.353272E-14
      4616.01  3.331577E-14
      4620.15  3.291814E-14
      4624.30  3.342550E-14
      4628.44  3.338028E-14
      4632.59  3.295259E-14
      4636.73  3.285186E-14
      4640.88  3.283169E-14
      4645.03  3.258498E-14
      4649.17  3.209587E-14
      4653.32  3.078241E-14
      4657.46  3.040147E-14
      4661.61  2.904425E-14
      4665.75  2.834958E-14
      4669.90  2.764003E-14
      4674.04  2.653836E-14
      4678.19  2.588052E-14
      4682.33  2.451667E-14
      4686.48  2.385594E-14
      4690.63  2.365409E-14
      4694.77  2.265876E-14
      4698.92  2.207725E-14
      4703.06  2.162499E-14
      4707.21  2.083227E-14
      4711.35  2.089699E-14
      4715.50  2.016538E-14
      4719.64  1.964377E-14
      4723.79  1.952694E-14
      4727.94  1.907999E-14
      4732.08  1.823152E-14
      4736.23  1.795723E-14
      4740.37  1.762460E-14
      4744.52  1.691808E-14
      4748.66  1.630124E-14
      4752.81  1.588200E-14
      4756.95  1.545316E-14
      4761.10  1.539355E-14
      4765.25  1.545636E-14
      4769.39  1.560648E-14
      4773.54  1.622706E-14
      4777.68  1.687523E-14
      4781.83  1.766757E-14
      4785.97  1.881924E-14
      4790.12  2.013731E-14
      4794.26  2.166254E-14
      4798.41  2.287918E-14
      4802.55  2.395291E-14
      4806.70  2.524430E-14
      4810.85  2.606312E-14
      4814.99  2.635039E-14
      4819.14  2.679489E-14
      4823.28  2.730555E-14
      4827.43  2.751989E-14
      4831.57  2.764389E-14
      4835.72  2.790288E-14
      4839.86  2.846570E-14
      4844.01  2.915437E-14
      4848.16  2.964109E-14
      4852.30  3.029964E-14
      4856.45  3.132215E-14
      4860.59  3.236049E-14
      4864.74  3.310183E-14
      4868.88  3.389012E-14
      4873.03  3.450378E-14
      4877.17  3.497432E-14
      4881.32  3.508348E-14
      4885.46  3.447793E-14
      4889.61  3.373534E-14
      4893.76  3.299296E-14
      4897.90  3.193919E-14
      4902.05  3.080793E-14
      4906.19  2.984490E-14
      4910.34  2.842013E-14
      4914.48  2.767276E-14
      4918.63  2.683275E-14
      4922.77  2.629993E-14
      4926.92  2.627353E-14
      4931.07  2.605750E-14
      4935.21  2.606587E-14
      4939.36  2.643161E-14
      4943.50  2.775875E-14
      4947.65  2.916670E-14
      4951.79  2.946449E-14
      4955.94  3.084743E-14
      4960.08  3.194460E-14
      4964.23  3.264195E-14
      4968.37  3.367617E-14
      4972.52  3.387384E-14
      4976.67  3.372289E-14
      4980.81  3.384779E-14
      4984.96  3.367537E-14
      4989.10  3.403397E-14
      4993.25  3.405183E-14
      4997.39  3.378553E-14
      5001.54  3.367569E-14
      5005.68  3.297574E-14
      5009.83  3.194083E-14
      5013.98  3.092648E-14
      5018.12  2.947954E-14
      5022.27  2.863427E-14
      5026.41  2.772681E-14
      5030.56  2.632652E-14
      5034.70  2.504131E-14
      5038.85  2.401984E-14
      5042.99  2.307118E-14
      5047.14  2.223771E-14
      5051.28  2.151167E-14
      5055.43  2.071835E-14
      5059.58  1.973247E-14
      5063.72  1.893388E-14
      5067.87  1.847154E-14
      5072.01  1.824889E-14
      5076.16  1.772558E-14
      5080.30  1.749701E-14
      5084.45  1.748765E-14
      5088.59  1.738823E-14
      5092.74  1.753762E-14
      5096.89  1.785008E-14
      5101.03  1.846359E-14
      5105.18  1.893879E-14
      5109.32  1.946433E-14
      5113.47  2.001391E-14
      5117.61  2.046673E-14
      5121.76  2.128985E-14
      5125.90  2.192740E-14
      5130.05  2.258739E-14
      5134.19  2.353282E-14
      5138.34  2.407512E-14
      5142.49  2.446070E-14
      5146.63  2.478632E-14
      5150.78  2.502720E-14
      5154.92  2.508815E-14
      5159.07  2.536317E-14
      5163.21  2.553077E-14
      5167.36  2.540806E-14
      5171.50  2.628365E-14
      5175.65  2.635745E-14
      5179.80  2.663486E-14
      5183.94  2.672792E-14
      5188.09  2.659023E-14
      5192.23  2.674369E-14
      5196.38  2.695896E-14
      5200.52  2.668163E-14
      5204.67  2.643340E-14
      5208.81  2.625833E-14
      5212.96  2.627714E-14
      5217.11  2.572819E-14
      5221.25  2.575614E-14
      5225.40  2.579076E-14
      5229.54  2.580413E-14
      5233.69  2.588507E-14
      5237.83  2.615956E-14
      5241.98  2.604956E-14
      5246.12  2.625023E-14
      5250.27  2.703865E-14
      5254.41  2.751432E-14
      5258.56  2.791168E-14
      5262.71  2.850210E-14
      5266.85  2.866592E-14
      5271.00  2.867766E-14
      5275.14  2.890511E-14
      5279.29  2.884750E-14
      5283.43  2.913437E-14
      5287.58  2.949969E-14
      5291.72  2.977455E-14
      5295.87  3.015659E-14
      5300.02  3.051754E-14
      5304.16  3.063890E-14
      5308.31  3.068159E-14
      5312.45  3.101876E-14
      5316.60  3.097085E-14
      5320.74  3.070788E-14
      5324.89  3.079610E-14
      5329.03  3.110192E-14
      5333.18  3.162612E-14
      5337.32  3.216250E-14
      5341.47  3.281362E-14
      5345.62  3.323113E-14
      5349.76  3.348595E-14
      5353.91  3.391244E-14
      5358.05  3.435526E-14
      5362.20  3.430046E-14
      5366.34  3.400589E-14
      5370.49  3.397812E-14
      5374.63  3.359146E-14
      5378.78  3.300014E-14
      5382.93  3.256744E-14
      5387.07  3.236581E-14
      5391.22  3.190617E-14
      5395.36  3.127420E-14
      5399.51  3.088267E-14
      5403.65  3.043498E-14
      5407.80  3.040471E-14
      5411.94  3.033259E-14
      5416.09  3.029946E-14
      5420.23  2.949918E-14
      5424.38  2.994214E-14
      5428.53  2.939167E-14
      5432.67  2.968700E-14
      5436.82  3.077743E-14
      5440.96  3.076477E-14
      5445.11  3.103545E-14
      5449.25  3.198420E-14
      5453.40  3.288351E-14
      5457.54  3.355609E-14
      5461.69  3.422977E-14
      5465.84  3.526186E-14
      5469.98  3.669334E-14
      5474.13  3.666724E-14
      5478.27  3.635175E-14
      5482.42  3.655802E-14
      5486.56  3.641107E-14
      5490.71  3.629044E-14
      5494.85  3.654761E-14
      5499.00  3.656088E-14
      5503.14  3.647838E-14
      5507.29  3.634797E-14
      5511.44  3.573209E-14
      5515.58  3.528215E-14
      5519.73  3.506751E-14
      5523.87  3.431324E-14
      5528.02  3.334821E-14
      5532.16  3.262506E-14
      5536.31  3.186629E-14
      5540.45  3.114831E-14
      5544.60  3.029896E-14
      5548.75  2.970888E-14
      5552.89  2.929064E-14
      5557.04  2.863719E-14
      5561.18  2.834853E-14
      5565.33  2.825332E-14
      5569.47  2.825995E-14
      5573.62  2.846670E-14
      5577.76  2.871973E-14
      5581.91  2.903582E-14
      5586.05  2.975532E-14
      5590.20  3.010963E-14
      5594.35  3.062959E-14
      5598.49  3.142003E-14
      5602.64  3.195384E-14
      5606.78  3.231306E-14
      5610.93  3.265675E-14
      5615.07  3.320711E-14
      5619.22  3.331714E-14
      5623.36  3.337835E-14
      5627.51  3.383143E-14
      5631.66  3.407269E-14
      5635.80  3.417377E-14
      5639.95  3.416186E-14
      5644.09  3.372081E-14
      5648.24  3.367978E-14
      5652.38  3.370302E-14
      5656.53  3.375658E-14
      5660.67  3.349614E-14
      5664.82  3.296838E-14
      5668.96  3.314314E-14
      5673.11  3.260618E-14
      5677.26  3.251352E-14
      5681.40  3.203836E-14
      5685.55  3.136307E-14
      5689.69  3.157164E-14
      5693.84  3.106750E-14
      5697.98  3.043604E-14
      5702.13  3.038276E-14
      5706.27  3.023143E-14
      5710.42  3.014110E-14
      5714.57  3.027065E-14
      5718.71  3.004197E-14
      5722.86  2.985196E-14
      5727.00  2.940590E-14
      5731.15  2.878652E-14
      5735.29  2.872931E-14
      5739.44  2.899562E-14
      5743.58  2.917345E-14
      5747.73  2.882233E-14
      5751.88  2.837979E-14
      5756.02  2.814204E-14
      5760.17  2.793900E-14
      5764.31  2.779197E-14
      5768.46  2.732338E-14
      5772.60  2.667895E-14
      5776.75  2.619491E-14
      5780.89  2.607615E-14
      5785.04  2.595669E-14
      5789.18  2.584166E-14
      5793.33  2.598415E-14
      5797.48  2.637433E-14
      5801.62  2.641233E-14
      5805.77  2.653511E-14
      5809.91  2.718401E-14
      5814.06  2.759417E-14
      5818.20  2.772726E-14
      5822.35  2.823801E-14
      5826.49  2.883085E-14
      5830.64  2.903656E-14
      5834.79  2.943053E-14
      5838.93  2.998197E-14
      5843.08  3.053122E-14
      5847.22  3.079357E-14
      5851.37  3.087527E-14
      5855.51  3.114116E-14
      5859.66  3.138785E-14
      5863.80  3.135307E-14
      5867.95  3.106063E-14
      5872.09  3.089256E-14
      5876.24  3.100988E-14
      5880.39  3.101182E-14
      5884.53  3.035982E-14
      5888.68  2.996549E-14
      5892.82  3.013869E-14
      5896.97  3.041174E-14
      5901.11  3.047303E-14
      5905.26  3.090590E-14
      5909.40  3.099045E-14
      5913.55  3.062146E-14
      5917.70  3.043701E-14
      5921.84  3.004907E-14
      5925.99  2.983924E-14
      5930.13  2.969567E-14
      5934.28  2.945320E-14
      5938.42  2.989949E-14
      5942.57  3.020288E-14
      5946.71  2.992275E-14
      5950.86  3.004674E-14
      5955.00  3.033746E-14
      5959.15  2.993565E-14
      5963.30  2.975810E-14
      5967.44  3.009560E-14
      5971.59  2.977000E-14
      5975.73  2.952916E-14
      5979.88  2.955810E-14
      5984.02  2.927272E-14
      5988.17  2.916642E-14
      5992.31  2.910719E-14
      5996.46  2.882897E-14
      6000.61  2.880419E-14
      6004.75  2.840713E-14
      6008.90  2.836219E-14
      6013.04  2.874883E-14
      6017.19  2.822525E-14
      6021.33  2.812267E-14
      6025.48  2.822520E-14
      6029.62  2.804411E-14
      6033.77  2.784005E-14
      6037.91  2.774211E-14
      6042.06  2.722219E-14
      6046.21  2.707928E-14
      6050.35  2.701187E-14
      6054.50  2.699145E-14
      6058.64  2.720469E-14
      6062.79  2.762105E-14
      6066.93  2.767128E-14
      6071.08  2.792526E-14
      6075.22  2.828137E-14
      6079.37  2.868498E-14
      6083.52  2.868068E-14
      6087.66  2.877666E-14
      6091.81  2.873842E-14
      6095.95  2.854734E-14
      6100.10  2.848478E-14
      6104.24  2.811955E-14
      6108.39  2.773204E-14
      6112.53  2.734872E-14
      6116.68  2.702149E-14
      6120.82  2.665974E-14
      6124.97  2.593941E-14
      6129.12  2.552555E-14
      6133.26  2.538702E-14
      6137.41  2.506011E-14
      6141.55  2.493183E-14
      6145.70  2.511313E-14
      6149.84  2.544738E-14
      6153.99  2.579882E-14
      6158.13  2.617555E-14
      6162.28  2.666514E-14
      6166.43  2.705413E-14
      6170.57  2.765391E-14
      6174.72  2.782568E-14
      6178.86  2.797726E-14
      6183.01  2.839255E-14
      6187.15  2.840810E-14
      6191.30  2.853906E-14
      6195.44  2.868997E-14
      6199.59  2.860329E-14
      6203.74  2.856564E-14
      6207.88  2.857670E-14
      6212.03  2.862461E-14
      6216.17  2.841040E-14
      6220.32  2.838149E-14
      6224.46  2.806870E-14
      6228.61  2.776935E-14
      6232.75  2.717937E-14
      6236.90  2.666311E-14
      6241.04  2.640716E-14
      6245.19  2.607257E-14
      6249.34  2.556995E-14
      6253.48  2.521299E-14
      6257.63  2.514340E-14
      6261.77  2.511176E-14
      6265.92  2.502051E-14
      6270.06  2.448938E-14
      6274.21  2.436455E-14
      6278.35  2.417718E-14
      6282.50  2.457874E-14
      6286.65  2.501825E-14
      6290.79  2.514155E-14
      6294.94  2.478367E-14
      6299.08  2.478049E-14
      6303.23  2.462643E-14
      6307.37  2.430594E-14
      6311.52  2.378309E-14
      6315.66  2.329143E-14
      6319.81  2.280267E-14
      6323.95  2.222958E-14
      6328.10  2.163121E-14
      6332.25  2.123426E-14
      6336.39  2.052062E-14
      6340.54  1.974682E-14
      6344.68  1.888466E-14
      6348.83  1.782407E-14
      6352.97  1.707731E-14
      6357.12  1.672401E-14
      6361.26  1.650446E-14
      6365.41  1.615379E-14
      6369.56  1.585393E-14
      6373.70  1.558718E-14
      6377.85  1.531766E-14
      6381.99  1.515006E-14
      6386.14  1.494300E-14
      6390.28  1.484492E-14
      6394.43  1.478683E-14
      6398.57  1.500319E-14
      6402.72  1.509032E-14
      6406.86  1.517946E-14
      6411.01  1.527445E-14
      6415.16  1.553817E-14
      6419.30  1.611949E-14
      6423.45  1.643403E-14
      6427.59  1.703320E-14
      6431.74  1.784249E-14
      6435.88  1.887115E-14
      6440.03  1.993555E-14
      6444.17  2.142348E-14
      6448.32  2.304258E-14
      6452.47  2.483899E-14
      6456.61  2.687882E-14
      6460.76  2.906706E-14
      6464.90  3.108818E-14
      6469.05  3.298973E-14
      6473.19  3.471272E-14
      6477.34  3.631862E-14
      6481.48  3.777361E-14
      6485.63  3.898876E-14
      6489.77  4.000748E-14
      6493.92  4.121140E-14
      6498.07  4.231069E-14
      6502.21  4.329048E-14
      6506.36  4.425013E-14
      6510.50  4.513404E-14
      6514.65  4.588664E-14
      6518.79  4.651618E-14
      6522.94  4.724515E-14
      6527.08  4.763959E-14
      6531.23  4.788101E-14
      6535.38  4.759470E-14
      6539.52  4.766241E-14
      6543.67  4.763190E-14
      6547.81  4.712178E-14
      6551.96  4.734611E-14
      6556.10  4.673104E-14
      6560.25  4.590024E-14
      6564.39  4.555195E-14
      6568.54  4.496030E-14
      6572.68  4.403673E-14
      6576.83  4.336176E-14
      6580.98  4.299367E-14
      6585.12  4.267064E-14
      6589.27  4.231752E-14
      6593.41  4.190485E-14
      6597.56  4.124444E-14
      6601.70  4.030538E-14
      6605.85  4.002923E-14
      6609.99  3.971495E-14
      6614.14  3.938868E-14
      6618.29  3.865051E-14
      6622.43  3.830571E-14
      6626.58  3.812958E-14
      6630.72  3.778757E-14
      6634.87  3.734190E-14
      6639.01  3.671102E-14
      6643.16  3.636347E-14
      6647.30  3.569265E-14
      6651.45  3.521820E-14
      6655.59  3.476824E-14
      6659.74  3.427906E-14
      6663.89  3.390323E-14
      6668.03  3.358210E-14
      6672.18  3.315057E-14
      6676.32  3.263741E-14
      6680.47  3.204095E-14
      6684.61  3.142927E-14
      6688.76  3.102928E-14
      6692.90  3.082232E-14
      6697.05  3.040697E-14
      6701.20  2.959855E-14
      6705.34  2.916995E-14
      6709.49  2.918822E-14
      6713.63  2.904007E-14
      6717.78  2.884298E-14
      6721.92  2.829476E-14
      6726.07  2.805705E-14
      6730.21  2.809948E-14
      6734.36  2.794992E-14
      6738.51  2.778532E-14
      6742.65  2.763095E-14
      6746.80  2.740492E-14
      6750.94  2.743306E-14
      6755.09  2.751159E-14
      6759.23  2.739390E-14
      6763.38  2.718246E-14
      6767.52  2.696117E-14
      6771.67  2.666885E-14
      6775.81  2.661375E-14
      6779.96  2.651709E-14
      6784.11  2.638045E-14
      6788.25  2.611161E-14
      6792.40  2.573615E-14
      6796.54  2.566087E-14
      6800.69  2.578269E-14
      6804.83  2.555765E-14
      6808.98  2.542006E-14
      6813.12  2.510927E-14
      6817.27  2.476197E-14
      6821.42  2.458294E-14
      6825.56  2.441543E-14
      6829.71  2.415416E-14
      6833.85  2.382509E-14
      6838.00  2.349518E-14
      6842.14  2.351031E-14
      6846.29  2.326569E-14
      6850.43  2.289924E-14
      6854.58  2.282571E-14
      6858.72  2.258645E-14
      6862.87  2.166700E-14
      6867.02  2.073352E-14
      6871.16  2.001381E-14
      6875.31  2.038951E-14
      6879.45  2.100680E-14
      6883.60  2.112757E-14
      6887.74  2.083396E-14
      6891.89  2.047185E-14
      6896.03  2.056987E-14
      6900.18  2.097820E-14
      6904.33  2.141797E-14
      6908.47  2.158453E-14
      6912.62  2.189603E-14
      6916.76  2.228727E-14
      6920.91  2.231794E-14
      6925.05  2.239820E-14
      6929.20  2.260279E-14
      6933.34  2.281367E-14
      6937.49  2.288661E-14
      6941.63  2.269312E-14
      6945.78  2.266819E-14
      6949.93  2.281872E-14
      6954.07  2.283892E-14
      6958.22  2.307782E-14
      6962.36  2.319053E-14
      6966.51  2.317995E-14
      6970.65  2.311412E-14
      6974.80  2.321385E-14
      6978.94  2.347475E-14
      6983.09  2.347922E-14
      6987.24  2.311279E-14
      6991.38  2.285317E-14
      6995.53  2.303437E-14
      6999.67  2.328451E-14
      7003.82  2.332720E-14
      7007.96  2.307735E-14
      7012.11  2.271275E-14
      7016.25  2.279294E-14
      7020.40  2.293320E-14
      7024.54  2.287613E-14
      7028.69  2.273800E-14
      7032.84  2.246304E-14
      7036.98  2.236887E-14
      7041.13  2.233287E-14
      7045.27  2.225887E-14
      7049.42  2.208356E-14
      7053.56  2.151203E-14
      7057.71  2.136629E-14
      7061.85  2.126652E-14
      7066.00  2.114963E-14
      7070.15  2.075388E-14
      7074.29  2.053080E-14
      7078.44  2.032399E-14
      7082.58  2.004138E-14
      7086.73  1.989127E-14
      7090.87  1.986955E-14
      7095.02  1.973920E-14
      7099.16  1.968578E-14
      7103.31  1.970641E-14
      7107.45  1.994784E-14
      7111.60  2.040322E-14
      7115.75  2.071191E-14
      7119.89  2.077446E-14
      7124.04  2.077710E-14
      7128.18  2.100048E-14
      7132.33  2.124032E-14
      7136.47  2.138283E-14
      7140.62  2.144369E-14
      7144.76  2.122662E-14
      7148.91  2.117378E-14
      7153.06  2.153071E-14
      7157.20  2.155976E-14
      7161.35  2.124020E-14
      7165.49  2.081268E-14
      7169.64  2.025628E-14
      7173.78  2.011699E-14
      7177.93  2.023747E-14
      7182.07  2.017675E-14
      7186.22  1.958716E-14
      7190.37  1.958309E-14
      7194.51  1.984558E-14
      7198.66  1.996908E-14
      7202.80  1.981569E-14
      7206.95  1.963067E-14
      7211.09  2.011769E-14
      7215.24  2.067453E-14
      7219.38  2.069688E-14
      7223.53  2.044523E-14
      7227.67  2.004335E-14
      7231.82  1.999850E-14
      7235.97  1.998204E-14
      7240.11  2.045673E-14
      7244.26  2.064130E-14
      7248.40  2.059334E-14
      7252.55  2.078353E-14
      7256.69  2.121921E-14
      7260.84  2.166183E-14
      7264.98  2.156481E-14
      7269.13  2.113238E-14
      7273.28  2.123437E-14
      7277.42  2.165454E-14
      7281.57  2.174674E-14
      7285.71  2.152671E-14
      7289.86  2.121076E-14
      7294.00  2.119860E-14
      7298.15  2.143014E-14
      7302.29  2.142606E-14
      7306.44  2.119958E-14
      7310.58  2.092633E-14
      7314.73  2.100733E-14
      7318.88  2.114116E-14
      7323.02  2.089215E-14
      7327.17  2.043115E-14
      7331.31  2.035745E-14
      7335.46  2.060507E-14
      7339.60  2.101335E-14
      7343.75  2.036093E-14
      7347.89  2.005613E-14
      7352.04  2.025621E-14
      7356.19  2.058135E-14
      7360.33  2.082674E-14
      7364.48  2.066864E-14
      7368.62  2.061501E-14
      7372.77  2.084573E-14
      7376.91  2.095553E-14
      7381.06  2.077008E-14
      7385.20  2.066117E-14
      7389.35  2.083995E-14
      7393.49  2.098603E-14
      7397.64  2.084159E-14
      7401.79  2.051517E-14
      7405.93  2.036161E-14
      7410.08  2.055709E-14
      7414.22  2.058484E-14
      7418.37  2.028135E-14
      7422.51  2.038234E-14
      7426.66  2.047760E-14
      7430.80  2.032748E-14
      7434.95  2.021071E-14
      7439.10  2.015556E-14
      7443.24  2.004467E-14
      7447.39  2.002993E-14
      7451.53  2.025670E-14
      7455.68  2.036687E-14
      7459.82  2.026379E-14
      7463.97  2.021817E-14
      7468.11  2.010193E-14
      7472.26  2.025216E-14
      7476.40  2.064605E-14
      7480.55  2.076413E-14
      7484.70  2.070399E-14
      7488.84  2.054551E-14
      7492.99  2.045744E-14
      7497.13  2.039446E-14
      7501.28  2.021424E-14
      7505.42  2.025732E-14
      7509.57  2.029444E-14
      7513.71  2.020283E-14
      7517.86  2.002343E-14
      7522.01  1.977483E-14
      7526.15  1.968687E-14
      7530.30  1.941799E-14
      7534.44  1.928893E-14
      7538.59  1.918344E-14
      7542.73  1.906431E-14
      7546.88  1.928899E-14
      7551.02  1.916865E-14
      7555.17  1.883234E-14
      7559.31  1.861577E-14
      7563.46  1.848088E-14
      7567.61  1.842015E-14
      7571.75  1.835538E-14
      7575.90  1.827214E-14
      7580.04  1.859150E-14
      7584.19  1.924492E-14
      7588.33  1.987935E-14
      7592.48  1.833999E-14
      7596.62  1.515677E-14
      7600.77  1.195714E-14
      7604.92  1.133877E-14
      7609.06  1.339327E-14
      7613.21  1.706246E-14
      7617.35  1.794606E-14
      7621.50  1.659421E-14
      7625.64  1.356627E-14
      7629.79  1.277165E-14
      7633.93  1.266383E-14
      7638.08  1.291422E-14
      7642.22  1.338266E-14
      7646.37  1.349398E-14
      7650.52  1.367278E-14
      7654.66  1.400779E-14
      7658.81  1.426944E-14
      7662.95  1.470532E-14
      7667.10  1.518216E-14
      7671.24  1.567142E-14
      7675.39  1.624645E-14
      7679.53  1.671658E-14
      7683.68  1.725942E-14
      7687.83  1.788222E-14
      7691.97  1.809994E-14
      7696.12  1.826099E-14
      7700.26  1.858926E-14
      7704.41  1.883017E-14
      7708.55  1.888114E-14
      7712.70  1.898613E-14
      7716.84  1.942724E-14
      7720.99  1.973205E-14
      7725.14  1.987981E-14
      7729.28  1.989374E-14
      7733.43  1.985232E-14
      7737.57  1.995858E-14
      7741.72  2.005910E-14
      7745.86  1.989779E-14
      7750.01  1.984262E-14
      7754.15  2.008906E-14
      7758.30  2.010275E-14
      7762.44  1.991945E-14
      7766.59  1.962091E-14
      7770.74  1.931852E-14
      7774.88  1.903132E-14
      7779.03  1.891107E-14
      7783.17  1.916210E-14
      7787.32  1.915457E-14
      7791.46  1.930531E-14
      7795.61  1.942410E-14
      7799.75  1.939303E-14
      7803.90  1.927753E-14
      7808.05  1.900974E-14
      7812.19  1.892585E-14
      7816.34  1.881410E-14
      7820.48  1.886277E-14
      7824.63  1.898232E-14
      7828.77  1.891494E-14
      7832.92  1.881170E-14
      7837.06  1.878770E-14
      7841.21  1.881040E-14
      7845.35  1.881537E-14
      7849.50  1.885365E-14
      7853.65  1.904064E-14
      7857.79  1.894428E-14
      7861.94  1.910980E-14
      7866.08  1.894162E-14
      7870.23  1.843314E-14
      7874.37  1.841008E-14
      7878.52  1.839373E-14
      7882.66  1.879575E-14
      7886.81  1.876392E-14
      7890.96  1.865736E-14
      7895.10  1.848452E-14
      7899.25  1.845007E-14
      7903.39  1.814391E-14
      7907.54  1.830765E-14
      7911.68  1.845120E-14
      7915.83  1.853806E-14
      7919.97  1.826650E-14
      7924.12  1.817651E-14
      7928.26  1.816861E-14
      7932.41  1.807568E-14
      7936.56  1.816291E-14
      7940.70  1.813346E-14
      7944.85  1.823092E-14
      7948.99  1.836925E-14
      7953.14  1.808541E-14
      7957.28  1.777032E-14
      7961.43  1.763898E-14
      7965.57  1.775244E-14
      7969.72  1.793383E-14
      7973.87  1.790687E-14
      7978.01  1.776547E-14
      7982.16  1.775904E-14
      7986.30  1.776203E-14
      7990.45  1.759175E-14
      7994.59  1.748959E-14
      7998.74  1.763632E-14
      8002.88  1.764855E-14
      8007.03  1.739882E-14
      8011.17  1.733204E-14
      8015.32  1.755761E-14
      8019.47  1.761544E-14
      8023.61  1.738787E-14
      8027.76  1.730290E-14
      8031.90  1.731251E-14
      8036.05  1.727861E-14
      8040.19  1.726977E-14
      8044.34  1.718008E-14
      8048.48  1.730364E-14
      8052.63  1.732064E-14
      8056.78  1.695884E-14
      8060.92  1.681940E-14
      8065.07  1.691090E-14
      8069.21  1.687982E-14
      8073.36  1.650641E-14
      8077.50  1.625495E-14
      8081.65  1.624723E-14
      8085.79  1.620973E-14
      8089.94  1.605577E-14
      8094.08  1.586838E-14
      8098.23  1.585539E-14
      8102.38  1.604365E-14
      8106.52  1.595561E-14
      8110.67  1.595331E-14
      8114.81  1.563161E-14
      8118.96  1.573932E-14
      8123.10  1.557377E-14
      8127.25  1.526850E-14
      8131.39  1.515405E-14
      8135.54  1.537979E-14
      8139.69  1.535291E-14
      8143.83  1.550941E-14
      8147.98  1.549219E-14
      8152.12  1.559916E-14
      8156.27  1.541550E-14
      8160.41  1.493761E-14
      8164.56  1.498337E-14
      8168.70  1.531708E-14
      8172.85  1.522155E-14
      8177.00  1.534687E-14
      8181.14  1.544404E-14
      8185.29  1.580161E-14
      8189.43  1.562326E-14
      8193.58  1.557721E-14
      8197.72  1.555470E-14
      8201.87  1.545856E-14
      8206.01  1.539393E-14
      8210.16  1.519541E-14
      8214.30  1.493750E-14
      8218.45  1.452501E-14
      8222.60  1.381513E-14
      8226.74  1.300441E-14
      8230.89  1.274939E-14
      8235.03  1.308121E-14
      8239.18  1.319411E-14
      8243.32  1.257172E-14
      8247.47  1.193933E-14
      8251.61  1.136801E-14
      8255.76  1.051311E-14
      8259.91  9.891436E-15
      8264.05  9.467025E-15
      8268.20  8.860075E-15
      8272.34  8.254805E-15
      8276.49  7.783839E-15
      8280.63  7.387210E-15
      8284.78  7.055921E-15
      8288.92  6.740567E-15
      8293.07  6.333194E-15
      8297.21  5.985628E-15
      8301.36  5.714767E-15
      8305.51  5.429416E-15
      8309.65  5.286968E-15
      8313.80  5.203480E-15
      8317.94  5.096945E-15
      8322.09  5.058992E-15
      8326.23  4.930639E-15
      8330.38  4.775272E-15
      8334.52  4.696917E-15
      8338.67  4.745385E-15
      8342.82  4.840104E-15
      8346.96  4.973374E-15
      8351.11  5.155172E-15
      8355.25  5.222400E-15
      8359.40  5.472230E-15
      8363.54  5.662654E-15
      8367.69  5.831888E-15
      8371.83  6.182894E-15
      8375.98  6.518450E-15
      8380.12  6.676469E-15
      8384.27  7.000674E-15
      8388.42  7.305997E-15
      8392.56  7.491309E-15
      8396.71  8.056444E-15
      8400.85  7.892756E-15
      8405.00  8.358444E-15
      8409.14  8.415830E-15
      8413.29  8.685745E-15
      8417.43  8.799021E-15
      8421.58  8.908298E-15
      8425.73  8.848667E-15
      8429.87  9.132553E-15
      8434.02  9.063706E-15
      8438.16  9.239052E-15
      8442.31  9.631376E-15
      8446.45  9.854144E-15
      8450.60  9.823873E-15
      8454.74  9.980446E-15
      8458.89  9.964170E-15
      8463.03  9.868533E-15
      8467.18  9.995648E-15
      8471.33  1.001290E-14
      8475.47  1.002371E-14
      8479.62  1.017411E-14
      8483.76  1.044642E-14
      8487.91  1.062316E-14
      8492.05  1.085388E-14
      8496.20  1.126913E-14
      8500.34  1.165735E-14
      8504.49  1.192131E-14
      8508.64  1.217665E-14
      8512.78  1.250442E-14
      8516.93  1.274775E-14
      8521.07  1.310164E-14
      8525.22  1.374734E-14
      8529.36  1.434483E-14
      8533.51  1.494043E-14
      8537.65  1.577169E-14
      8541.80  1.656185E-14
      8545.94  1.715990E-14
      8550.09  1.769954E-14
      8554.24  1.809423E-14
      8558.38  1.833015E-14
      8562.53  1.865591E-14
      8566.67  1.916005E-14
      8570.82  1.974161E-14
      8574.96  2.027481E-14
      8579.11  2.081458E-14
      8583.25  2.108396E-14
      8587.40  2.168885E-14
      8591.55  2.202172E-14
      8595.69  2.193669E-14
      8599.84  2.213043E-14
      8603.98  2.167394E-14
      8608.13  2.174779E-14
      8612.27  2.198418E-14
      8616.42  2.219129E-14
      8620.56  2.225967E-14
      8624.71  2.263859E-14
      8628.85  2.308560E-14
      8633.00  2.284919E-14
      8637.15  2.285888E-14
      8641.29  2.281072E-14
      8645.44  2.236403E-14
      8649.58  2.209041E-14
      8653.73  2.205849E-14
      8657.87  2.223487E-14
      8662.02  2.211001E-14
      8666.16  2.200538E-14
      8670.31  2.221798E-14
      8674.46  2.221032E-14
      8678.60  2.220120E-14
      8682.75  2.166566E-14
      8686.89  2.113225E-14
      8691.04  2.090766E-14
      8695.18  2.054364E-14
      8699.33  2.073206E-14
      8703.47  2.055027E-14
      8707.62  2.047017E-14
      8711.77  2.079729E-14
      8715.91  2.045149E-14
      8720.06  1.999051E-14
      8724.20  1.962882E-14
      8728.35  1.912079E-14
      8732.49  1.876022E-14
      8736.64  1.837573E-14
      8740.78  1.796251E-14
      8744.93  1.799197E-14
      8749.07  1.787728E-14
      8753.22  1.757757E-14
      8757.37  1.732649E-14
      8761.51  1.668916E-14
      8765.66  1.622887E-14
      8769.80  1.575338E-14
      8773.95  1.546241E-14
      8778.09  1.532598E-14
      8782.24  1.485204E-14
      8786.38  1.457784E-14
      8790.53  1.475128E-14
      8794.68  1.491353E-14
      8798.82  1.494883E-14
      8802.97  1.485051E-14
      8807.11  1.471899E-14
      8811.26  1.461813E-14
      8815.40  1.443948E-14
      8819.55  1.432216E-14
      8823.69  1.418138E-14
      8827.84  1.400342E-14
      8831.98  1.398884E-14
      8836.13  1.422312E-14
      8840.28  1.449196E-14
      8844.42  1.454630E-14
      8848.57  1.438535E-14
      8852.71  1.420141E-14
      8856.86  1.425581E-14
      8861.00  1.412086E-14
      8865.15  1.379856E-14
      8869.29  1.377902E-14
      8873.44  1.369911E-14
      8877.59  1.398800E-14
      8881.73  1.399470E-14
      8885.88  1.403297E-14
      8890.02  1.438162E-14
      8894.17  1.438462E-14
      8898.31  1.409137E-14
      8902.46  1.400695E-14
      8906.60  1.361213E-14
      8910.75  1.383575E-14
      8914.89  1.365348E-14
      8919.04  1.339399E-14
      8923.19  1.336481E-14
      8927.33  1.289670E-14
      8931.48  1.303870E-14
      8935.62  1.325156E-14
      8939.77  1.328451E-14
      8943.91  1.300880E-14
      8948.06  1.282040E-14
      8952.20  1.257387E-14
      8956.35  1.226735E-14
      8960.50  1.225152E-14
      8964.64  1.210763E-14
      8968.79  1.167595E-14
      8972.93  1.185482E-14
      8977.08  1.213105E-14
      8981.22  1.195219E-14
      8985.37  1.180217E-14
      8989.51  1.189379E-14
      8993.66  1.233588E-14
      8997.80  1.268768E-14
      9001.95  1.278059E-14
      9006.10  1.271936E-14
      9010.24  1.251397E-14
      9014.39  1.243232E-14
      9018.53  1.228749E-14
      9022.68  1.210844E-14
      9026.82  1.220897E-14
      9030.97  1.248591E-14
      9035.11  1.244357E-14
      9039.26  1.223621E-14
      9043.41  1.185045E-14
      9047.55  1.167999E-14
      9051.70  1.176826E-14
      9055.84  1.153549E-14
      9059.99  1.099767E-14
      9064.13  1.050405E-14
      9068.28  1.007282E-14
      9072.42  9.630677E-15
      9076.57  9.421428E-15
      9080.71  9.419589E-15
      9084.86  9.365115E-15
      9089.01  9.203121E-15
      9093.15  9.225058E-15
      9097.30  9.318210E-15
      9101.44  9.293491E-15
      9105.59  9.418218E-15
      9109.73  9.696661E-15
      9113.88  9.803200E-15
      9118.02  9.814002E-15
      9122.17  9.890271E-15
      9126.32  9.983715E-15
      9130.46  9.832501E-15
      9134.61  9.958428E-15
      9138.75  1.063482E-14
      9142.90  1.089606E-14
      9147.04  1.101675E-14
      9151.19  1.084059E-14
      9155.33  1.112707E-14
      9159.48  1.149001E-14
      9163.63  1.213387E-14
      9167.77  1.195628E-14
      9171.92  1.156469E-14
      9176.06  1.142542E-14
      9180.21  1.198120E-14
      9184.35  1.222080E-14
      9188.50  1.217455E-14
      9192.64  1.216164E-14
      9196.79  1.208853E-14
      9200.93  1.233852E-14
      9205.08  1.256922E-14
      9209.23  1.235697E-14
      9213.37  1.234217E-14
      9217.52  1.228609E-14
      9221.66  1.239981E-14
      9225.81  1.223539E-14
      9229.95  1.191842E-14
      9234.10  1.183163E-14
      9238.24  1.149473E-14
      9242.39  1.128638E-14
      9246.54  1.122683E-14
      9250.68  1.125484E-14
      9254.83  1.129400E-14
      9258.97  1.135537E-14
      9263.12  1.143728E-14
      9267.26  1.118655E-14
      9271.41  1.098001E-14
      9275.55  1.063094E-14
      9279.70  1.011716E-14
      9283.84  9.863991E-15
      9287.99  9.814336E-15
      9292.14  9.551969E-15
      9296.28  9.438952E-15
      9300.43  9.399150E-15
      9304.57  9.407590E-15
      9308.72  9.280369E-15
      9312.86  9.047520E-15
      9317.01  8.731742E-15
      9321.15  8.419359E-15
      9325.30  8.420629E-15
      9329.45  8.428153E-15
      9333.59  7.944035E-15
      9337.74  7.467557E-15
      9341.88  7.659092E-15
      9346.03  7.964491E-15
      9350.17  8.233573E-15
      9354.32  8.432198E-15
      9358.46  8.384238E-15
      9362.61  8.426357E-15
      9366.75  8.545932E-15
      9370.90  8.090726E-15
      9375.05  7.773522E-15
      9379.19  8.244790E-15
      9383.34  8.591180E-15
      9387.48  9.057088E-15
      9391.63  9.683025E-15
      9395.77  9.474490E-15
      9399.92  9.033221E-15
      9404.06  8.937293E-15
      9408.21  9.221193E-15
      9412.36  9.334544E-15
      9416.50  9.503863E-15
      9420.65  9.177541E-15
      9424.79  9.054185E-15
      9428.94  8.932898E-15
      9433.08  8.766026E-15
      9437.23  8.362702E-15
      9441.37  8.664545E-15
      9445.52  8.204800E-15
      9449.66  8.590955E-15
      9453.81  8.702058E-15
      9457.96  8.527480E-15
      9462.10  8.856972E-15
      9466.25  9.194705E-15
      9470.39  9.279826E-15
      9474.54  9.082113E-15
      9478.68  8.875433E-15
      9482.83  9.014899E-15
      9486.97  9.066115E-15
      9491.12  8.718215E-15
      9495.27  8.131519E-15
      9499.41  8.081407E-15
      9503.56  8.874984E-15
      9507.70  9.601197E-15
      9511.85  9.130827E-15
      9515.99  8.541443E-15
      9520.14  8.316666E-15
      9524.28  8.353357E-15
      9528.43  8.728953E-15
      9532.57  8.983411E-15
      9536.72  8.799278E-15
      9540.87  8.553507E-15
      9545.01  8.434327E-15
      9549.16  8.477748E-15
      9553.30  8.605147E-15
      9557.45  8.428783E-15
      9561.59  8.394458E-15
      9565.74  8.779336E-15
      9569.88  8.771425E-15
      9574.03  8.964488E-15
      9578.18  9.179488E-15
      9582.32  8.609682E-15
      9586.47  8.094708E-15
      9590.61  8.270629E-15
      9594.76  8.407557E-15
      9598.90  8.416404E-15
      9603.05  8.945125E-15
      9607.19  9.187283E-15
      9611.34  9.042480E-15
      9615.49  9.174368E-15
      9619.63  9.227880E-15
      9623.78  9.147125E-15
      9627.92  9.066285E-15
      9632.07  8.941547E-15
      9636.21  8.924942E-15
      9640.36  8.826092E-15
      9644.50  8.827548E-15
      9648.65  9.055838E-15
      9652.79  9.267217E-15
      9656.94  9.165022E-15
      9661.09  9.269266E-15
      9665.23  9.432122E-15
      9669.38  9.556641E-15
      9673.52  9.342821E-15
      9677.67  9.383241E-15
      9681.81  9.694064E-15
      9685.96  9.589419E-15
      9690.10  9.284961E-15
      9694.25  9.083935E-15
      9698.40  9.355640E-15
      9702.54  9.076572E-15
      9706.69  9.238093E-15
      9710.83  9.439905E-15
      9714.98  9.232894E-15
      9719.12  8.992064E-15
      9723.27  9.192738E-15
      9727.41  9.311022E-15
      9731.56  8.984336E-15
      9735.70  8.897801E-15
      9739.85  8.421895E-15
      9744.00  8.167090E-15
      9748.14  8.680479E-15
      9752.29  8.729707E-15
      9756.43  8.625152E-15
      9760.58  8.986727E-15
      9764.72  9.412305E-15
      9768.87  9.410961E-15
      9773.01  9.406125E-15
      9777.16  9.187847E-15
      9781.31  9.017581E-15
      9785.45  8.905524E-15
      9789.60  8.928453E-15
      9793.74  8.788825E-15
      9797.89  9.023296E-15
      9802.03  9.472752E-15
      9806.18  9.315886E-15
      9810.32  9.306742E-15
      9814.47  9.481876E-15
      9818.61  9.578232E-15
      9822.76  9.169997E-15
      9826.91  9.206343E-15
      9831.05  9.255207E-15
      9835.20  9.019415E-15
      9839.34  8.953170E-15
      9843.49  8.903559E-15
      9847.63  8.929911E-15
      9851.78  9.201198E-15
      9855.92  9.414892E-15
      9860.07  9.463673E-15
      9864.22  9.712427E-15
      9868.36  9.760098E-15
      9872.51  9.261508E-15
      9876.65  8.843448E-15
      9880.80  8.840136E-15
      9884.94  8.680111E-15
      9889.09  8.373936E-15
      9893.23  8.679660E-15
      9897.38  9.091136E-15
      9901.52  8.950779E-15
      9905.67  8.855346E-15
      9909.82  8.865005E-15
      9913.96  9.167254E-15
      9918.11  8.850507E-15
      9922.25  8.338801E-15
      9926.40  8.721289E-15
      9930.54  8.439923E-15
      9934.69  8.677735E-15
      9938.83  8.527717E-15
      9942.98  8.734423E-15
      9947.13  8.920758E-15
