      3376.58 -3.943170E-17
      3379.24 -1.584362E-17
      3381.90  6.335573E-17
      3384.55  7.931675E-17
      3387.21  7.780152E-17
      3389.87  7.047313E-17
      3392.53  5.243192E-17
      3395.19  4.036315E-17
      3397.84  5.820515E-17
      3400.50  6.501781E-17
      3403.16  4.087653E-17
      3405.82  4.021235E-17
      3408.48  6.049783E-17
      3411.13  8.400779E-17
      3413.79  8.377461E-17
      3416.45  5.787419E-17
      3419.11  9.138445E-17
      3421.77  1.361848E-16
      3424.42  1.012623E-16
      3427.08  7.014822E-17
      3429.74  8.446082E-17
      3432.40  1.044037E-16
      3435.06  1.002604E-16
      3437.71  5.186048E-17
      3440.37  1.909350E-17
      3443.03  4.025604E-17
      3445.69  8.121785E-17
      3448.35  9.472778E-17
      3451.00  7.093162E-17
      3453.66  7.276595E-17
      3456.32  7.316201E-17
      3458.98  3.912647E-17
      3461.64  3.757603E-17
      3464.29  6.790922E-17
      3466.95  6.499320E-17
      3469.61  7.127574E-17
      3472.27  7.279533E-17
      3474.93  4.797924E-17
      3477.58  4.912699E-17
      3480.24  5.098356E-17
      3482.90  4.809062E-17
      3485.56  6.977276E-17
      3488.22  8.246408E-17
      3490.87  6.812536E-17
      3493.53  7.256552E-17
      3496.19  8.432518E-17
      3498.85  7.517045E-17
      3501.51  5.441294E-17
      3504.16  5.331829E-17
      3506.82  7.071528E-17
      3509.48  7.512620E-17
      3512.14  6.944850E-17
      3514.80  6.451960E-17
      3517.45  6.059178E-17
      3520.11  5.503104E-17
      3522.77  4.714563E-17
      3525.43  4.159442E-17
      3528.09  5.214153E-17
      3530.74  6.943656E-17
      3533.40  6.234589E-17
      3536.06  5.335614E-17
      3538.72  6.272481E-17
      3541.38  5.733718E-17
      3544.03  5.257223E-17
      3546.69  6.983734E-17
      3549.35  6.895325E-17
      3552.01  6.343491E-17
      3554.67  7.041856E-17
      3557.32  6.711428E-17
      3559.98  6.702202E-17
      3562.64  6.544953E-17
      3565.30  5.897458E-17
      3567.96  4.513978E-17
      3570.61  4.718995E-17
      3573.27  4.647634E-17
      3575.93  4.004467E-17
      3578.59  6.717386E-17
      3581.25  7.120891E-17
      3583.91  5.692001E-17
      3586.56  6.296871E-17
      3589.22  5.900812E-17
      3591.88  5.607054E-17
      3594.54  5.804710E-17
      3597.20  5.679076E-17
      3599.85  5.940904E-17
      3602.51  7.363338E-17
      3605.17  7.365432E-17
      3607.83  5.975106E-17
      3610.49  5.904953E-17
      3613.14  6.903032E-17
      3615.80  7.485960E-17
      3618.46  6.055421E-17
      3621.12  4.692906E-17
      3623.78  5.291595E-17
      3626.43  5.744775E-17
      3629.09  5.525655E-17
      3631.75  5.454479E-17
      3634.41  5.565684E-17
      3637.07  6.157807E-17
      3639.72  7.186558E-17
      3642.38  7.121603E-17
      3645.04  7.173112E-17
      3647.70  8.433761E-17
      3650.36  7.943106E-17
      3653.01  6.075581E-17
      3655.67  4.731229E-17
      3658.33  4.070985E-17
      3660.99  4.671020E-17
      3663.65  5.591656E-17
      3666.30  5.862568E-17
      3668.96  5.637656E-17
      3671.62  5.296635E-17
      3674.28  5.738400E-17
      3676.94  6.153027E-17
      3679.59  5.683733E-17
      3682.25  4.629076E-17
      3684.91  4.252516E-17
      3687.57  4.782656E-17
      3690.23  5.896871E-17
      3692.88  5.423105E-17
      3695.54  4.007546E-17
      3698.20  4.770412E-17
      3700.86  5.721346E-17
      3703.52  5.631255E-17
      3706.17  4.848073E-17
      3708.83  4.257229E-17
      3711.49  4.552853E-17
      3714.15  4.466303E-17
      3716.81  4.922693E-17
      3719.46  5.125221E-17
      3722.12  5.753578E-17
      3724.78  7.104693E-17
      3727.44  9.566640E-17
      3730.10  1.556333E-16
      3732.75  2.257717E-16
      3735.41  2.503666E-16
      3738.07  2.022402E-16
      3740.73  1.292989E-16
      3743.39  7.491073E-17
      3746.04  4.622335E-17
      3748.70  4.598982E-17
      3751.36  5.105528E-17
      3754.02  4.727436E-17
      3756.68  4.404734E-17
      3759.33  4.380525E-17
      3761.99  4.755121E-17
      3764.65  5.387471E-17
      3767.31  5.892528E-17
      3769.97  5.351468E-17
      3772.62  4.266221E-17
      3775.28  4.300623E-17
      3777.94  4.420345E-17
      3780.60  4.866754E-17
      3783.26  5.425760E-17
      3785.91  5.487155E-17
      3788.57  6.283627E-17
      3791.23  7.226782E-17
      3793.89  7.001727E-17
      3796.55  5.823404E-17
      3799.20  5.433155E-17
      3801.86  5.489395E-17
      3804.52  5.674808E-17
      3807.18  5.352804E-17
      3809.84  4.063007E-17
      3812.49  3.939353E-17
      3815.15  4.998159E-17
      3817.81  5.506634E-17
      3820.47  4.843695E-17
      3823.13  4.445957E-17
      3825.78  5.362348E-17
      3828.44  5.739146E-17
      3831.10  5.242258E-17
      3833.76  4.660264E-17
      3836.42  4.645115E-17
      3839.07  5.080661E-17
      3841.73  5.032972E-17
      3844.39  4.614634E-17
      3847.05  4.900274E-17
      3849.71  5.152762E-17
      3852.36  5.447216E-17
      3855.02  5.942462E-17
      3857.68  5.041226E-17
      3860.34  4.309517E-17
      3863.00  4.507051E-17
      3865.65  4.495993E-17
      3868.31  4.537034E-17
      3870.97  4.956731E-17
      3873.63  5.880972E-17
      3876.29  6.788634E-17
      3878.94  7.232448E-17
      3881.60  6.596429E-17
      3884.26  4.757823E-17
      3886.92  3.842315E-17
      3889.58  4.372931E-17
      3892.23  5.100398E-17
      3894.89  5.555635E-17
      3897.55  5.831520E-17
      3900.21  5.088314E-17
      3902.87  3.832938E-17
      3905.52  3.672212E-17
      3908.18  4.438346E-17
      3910.84  4.787195E-17
      3913.50  4.510121E-17
      3916.16  4.478781E-17
      3918.81  3.879107E-17
      3921.47  3.668247E-17
      3924.13  4.158392E-17
      3926.79  4.163381E-17
      3929.45  3.684098E-17
      3932.10  3.394096E-17
      3934.76  3.392423E-17
      3937.42  3.397313E-17
      3940.08  3.698346E-17
      3942.74  4.244447E-17
      3945.39  4.544047E-17
      3948.05  4.259827E-17
      3950.71  4.052027E-17
      3953.37  4.119083E-17
      3956.03  3.976872E-17
      3958.68  3.744242E-17
      3961.34  3.873987E-17
      3964.00  3.718020E-17
      3966.66  3.832174E-17
      3969.32  4.739766E-17
      3971.97  5.040522E-17
      3974.63  5.172998E-17
      3977.29  5.813704E-17
      3979.95  6.101018E-17
      3982.61  5.818030E-17
      3985.26  5.046626E-17
      3987.92  4.167258E-17
      3990.58  3.554040E-17
      3993.24  3.438676E-17
      3995.90  4.039559E-17
      3998.55  3.956326E-17
      4001.21  3.019638E-17
      4003.87  3.004200E-17
      4006.53  3.534498E-17
      4009.19  4.164379E-17
      4011.84  4.546027E-17
      4014.50  3.729753E-17
      4017.16  3.255386E-17
      4019.82  3.584833E-17
      4022.48  3.587670E-17
      4025.14  3.497994E-17
      4027.79  3.991186E-17
      4030.45  4.033972E-17
      4033.11  3.738349E-17
      4035.77  4.053522E-17
      4038.43  4.302807E-17
      4041.08  4.268470E-17
      4043.74  3.879924E-17
      4046.40  3.352933E-17
      4049.06  3.304692E-17
      4051.72  3.279353E-17
      4054.37  3.294994E-17
      4057.03  3.636059E-17
      4059.69  4.201193E-17
      4062.35  3.929959E-17
      4065.01  3.567583E-17
      4067.66  4.157605E-17
      4070.32  4.307979E-17
      4072.98  3.897348E-17
      4075.64  3.806700E-17
      4078.30  4.025762E-17
      4080.95  4.022492E-17
      4083.61  3.748937E-17
      4086.27  3.596964E-17
      4088.93  3.778897E-17
      4091.59  3.519601E-17
      4094.24  3.549561E-17
      4096.90  3.831648E-17
      4099.56  3.189731E-17
      4102.22  3.159146E-17
      4104.88  4.374066E-17
      4107.53  5.199933E-17
      4110.19  5.355448E-17
      4112.85  5.380117E-17
      4115.51  5.103398E-17
      4118.17  4.436736E-17
      4120.82  4.015920E-17
      4123.48  3.760599E-17
      4126.14  3.529587E-17
      4128.80  3.756726E-17
      4131.46  3.954769E-17
      4134.11  3.671362E-17
      4136.77  3.533336E-17
      4139.43  3.678894E-17
      4142.09  4.003798E-17
      4144.75  3.788569E-17
      4147.40  3.355917E-17
      4150.06  3.349473E-17
      4152.72  3.653685E-17
      4155.38  3.756168E-17
      4158.04  3.544939E-17
      4160.69  3.747492E-17
      4163.35  4.015147E-17
      4166.01  3.216068E-17
      4168.67  2.430579E-17
      4171.33  3.017612E-17
      4173.98  3.541342E-17
      4176.64  3.104624E-17
      4179.30  3.223564E-17
      4181.96  3.691916E-17
      4184.62  3.738488E-17
      4187.27  3.867535E-17
      4189.93  3.766114E-17
      4192.59  3.458456E-17
      4195.25  3.526352E-17
      4197.91  3.787470E-17
      4200.56  3.582101E-17
      4203.22  3.430384E-17
      4205.88  3.883449E-17
      4208.54  3.751835E-17
      4211.20  3.118836E-17
      4213.85  2.950102E-17
      4216.51  3.222753E-17
      4219.17  3.967240E-17
      4221.83  4.525203E-17
      4224.49  4.217774E-17
      4227.14  3.570387E-17
      4229.80  3.294253E-17
      4232.46  3.535914E-17
      4235.12  3.736476E-17
      4237.78  3.671551E-17
      4240.43  3.517557E-17
      4243.09  3.427941E-17
      4245.75  3.673373E-17
      4248.41  4.063277E-17
      4251.07  3.987883E-17
      4253.72  3.421613E-17
      4256.38  2.991419E-17
      4259.04  3.331468E-17
      4261.70  3.565039E-17
      4264.36  3.267834E-17
      4267.01  3.750439E-17
      4269.67  4.189140E-17
      4272.33  3.885338E-17
      4274.99  3.720058E-17
      4277.65  3.673176E-17
      4280.30  3.182848E-17
      4282.96  2.976445E-17
      4285.62  3.195171E-17
      4288.28  3.501913E-17
      4290.94  3.172507E-17
      4293.59  2.738321E-17
      4296.25  3.192636E-17
      4298.91  3.321585E-17
      4301.57  3.235393E-17
      4304.23  3.264725E-17
      4306.88  3.148245E-17
      4309.54  3.042412E-17
      4312.20  3.091462E-17
      4314.86  3.000134E-17
      4317.52  2.949005E-17
      4320.17  2.913984E-17
      4322.83  2.855827E-17
      4325.49  3.225401E-17
      4328.15  3.505464E-17
      4330.81  3.251004E-17
      4333.46  3.105328E-17
      4336.12  3.397750E-17
      4338.78  3.692217E-17
      4341.44  3.912527E-17
      4344.10  4.651203E-17
      4346.75  6.001154E-17
      4349.41  7.618264E-17
      4352.07  8.534159E-17
      4354.73  7.416422E-17
      4357.39  4.904163E-17
      4360.04  3.473571E-17
      4362.70  3.649231E-17
      4365.36  3.474644E-17
      4368.02  3.066556E-17
      4370.68  2.931737E-17
      4373.33  2.894606E-17
      4375.99  3.031837E-17
      4378.65  3.185167E-17
      4381.31  3.334320E-17
      4383.97  3.248281E-17
      4386.62  3.174865E-17
      4389.28  2.771717E-17
      4391.94  2.774242E-17
      4394.60  2.813269E-17
      4397.26  2.841315E-17
      4399.91  3.047091E-17
      4402.57  3.048773E-17
      4405.23  3.022459E-17
      4407.89  2.894550E-17
      4410.55  3.106026E-17
      4413.20  3.372215E-17
      4415.86  3.446643E-17
      4418.52  3.596457E-17
      4421.18  3.641916E-17
      4423.84  3.385842E-17
      4426.49  2.856218E-17
      4429.15  2.944724E-17
      4431.81  3.386560E-17
      4434.47  3.458446E-17
      4437.13  3.424934E-17
      4439.78  3.524943E-17
      4442.44  3.379013E-17
      4445.10  3.102266E-17
      4447.76  3.194843E-17
      4450.42  3.429346E-17
      4453.07  3.573956E-17
      4455.73  3.650695E-17
      4458.39  3.536003E-17
      4461.05  3.429791E-17
      4463.71  3.237474E-17
      4466.37  2.744670E-17
      4469.02  2.641935E-17
      4471.68  2.818748E-17
      4474.34  2.632344E-17
      4477.00  2.764471E-17
      4479.66  3.362734E-17
      4482.31  3.500415E-17
      4484.97  3.270275E-17
      4487.63  3.293926E-17
      4490.29  2.971436E-17
      4492.95  2.712109E-17
      4495.60  2.442229E-17
      4498.26  2.306846E-17
      4500.92  2.871423E-17
      4503.58  3.165002E-17
      4506.24  2.567191E-17
      4508.89  2.517843E-17
      4511.55  2.873925E-17
      4514.21  2.587594E-17
      4516.87  2.086949E-17
      4519.53  2.193250E-17
      4522.18  2.452160E-17
      4524.84  2.356264E-17
      4527.50  2.164057E-17
      4530.16  2.147642E-17
      4532.82  2.386347E-17
      4535.47  2.478218E-17
      4538.13  2.375620E-17
      4540.79  2.219544E-17
      4543.45  2.298940E-17
      4546.11  2.704722E-17
      4548.76  2.818132E-17
      4551.42  2.699087E-17
      4554.08  2.975374E-17
      4556.74  3.132109E-17
      4559.40  2.999132E-17
      4562.05  3.288050E-17
      4564.71  3.963755E-17
      4567.37  4.545120E-17
      4570.03  4.629119E-17
      4572.69  4.371230E-17
      4575.34  4.335512E-17
      4578.00  4.365012E-17
      4580.66  4.210826E-17
      4583.32  4.071134E-17
      4585.98  4.107710E-17
      4588.63  4.278819E-17
      4591.29  4.414313E-17
      4593.95  4.036563E-17
      4596.61  3.311207E-17
      4599.27  3.019673E-17
      4601.92  2.980290E-17
      4604.58  2.943144E-17
      4607.24  2.919065E-17
      4609.90  2.760702E-17
      4612.56  2.323588E-17
      4615.21  2.283918E-17
      4617.87  2.450399E-17
      4620.53  2.534161E-17
      4623.19  2.181465E-17
      4625.85  2.288784E-17
      4628.50  2.353358E-17
      4631.16  2.537022E-17
      4633.82  2.717678E-17
      4636.48  2.757660E-17
      4639.14  2.925883E-17
      4641.79  2.651696E-17
      4644.45  2.285697E-17
      4647.11  2.286629E-17
      4649.77  2.392617E-17
      4652.43  2.290201E-17
      4655.08  2.227307E-17
      4657.74  2.284433E-17
      4660.40  2.146775E-17
      4663.06  1.961561E-17
      4665.72  1.867628E-17
      4668.37  1.545455E-17
      4671.03  1.249468E-17
      4673.69  1.692631E-17
      4676.35  1.902817E-17
      4679.01  1.456480E-17
      4681.66  1.470622E-17
      4684.32  1.943663E-17
      4686.98  1.981935E-17
      4689.64  1.590310E-17
      4692.30  1.764225E-17
      4694.95  2.030264E-17
      4697.61  1.850685E-17
      4700.27  1.797350E-17
      4702.93  1.567223E-17
      4705.59  1.539653E-17
      4708.24  2.013508E-17
      4710.90  1.934523E-17
      4713.56  1.689145E-17
      4716.22  2.040614E-17
      4718.88  1.999780E-17
      4721.53  1.930812E-17
      4724.19  2.139073E-17
      4726.85  2.189322E-17
      4729.51  2.479929E-17
      4732.17  2.475785E-17
      4734.82  1.893385E-17
      4737.48  1.966329E-17
      4740.14  2.385808E-17
      4742.80  2.418357E-17
      4745.46  2.343879E-17
      4748.11  2.389928E-17
      4750.77  2.047246E-17
      4753.43  1.760488E-17
      4756.09  1.620352E-17
      4758.75  1.557925E-17
      4761.40  1.652525E-17
      4764.06  1.473257E-17
      4766.72  1.380547E-17
      4769.38  1.812653E-17
      4772.04  2.194956E-17
      4774.69  1.913160E-17
      4777.35  1.458191E-17
      4780.01  1.657279E-17
      4782.67  2.137135E-17
      4785.33  2.432380E-17
      4787.98  2.312015E-17
      4790.64  2.022537E-17
      4793.30  2.139836E-17
      4795.96  2.090702E-17
      4798.62  1.795433E-17
      4801.27  2.030041E-17
      4803.93  2.354782E-17
      4806.59  2.350101E-17
      4809.25  2.285892E-17
      4811.91  2.000770E-17
      4814.56  1.791789E-17
      4817.22  2.003922E-17
      4819.88  1.871872E-17
      4822.54  1.497170E-17
      4825.20  9.825501E-18
      4827.85  4.177302E-18
      4830.51  2.518264E-18
      4833.17  3.104699E-18
      4835.83  8.476611E-18
      4838.49  1.195514E-17
      4841.14  8.150248E-18
      4843.80  6.793069E-18
      4846.46  7.533999E-18
      4849.12  8.852390E-18
      4851.78  1.119848E-17
      4854.43  1.352025E-17
      4857.09  1.493862E-17
      4859.75  1.969259E-17
      4862.41  2.264330E-17
      4865.07  3.291553E-17
      4867.72  5.225399E-17
      4870.38  6.549857E-17
      4873.04  6.393241E-17
      4875.70  5.993479E-17
      4878.36  5.137588E-17
      4881.01  3.863204E-17
      4883.67  3.096699E-17
      4886.33  2.747262E-17
      4888.99  2.900190E-17
      4891.65  3.388791E-17
      4894.30  3.285870E-17
      4896.96  2.983250E-17
      4899.62  3.008447E-17
      4902.28  2.881252E-17
      4904.94  2.100089E-17
      4907.60  1.816396E-17
      4910.25  2.412371E-17
      4912.91  2.614060E-17
      4915.57  2.777299E-17
      4918.23  3.057290E-17
      4920.89  2.988640E-17
      4923.54  2.760298E-17
      4926.20  2.489135E-17
      4928.86  2.899088E-17
      4931.52  3.406208E-17
      4934.18  3.203389E-17
      4936.83  2.833376E-17
      4939.49  2.818946E-17
      4942.15  2.958104E-17
      4944.81  2.907328E-17
      4947.47  2.792457E-17
      4950.12  2.902831E-17
      4952.78  2.512693E-17
      4955.44  2.087430E-17
      4958.10  1.812801E-17
      4960.76  1.682981E-17
      4963.41  1.736235E-17
      4966.07  2.185947E-17
      4968.73  3.560057E-17
      4971.39  4.190710E-17
      4974.05  3.806429E-17
      4976.70  2.728682E-17
      4979.36  1.992741E-17
      4982.02  1.830246E-17
      4984.68  1.604713E-17
      4987.34  1.544466E-17
      4989.99  1.650748E-17
      4992.65  1.540229E-17
      4995.31  1.468044E-17
      4997.97  1.581202E-17
      5000.63  1.581765E-17
      5003.28  1.716700E-17
      5005.94  2.025470E-17
      5008.60  2.321925E-17
      5011.26  3.645014E-17
      5013.92  6.123310E-17
      5016.57  7.489032E-17
      5019.23  7.712017E-17
      5021.89  8.121265E-17
      5024.55  7.103942E-17
      5027.21  4.655952E-17
      5029.86  3.147629E-17
      5032.52  2.743341E-17
      5035.18  2.624774E-17
      5037.84  2.532368E-17
      5040.50  2.488905E-17
      5043.15  2.829440E-17
      5045.81  3.207403E-17
      5048.47  2.722073E-17
      5051.13  2.427497E-17
      5053.79  2.357540E-17
      5056.44  2.069049E-17
      5059.10  1.636128E-17
      5061.76  1.829075E-17
      5064.42  2.262018E-17
      5067.08  2.029751E-17
      5069.73  1.780889E-17
      5072.39  1.426958E-17
      5075.05  1.176605E-17
      5077.71  1.039742E-17
      5080.37  1.046319E-17
      5083.02  1.264491E-17
      5085.68  1.194756E-17
      5088.34  1.060408E-17
      5091.00  1.100774E-17
      5093.66  1.261333E-17
      5096.31  1.792498E-17
      5098.97  1.779908E-17
      5101.63  1.585310E-17
      5104.29  1.692104E-17
      5106.95  1.769762E-17
      5109.60  1.824344E-17
      5112.26  1.962628E-17
      5114.92  1.668996E-17
      5117.58  1.394880E-17
      5120.24  1.585519E-17
      5122.89  2.090063E-17
      5125.55  2.320271E-17
      5128.21  2.132630E-17
      5130.87  1.816076E-17
      5133.53  1.706171E-17
      5136.18  1.994094E-17
      5138.84  2.360571E-17
      5141.50  2.434850E-17
      5144.16  1.580833E-17
      5146.82  1.095175E-17
      5149.47  1.849837E-17
      5152.13  2.004959E-17
      5154.79  2.082991E-17
      5157.45  2.743289E-17
      5160.11  3.474954E-17
      5162.76  3.907469E-17
      5165.42  3.984166E-17
      5168.08  3.961626E-17
      5170.74  4.231654E-17
      5173.40  4.332686E-17
      5176.05  4.440916E-17
      5178.71  4.641075E-17
      5181.37  4.506549E-17
      5184.03  3.911323E-17
      5186.69  3.753720E-17
      5189.34  3.796278E-17
      5192.00  3.713625E-17
      5194.66  3.789544E-17
      5197.32  3.623999E-17
      5199.98  3.622503E-17
      5202.63  3.751009E-17
      5205.29  3.327140E-17
      5207.95  3.008082E-17
      5210.61  2.849149E-17
      5213.27  2.648526E-17
      5215.92  2.471385E-17
      5218.58  2.677198E-17
      5221.24  2.785480E-17
      5223.90  3.079785E-17
      5226.56  3.041895E-17
      5229.21  2.415279E-17
      5231.87  2.286179E-17
      5234.53  2.702564E-17
      5237.19  2.767889E-17
      5239.85  2.742987E-17
      5242.50  2.678361E-17
      5245.16  2.795556E-17
      5247.82  3.181786E-17
      5250.48  3.143598E-17
      5253.14  3.299469E-17
      5255.79  3.780132E-17
      5258.45  3.833444E-17
      5261.11  4.187951E-17
      5263.77  4.655971E-17
      5266.43  4.411532E-17
      5269.08  4.313968E-17
      5271.74  4.230621E-17
      5274.40  3.891972E-17
      5277.06  4.053723E-17
      5279.72  3.955605E-17
      5282.37  3.905508E-17
      5285.03  3.863614E-17
      5287.69  3.613034E-17
      5290.35  3.575313E-17
      5293.01  3.350538E-17
      5295.66  3.216467E-17
      5298.32  3.184799E-17
      5300.98  3.146754E-17
      5303.64  3.065048E-17
      5306.30  3.051733E-17
      5308.95  2.866028E-17
      5311.61  2.928853E-17
      5314.27  3.323609E-17
      5316.93  3.422803E-17
      5319.59  3.338066E-17
      5322.24  3.369539E-17
      5324.90  3.129415E-17
      5327.56  3.344664E-17
      5330.22  3.637548E-17
      5332.88  3.438665E-17
      5335.53  3.342080E-17
      5338.19  3.504369E-17
      5340.85  3.373412E-17
      5343.51  3.003442E-17
      5346.17  3.024972E-17
      5348.82  2.901398E-17
      5351.48  2.668998E-17
      5354.14  2.827410E-17
      5356.80  2.969952E-17
      5359.46  2.909338E-17
      5362.12  2.890109E-17
      5364.77  2.628080E-17
      5367.43  2.508839E-17
      5370.09  2.656689E-17
      5372.75  2.678681E-17
      5375.41  2.771681E-17
      5378.06  2.619323E-17
      5380.72  2.144450E-17
      5383.38  2.008813E-17
      5386.04  2.255029E-17
      5388.70  2.335934E-17
      5391.35  2.183279E-17
      5394.01  2.118096E-17
      5396.67  2.150765E-17
      5399.33  2.129674E-17
      5401.99  2.247213E-17
      5404.64  2.106029E-17
      5407.30  2.007259E-17
      5409.96  1.915379E-17
      5412.62  1.989771E-17
      5415.28  2.161985E-17
      5417.93  2.263481E-17
      5420.59  2.162243E-17
      5423.25  2.113527E-17
      5425.91  2.088115E-17
      5428.57  2.141064E-17
      5431.22  2.189172E-17
      5433.88  2.112210E-17
      5436.54  2.189744E-17
      5439.20  2.064407E-17
      5441.86  1.822603E-17
      5444.51  1.707078E-17
      5447.17  1.752091E-17
      5449.83  1.849249E-17
      5452.49  1.779019E-17
      5455.15  1.622969E-17
      5457.80  1.607083E-17
      5460.46  1.597937E-17
      5463.12  1.347690E-17
      5465.78  1.211169E-17
      5468.44  1.257242E-17
      5471.09  1.187936E-17
      5473.75  1.260960E-17
      5476.41  1.362310E-17
      5479.07  1.279428E-17
      5481.73  1.389331E-17
      5484.38  1.478926E-17
      5487.04  1.334570E-17
      5489.70  1.292577E-17
      5492.36  1.592741E-17
      5495.02  1.701630E-17
      5497.67  1.837722E-17
      5500.33  1.693242E-17
      5502.99  1.321816E-17
      5505.65  1.269699E-17
      5508.31  1.781426E-17
      5510.96  1.924066E-17
      5513.62  1.635191E-17
      5516.28  1.884507E-17
      5518.94  2.174337E-17
      5521.60  2.171861E-17
      5524.25  2.292611E-17
      5526.91  2.330225E-17
      5529.57  2.373263E-17
      5532.23  2.292188E-17
      5534.89  1.965220E-17
      5537.54  1.985318E-17
      5540.20  2.092616E-17
      5542.86  2.052729E-17
      5545.52  2.045923E-17
      5548.18  1.958481E-17
      5550.83  1.840565E-17
      5553.49  1.719525E-17
      5556.15  1.780964E-17
      5558.81  1.877656E-17
      5561.47  1.766514E-17
      5564.12  1.631615E-17
      5566.78  1.652036E-17
      5569.44  1.630845E-17
      5572.10  1.454309E-17
      5574.76  1.673306E-17
      5577.41  2.207902E-17
      5580.07  2.314493E-17
      5582.73  1.796584E-17
      5585.39  1.551897E-17
      5588.05  1.765452E-17
      5590.70  1.676161E-17
      5593.36  1.316474E-17
      5596.02  1.342602E-17
      5598.68  1.429437E-17
      5601.34  1.400515E-17
      5603.99  1.523153E-17
      5606.65  1.465210E-17
      5609.31  1.247671E-17
      5611.97  1.077040E-17
      5614.63  1.100327E-17
      5617.28  1.218815E-17
      5619.94  1.397759E-17
      5622.60  1.242931E-17
      5625.26  8.996532E-18
      5627.92  7.703317E-18
      5630.57  1.105681E-17
      5633.23  1.353847E-17
      5635.89  1.384234E-17
      5638.55  1.217896E-17
      5641.21  1.391471E-17
      5643.86  1.562784E-17
      5646.52  1.438791E-17
      5649.18  1.493597E-17
      5651.84  1.570942E-17
      5654.50  1.362571E-17
      5657.15  1.284175E-17
      5659.81  1.333991E-17
      5662.47  1.295426E-17
      5665.13  1.392342E-17
      5667.79  1.356667E-17
      5670.44  1.343673E-17
      5673.10  1.525992E-17
      5675.76  1.581265E-17
      5678.42  1.547617E-17
      5681.08  1.508280E-17
      5683.73  1.447525E-17
      5686.39  1.518356E-17
      5689.05  1.527034E-17
      5691.71  1.629882E-17
      5694.37  1.637016E-17
      5697.02  1.581622E-17
      5699.68  1.457914E-17
      5702.34  1.506039E-17
      5705.00  1.512167E-17
      5707.66  1.310359E-17
      5710.31  1.177364E-17
      5712.97  1.371708E-17
      5715.63  1.668071E-17
      5718.29  1.598741E-17
      5720.95  1.523789E-17
      5723.60  1.517304E-17
      5726.26  1.246180E-17
      5728.92  1.139768E-17
      5731.58  1.366941E-17
      5734.24  1.316513E-17
      5736.89  1.022748E-17
      5739.55  1.077715E-17
      5742.21  1.216380E-17
      5744.87  1.271431E-17
      5747.53  1.254374E-17
      5750.18  1.281154E-17
      5752.84  1.070766E-17
      5755.50  9.218272E-18
      5758.16  1.097461E-17
      5760.82  8.995900E-18
      5763.47  8.578913E-18
      5766.13  1.015907E-17
      5768.79  9.377154E-18
      5771.45  9.906277E-18
      5774.11  1.094951E-17
      5776.76  1.005965E-17
      5779.42  7.692250E-18
      5782.08  8.124401E-18
      5784.74  9.273048E-18
      5787.40  9.837576E-18
      5790.05  6.947189E-18
      5792.71  6.541464E-18
      5795.37  6.876869E-18
      5798.03  6.410081E-18
      5800.69  1.049880E-17
      5803.35  1.274163E-17
      5806.00  1.063234E-17
      5808.66  7.698129E-18
      5811.32  7.364563E-18
      5813.98  6.559050E-18
      5816.64  6.871325E-18
      5819.29  6.480188E-18
      5821.95  4.511728E-18
      5824.61  4.222072E-18
      5827.27  4.663691E-18
      5829.93  4.269516E-18
      5832.58  5.317753E-18
      5835.24  7.409982E-18
      5837.90  7.437275E-18
      5840.56  4.949247E-18
      5843.22  4.392262E-18
      5845.87  5.460086E-18
      5848.53  5.919482E-18
      5851.19  5.818847E-18
      5853.85  5.271132E-18
      5856.51  5.991825E-18
      5859.16  5.868956E-18
      5861.82  3.600068E-18
      5864.48  6.474337E-18
      5867.14  9.368111E-18
      5869.80  9.431776E-18
      5872.45  7.135350E-18
      5875.11  7.970607E-18
      5877.77  8.590532E-18
      5880.43  1.038882E-17
      5883.09  1.497104E-17
      5885.74  1.999064E-17
      5888.40  2.547140E-17
      5891.06  3.152694E-17
      5893.72  3.400624E-17
      5896.38  2.902920E-17
      5899.03  2.736812E-17
      5901.69  2.490796E-17
      5904.35  2.364643E-17
      5907.01  2.685565E-17
      5909.67  2.921614E-17
      5912.32  2.872895E-17
      5914.98  2.787529E-17
      5917.64  2.986962E-17
      5920.30  2.732620E-17
      5922.96  2.350117E-17
      5925.61  2.319421E-17
      5928.27  2.314088E-17
      5930.93  2.018135E-17
      5933.59  1.841661E-17
      5936.25  1.811328E-17
      5938.90  1.565858E-17
      5941.56  1.585237E-17
      5944.22  1.450587E-17
      5946.88  1.216180E-17
      5949.54  1.342905E-17
      5952.19  1.534841E-17
      5954.85  1.422067E-17
      5957.51  1.165864E-17
      5960.17  9.860650E-18
      5962.83  9.192006E-18
      5965.48  9.859311E-18
      5968.14  1.090115E-17
      5970.80  1.206702E-17
      5973.46  1.179104E-17
      5976.12  1.206395E-17
      5978.77  1.354948E-17
      5981.43  1.251221E-17
      5984.09  1.095139E-17
      5986.75  1.174453E-17
      5989.41  1.175554E-17
      5992.06  9.896837E-18
      5994.72  9.375245E-18
      5997.38  9.911185E-18
      6000.04  9.431937E-18
      6002.70  7.907401E-18
      6005.35  8.475140E-18
      6008.01  7.533671E-18
      6010.67  7.123851E-18
      6013.33  9.091399E-18
      6015.99  1.055565E-17
      6018.64  1.003078E-17
      6021.30  9.331246E-18
      6023.96  8.368305E-18
      6026.62  8.173666E-18
      6029.28  7.079966E-18
      6031.93  6.875410E-18
      6034.59  6.479377E-18
      6037.25  6.091686E-18
      6039.91  6.762691E-18
      6042.57  7.424422E-18
      6045.22  6.378329E-18
      6047.88  6.360010E-18
      6050.54  4.746153E-18
      6053.20  4.771253E-18
      6055.86  6.161250E-18
      6058.51  6.703376E-18
      6061.17  6.104433E-18
      6063.83  6.813991E-18
      6066.49  7.094621E-18
      6069.15  4.650138E-18
      6071.80  4.312585E-18
      6074.46  4.161010E-18
      6077.12  3.780484E-18
      6079.78  4.988853E-18
      6082.44  7.984874E-18
      6085.09  8.912032E-18
      6087.75  7.870978E-18
      6090.41  6.472306E-18
      6093.07  7.052659E-18
      6095.73  8.463518E-18
      6098.38  8.549314E-18
      6101.04  8.312752E-18
      6103.70  8.582545E-18
      6106.36  1.008285E-17
      6109.02  8.573524E-18
      6111.67  6.210999E-18
      6114.33  7.322082E-18
      6116.99  6.765461E-18
      6119.65  7.461106E-18
      6122.31  8.826714E-18
      6124.96  8.984812E-18
      6127.62  9.835584E-18
      6130.28  9.969393E-18
      6132.94  9.294645E-18
      6135.60  1.293440E-17
      6138.25  1.489614E-17
      6140.91  1.221094E-17
      6143.57  1.027854E-17
      6146.23  1.195684E-17
      6148.89  1.256792E-17
      6151.54  1.143347E-17
      6154.20  1.207640E-17
      6156.86  1.312082E-17
      6159.52  1.269998E-17
      6162.18  1.293565E-17
      6164.83  1.229751E-17
      6167.49  1.148817E-17
      6170.15  1.231162E-17
      6172.81  1.181200E-17
      6175.47  1.207003E-17
      6178.12  1.182154E-17
      6180.78  1.060361E-17
      6183.44  1.080196E-17
      6186.10  1.086890E-17
      6188.76  9.571454E-18
      6191.41  1.091399E-17
      6194.07  1.186072E-17
      6196.73  9.098127E-18
      6199.39  8.529434E-18
      6202.05  9.571815E-18
      6204.70  9.584917E-18
      6207.36  8.257775E-18
      6210.02  8.068596E-18
      6212.68  9.084040E-18
      6215.34  9.684568E-18
      6217.99  8.845407E-18
      6220.65  7.726127E-18
      6223.31  8.697634E-18
      6225.97  9.992216E-18
      6228.63  7.956419E-18
      6231.28  6.807558E-18
      6233.94  7.619799E-18
      6236.60  7.313689E-18
      6239.26  7.664494E-18
      6241.92  1.029167E-17
      6244.58  1.206677E-17
      6247.23  1.071118E-17
      6249.89  1.026672E-17
      6252.55  1.177075E-17
      6255.21  1.457738E-17
      6257.87  1.498448E-17
      6260.52  1.352625E-17
      6263.18  1.418472E-17
      6265.84  1.566561E-17
      6268.50  1.763752E-17
      6271.16  2.061141E-17
      6273.81  2.397159E-17
      6276.47  2.511890E-17
      6279.13  2.546007E-17
      6281.79  2.961163E-17
      6284.45  3.620863E-17
      6287.10  4.138886E-17
      6289.76  4.700914E-17
      6292.42  5.349912E-17
      6295.08  6.068750E-17
      6297.74  7.184458E-17
      6300.39  8.293301E-17
      6303.05  9.063901E-17
      6305.71  9.356476E-17
      6308.37  9.091672E-17
      6311.03  9.051785E-17
      6313.68  9.201323E-17
      6316.34  8.810393E-17
      6319.00  8.029116E-17
      6321.66  7.315781E-17
      6324.32  6.624118E-17
      6326.97  6.163573E-17
      6329.63  5.993755E-17
      6332.29  5.582347E-17
      6334.95  5.094146E-17
      6337.61  4.832210E-17
      6340.26  4.424636E-17
      6342.92  3.985838E-17
      6345.58  3.784599E-17
      6348.24  3.536611E-17
      6350.90  3.359040E-17
      6353.55  3.332267E-17
      6356.21  3.335164E-17
      6358.87  3.515778E-17
      6361.53  3.822902E-17
      6364.19  4.014025E-17
      6366.84  4.079841E-17
      6369.50  4.188621E-17
      6372.16  4.106095E-17
      6374.82  4.035831E-17
      6377.48  4.038642E-17
      6380.13  3.734660E-17
      6382.79  3.447462E-17
      6385.45  3.527376E-17
      6388.11  3.442182E-17
      6390.77  2.989349E-17
      6393.42  2.766119E-17
      6396.08  2.768979E-17
      6398.74  2.613767E-17
      6401.40  2.426167E-17
      6404.06  2.154797E-17
      6406.71  1.813171E-17
      6409.37  1.653419E-17
      6412.03  1.550297E-17
      6414.69  1.507125E-17
      6417.35  1.445961E-17
      6420.00  1.390561E-17
      6422.66  1.237786E-17
      6425.32  9.571409E-18
      6427.98  9.629325E-18
      6430.64  1.132318E-17
      6433.29  1.087048E-17
      6435.95  1.188667E-17
      6438.61  1.345166E-17
      6441.27  1.253959E-17
      6443.93  1.081091E-17
      6446.58  1.049930E-17
      6449.24  1.217276E-17
      6451.90  1.380449E-17
      6454.56  1.452700E-17
      6457.22  1.429181E-17
      6459.87  1.445134E-17
      6462.53  1.479147E-17
      6465.19  1.620809E-17
      6467.85  1.631128E-17
      6470.51  1.342172E-17
      6473.16  1.191123E-17
      6475.82  1.229164E-17
      6478.48  1.269462E-17
      6481.14  1.333313E-17
      6483.80  1.274803E-17
      6486.45  9.700807E-18
      6489.11  8.238208E-18
      6491.77  7.754371E-18
      6494.43  7.210111E-18
      6497.09  5.100231E-18
      6499.74  2.889544E-18
      6502.40  3.472211E-18
      6505.06  2.120501E-18
      6507.72 -1.948348E-20
      6510.38  1.289910E-18
      6513.03  4.077811E-18
      6515.69  4.675659E-18
      6518.35  6.442704E-18
      6521.01  1.116920E-17
      6523.67  1.340783E-17
      6526.32  1.434000E-17
      6528.98  1.825844E-17
      6531.64  2.431765E-17
      6534.30  3.113951E-17
      6536.96  3.952060E-17
      6539.61  5.135954E-17
      6542.27  6.648389E-17
      6544.93  8.381984E-17
      6547.59  1.069338E-16
      6550.25  1.385846E-16
      6552.90  1.721368E-16
      6555.56  2.095168E-16
      6558.22  2.488306E-16
      6560.88  2.865214E-16
      6563.54  3.187015E-16
      6566.19  3.393539E-16
      6568.85  3.499839E-16
      6571.51  3.553381E-16
      6574.17  3.511005E-16
      6576.83  3.389751E-16
      6579.48  3.326861E-16
      6582.14  3.341760E-16
      6584.80  3.220673E-16
      6587.46  3.059188E-16
      6590.12  2.819788E-16
      6592.77  2.586618E-16
      6595.43  2.316063E-16
      6598.09  2.026629E-16
      6600.75  1.783920E-16
      6603.41  1.565525E-16
      6606.06  1.340917E-16
      6608.72  1.143438E-16
      6611.38  9.484254E-17
      6614.04  7.988679E-17
      6616.70  6.940593E-17
      6619.35  5.955086E-17
      6622.01  5.021467E-17
      6624.67  4.238604E-17
      6627.33  3.680423E-17
      6629.99  3.155218E-17
      6632.64  2.733015E-17
      6635.30  2.536917E-17
      6637.96  2.312824E-17
      6640.62  2.075875E-17
      6643.28  1.935534E-17
      6645.93  1.802791E-17
      6648.59  1.634972E-17
      6651.25  1.619694E-17
      6653.91  1.581945E-17
      6656.57  1.402655E-17
      6659.22  1.348245E-17
      6661.88  1.249239E-17
      6664.54  1.016689E-17
      6667.20  1.070157E-17
      6669.86  1.205929E-17
      6672.51  1.049918E-17
      6675.17  9.088673E-18
      6677.83  8.620560E-18
      6680.49  9.079713E-18
      6683.15  1.107710E-17
      6685.80  1.024928E-17
      6688.46  9.266571E-18
      6691.12  9.296003E-18
      6693.78  9.325671E-18
      6696.44  9.865399E-18
      6699.10  9.708936E-18
      6701.75  8.908618E-18
      6704.41  9.018694E-18
      6707.07  8.447205E-18
      6709.73  8.767181E-18
      6712.39  8.469472E-18
      6715.04  7.912619E-18
      6717.70  8.796341E-18
      6720.36  7.856839E-18
      6723.02  7.314035E-18
      6725.68  8.973806E-18
      6728.33  1.318067E-17
      6730.99  1.408137E-17
      6733.65  1.295704E-17
      6736.31  1.371642E-17
      6738.97  1.393960E-17
      6741.62  1.221823E-17
      6744.28  1.126907E-17
      6746.94  1.178277E-17
      6749.60  1.289283E-17
      6752.26  1.318744E-17
      6754.91  1.111630E-17
      6757.57  6.619663E-18
      6760.23  3.205026E-18
      6762.89  4.050991E-18
      6765.55  4.465369E-18
      6768.20  5.380771E-18
      6770.86  5.804282E-18
      6773.52  4.545649E-18
      6776.18  5.883718E-18
      6778.84  6.697921E-18
      6781.49  5.773688E-18
      6784.15  3.974124E-18
      6786.81  3.607922E-18
      6789.47  4.397871E-18
      6792.13  4.852745E-18
      6794.78  4.528873E-18
      6797.44  4.596652E-18
      6800.10  3.186306E-18
      6802.76  2.195940E-18
      6805.42  1.742305E-18
      6808.07  1.640549E-18
      6810.73  2.972108E-18
      6813.39  4.026603E-18
      6816.05  3.511431E-18
      6818.71  3.517872E-18
      6821.36  4.873032E-18
      6824.02  4.523104E-18
      6826.68  3.146952E-18
      6829.34  2.268316E-18
      6832.00  3.024475E-18
      6834.65  6.599214E-18
      6837.31  7.483064E-18
      6839.97  4.311277E-18
      6842.63  2.611506E-18
      6845.29  3.247048E-18
      6847.94  3.992520E-18
      6850.60  3.709988E-18
      6853.26  3.165149E-18
      6855.92  3.236620E-18
      6858.58  4.470804E-18
      6861.23  5.052726E-18
      6863.89  4.820670E-18
      6866.55  5.171726E-18
      6869.21  4.280049E-18
      6871.87  4.254959E-18
      6874.52  5.168531E-18
      6877.18  5.007631E-18
      6879.84  2.763816E-18
      6882.50  1.197545E-18
      6885.16  1.910959E-18
      6887.81  3.439958E-18
      6890.47  3.999070E-18
      6893.13  5.131559E-18
      6895.79  4.651887E-18
      6898.45  4.297851E-18
      6901.10  3.925159E-18
      6903.76  3.566132E-18
      6906.42  4.465111E-18
      6909.08  4.224594E-18
      6911.74  3.884497E-18
      6914.39  6.880440E-18
      6917.05  7.301324E-18
      6919.71  3.328501E-18
      6922.37  2.443998E-18
      6925.03  3.537928E-18
      6927.68  3.568274E-18
      6930.34  3.413947E-18
      6933.00  2.415290E-18
      6935.66  3.131185E-18
      6938.32  4.371456E-18
      6940.97  6.161192E-18
      6943.63  5.961438E-18
      6946.29  3.020498E-18
      6948.95  1.527895E-18
      6951.61  3.236796E-18
      6954.26  5.551927E-18
      6956.92  4.083471E-18
      6959.58  2.617538E-18
      6962.24  4.923868E-18
      6964.90  6.428536E-18
      6967.55  4.946318E-18
      6970.21  5.081289E-18
      6972.87  5.297098E-18
      6975.53  3.671073E-18
      6978.19  3.948224E-18
      6980.84  4.095957E-18
      6983.50  3.301069E-18
      6986.16  4.351056E-18
      6988.82  4.910592E-18
      6991.48  3.469940E-18
      6994.13  4.171372E-18
      6996.79  6.558473E-18
      6999.45  5.984794E-18
      7002.11  3.461234E-18
      7004.77  3.503269E-18
      7007.42  4.736177E-18
      7010.08  5.004721E-18
      7012.74  6.042083E-18
      7015.40  6.723685E-18
      7018.06  6.410522E-18
      7020.71  6.187844E-18
      7023.37  4.976534E-18
      7026.03  4.103573E-18
      7028.69  4.352629E-18
      7031.35  4.821405E-18
      7034.00  5.052774E-18
      7036.66  4.800484E-18
      7039.32  6.402354E-18
      7041.98  6.865002E-18
      7044.64  5.823646E-18
      7047.29  5.022231E-18
      7049.95  4.503037E-18
      7052.61  5.316729E-18
      7055.27  5.477524E-18
      7057.93  4.018387E-18
      7060.58  4.394824E-18
      7063.24  5.619956E-18
      7065.90  5.451549E-18
      7068.56  6.764179E-18
      7071.22  6.681762E-18
      7073.87  5.192536E-18
      7076.53  6.539203E-18
      7079.19  7.915472E-18
      7081.85  8.706900E-18
      7084.51  8.070459E-18
      7087.16  7.753361E-18
      7089.82  9.165798E-18
      7092.48  9.735115E-18
      7095.14  8.315900E-18
      7097.80  7.417812E-18
      7100.45  7.314027E-18
      7103.11  6.484023E-18
      7105.77  6.251957E-18
      7108.43  6.962813E-18
      7111.09  7.076323E-18
      7113.74  6.308126E-18
      7116.40  5.557806E-18
      7119.06  6.854307E-18
      7121.72  8.425725E-18
      7124.38  9.189070E-18
      7127.03  9.910496E-18
      7129.69  9.638706E-18
      7132.35  8.975711E-18
      7135.01  1.094700E-17
      7137.67  1.349075E-17
      7140.33  1.358104E-17
      7142.98  1.417069E-17
      7145.64  1.717584E-17
      7148.30  1.962094E-17
      7150.96  2.261606E-17
      7153.62  2.555377E-17
      7156.27  2.707700E-17
      7158.93  2.743302E-17
      7161.59  2.660603E-17
      7164.25  2.654519E-17
      7166.91  2.761794E-17
      7169.56  2.795245E-17
      7172.22  2.629922E-17
      7174.88  2.400873E-17
      7177.54  2.445683E-17
      7180.20  2.686537E-17
      7182.85  2.706937E-17
      7185.51  2.713111E-17
      7188.17  2.583294E-17
      7190.83  2.187323E-17
      7193.49  2.088269E-17
      7196.14  2.242488E-17
      7198.80  1.988157E-17
      7201.46  1.846029E-17
      7204.12  1.802827E-17
      7206.78  1.599813E-17
      7209.43  1.377106E-17
      7212.09  1.272567E-17
      7214.75  1.214582E-17
      7217.41  1.087971E-17
      7220.07  9.006066E-18
      7222.72  6.898197E-18
      7225.38  8.121345E-18
      7228.04  1.004564E-17
      7230.70  7.790455E-18
      7233.36  5.508810E-18
      7236.01  5.740205E-18
      7238.67  7.568455E-18
      7241.33  1.066926E-17
      7243.99  1.294442E-17
      7246.65  1.404476E-17
      7249.30  1.379714E-17
      7251.96  1.396181E-17
      7254.62  1.467938E-17
      7257.28  1.348035E-17
      7259.94  1.392092E-17
      7262.59  1.651191E-17
      7265.25  1.934090E-17
      7267.91  2.095116E-17
      7270.57  2.269187E-17
      7273.23  2.721517E-17
      7275.88  3.187401E-17
      7278.54  3.628102E-17
      7281.20  4.173860E-17
      7283.86  5.120510E-17
      7286.52  6.282492E-17
      7289.17  7.338262E-17
      7291.83  8.277661E-17
      7294.49  9.006178E-17
      7297.15  9.675454E-17
      7299.81  1.029873E-16
      7302.46  1.055648E-16
      7305.12  1.034976E-16
      7307.78  9.961992E-17
      7310.44  9.698836E-17
      7313.10  9.766843E-17
      7315.75  1.034744E-16
      7318.41  1.133530E-16
      7321.07  1.181895E-16
      7323.73  1.178151E-16
      7326.39  1.207706E-16
      7329.04  1.239612E-16
      7331.70  1.221333E-16
      7334.36  1.165708E-16
      7337.02  1.095467E-16
      7339.68  1.030990E-16
      7342.33  9.557349E-17
      7344.99  8.532601E-17
      7347.65  7.612746E-17
      7350.31  7.261138E-17
      7352.97  7.098637E-17
      7355.62  6.735700E-17
      7358.28  6.271986E-17
      7360.94  5.923516E-17
      7363.60  5.699577E-17
      7366.26  5.228683E-17
      7368.91  4.740721E-17
      7371.57  4.324531E-17
      7374.23  3.763885E-17
      7376.89  3.446589E-17
      7379.55  3.204427E-17
      7382.20  2.855286E-17
      7384.86  2.545443E-17
      7387.52  2.439145E-17
      7390.18  2.248322E-17
      7392.84  2.266800E-17
      7395.49  2.047527E-17
      7398.15  1.835868E-17
      7400.81  1.841192E-17
      7403.47  1.736574E-17
      7406.13  1.727872E-17
      7408.78  1.684024E-17
      7411.44  1.728075E-17
      7414.10  1.777590E-17
      7416.76  1.690221E-17
      7419.42  1.676029E-17
      7422.07  1.584779E-17
      7424.73  1.544346E-17
      7427.39  1.592474E-17
      7430.05  1.504775E-17
      7432.71  1.217775E-17
      7435.36  1.097870E-17
      7438.02  1.174239E-17
      7440.68  1.191503E-17
      7443.34  1.249472E-17
      7446.00  1.287843E-17
      7448.65  1.252958E-17
      7451.31  1.313617E-17
      7453.97  1.440232E-17
      7456.63  1.456210E-17
      7459.29  1.336829E-17
      7461.94  1.179880E-17
      7464.60  1.186652E-17
      7467.26  1.262412E-17
      7469.92  1.164648E-17
      7472.58  1.045407E-17
      7475.23  8.462837E-18
      7477.89  7.355671E-18
      7480.55  8.696846E-18
      7483.21  1.043398E-17
      7485.87  1.051209E-17
      7488.52  9.110266E-18
      7491.18  8.131539E-18
      7493.84  7.028235E-18
      7496.50  7.493272E-18
      7499.16  8.951737E-18
      7501.81  7.619207E-18
      7504.47  5.122127E-18
      7507.13  5.266467E-18
      7509.79  5.323557E-18
      7512.45  4.502106E-18
      7515.10  3.945903E-18
      7517.76  3.894523E-18
      7520.42  4.516994E-18
      7523.08  4.613899E-18
      7525.74  3.733112E-18
      7528.39  2.117640E-18
      7531.05  2.409811E-18
      7533.71  5.197382E-18
      7536.37  5.746098E-18
      7539.03  3.614020E-18
      7541.68  2.990966E-18
      7544.34  3.764028E-18
      7547.00  3.164096E-18
      7549.66  2.346863E-18
      7552.32  2.532991E-18
      7554.97  2.655880E-18
      7557.63  2.726714E-18
      7560.29  2.205032E-18
      7562.95  1.877081E-18
      7565.61  1.839171E-18
      7568.26  2.635043E-18
      7570.92  2.929419E-18
      7573.58  1.201410E-18
      7576.24  5.632299E-19
      7578.90  3.201711E-18
      7581.56  4.304372E-18
      7584.21  2.370635E-18
      7586.87  6.652898E-19
      7589.53  1.117830E-18
      7592.19  1.678954E-18
      7594.85  8.475655E-19
      7597.50  2.066260E-18
      7600.16  5.421833E-19
      7602.82  2.683764E-19
      7605.48  2.115306E-18
      7608.14  1.882233E-18
      7610.79  2.136751E-18
      7613.45  2.123058E-18
      7616.11  3.098657E-18
      7618.77  1.393545E-18
      7621.43  1.511224E-18
      7624.08  2.599083E-18
      7626.74  1.753691E-18
      7629.40  5.839613E-19
      7632.06 -7.697652E-19
      7634.72 -7.049190E-19
      7637.37  5.035991E-19
      7640.03  8.776126E-19
      7642.69 -8.858827E-19
      7645.35 -2.011332E-18
      7648.01 -3.394517E-19
      7650.66  1.038498E-18
      7653.32  1.381059E-18
      7655.98  6.610126E-19
      7658.64 -7.698759E-19
      7661.30  4.000138E-19
      7663.95  2.641993E-18
      7666.61  3.960904E-18
      7669.27  4.700658E-18
      7671.93  4.791502E-18
      7674.59  3.658502E-18
      7677.24  3.838772E-18
      7679.90  4.339117E-18
      7682.56  5.601409E-18
      7685.22  5.166835E-18
      7687.88  4.681252E-18
      7690.53  5.229940E-18
      7693.19  4.966844E-18
      7695.85  4.777535E-18
      7698.51  5.365857E-18
      7701.17  5.487109E-18
      7703.82  5.995496E-18
      7706.48  6.734131E-18
      7709.14  5.826937E-18
      7711.80  7.813734E-18
      7714.46  9.966360E-18
      7717.11  8.595620E-18
      7719.77  7.547843E-18
      7722.43  8.331141E-18
      7725.09  9.947682E-18
      7727.75  8.708177E-18
      7730.40  6.499683E-18
      7733.06  6.846222E-18
      7735.72  8.134765E-18
      7738.38  7.983324E-18
      7741.04  7.629069E-18
      7743.69  8.232659E-18
      7746.35  9.376757E-18
      7749.01  9.516364E-18
      7751.67  7.951631E-18
      7754.33  5.875092E-18
      7756.98  4.587079E-18
      7759.64  5.337741E-18
      7762.30  4.954286E-18
      7764.96  3.864891E-18
      7767.62  3.335211E-18
      7770.27  3.798413E-18
      7772.93  4.821862E-18
      7775.59  4.348119E-18
      7778.25  2.696164E-18
      7780.91  3.021503E-18
      7783.56  3.550070E-18
      7786.22  2.480840E-18
      7788.88  2.715697E-18
      7791.54  4.263592E-18
      7794.20  4.554258E-18
      7796.85  2.666102E-18
      7799.51  1.903883E-18
      7802.17  3.053209E-18
      7804.83  3.465187E-18
      7807.49  4.559468E-18
      7810.14  5.861343E-18
      7812.80  5.761897E-18
      7815.46  4.296958E-18
      7818.12  2.468909E-18
      7820.78  1.955970E-18
      7823.43  2.339715E-18
      7826.09  2.670051E-18
      7828.75  3.314678E-18
      7831.41  3.790810E-18
      7834.07  2.813547E-18
      7836.72  1.896667E-18
      7839.38  1.459162E-18
      7842.04  1.728909E-18
      7844.70  3.582958E-18
      7847.36  4.706940E-18
      7850.01  5.358425E-18
      7852.67  4.089044E-18
      7855.33  3.104453E-18
      7857.99  3.657996E-18
      7860.65  3.634890E-18
      7863.30  4.078068E-18
      7865.96  4.892518E-18
      7868.62  4.303740E-18
      7871.28  3.976972E-18
      7873.94  3.990604E-18
      7876.59  3.506274E-18
      7879.25  2.844995E-18
      7881.91  3.176833E-18
      7884.57  3.788742E-18
      7887.23  3.543700E-18
      7889.88  2.687708E-18
      7892.54  3.096044E-18
      7895.20  3.742420E-18
      7897.86  2.655556E-18
      7900.52  2.184747E-18
      7903.17  2.767502E-18
      7905.83  3.240243E-18
      7908.49  4.155298E-18
      7911.15  4.762342E-18
      7913.81  4.919064E-18
      7916.46  6.128197E-18
      7919.12  6.313454E-18
      7921.78  5.246183E-18
      7924.44  4.279049E-18
      7927.10  3.704034E-18
      7929.75  3.064969E-18
      7932.41  3.810754E-18
      7935.07  5.789321E-18
      7937.73  5.453595E-18
      7940.39  5.421821E-18
      7943.04  5.784014E-18
      7945.70  6.400004E-18
      7948.36  6.106099E-18
      7951.02  5.176216E-18
      7953.68  5.099339E-18
      7956.33  4.657031E-18
      7958.99  4.168022E-18
      7961.65  3.619547E-18
      7964.31  4.148537E-18
      7966.97  5.141570E-18
      7969.62  3.457878E-18
      7972.28  2.958806E-18
      7974.94  4.007378E-18
      7977.60  5.833985E-18
      7980.26  6.478064E-18
      7982.91  5.020616E-18
      7985.57  4.498544E-18
      7988.23  5.581176E-18
      7990.89  4.552611E-18
      7993.55  2.932687E-18
      7996.20  4.688208E-18
      7998.86  6.165655E-18
      8001.52  6.112454E-18
      8004.18  6.061012E-18
      8006.84  6.673930E-18
      8009.49  6.905766E-18
      8012.15  6.609395E-18
      8014.81  6.068615E-18
      8017.47  7.176884E-18
      8020.13  7.218205E-18
      8022.79  5.907800E-18
      8025.44  6.629634E-18
      8028.10  9.322005E-18
      8030.76  8.878410E-18
      8033.42  6.992868E-18
      8036.08  6.617206E-18
      8038.73  6.216089E-18
      8041.39  6.343023E-18
      8044.05  6.032845E-18
      8046.71  6.500706E-18
      8049.37  7.431513E-18
      8052.02  8.925257E-18
      8054.68  8.942965E-18
      8057.34  8.362523E-18
      8060.00  8.152826E-18
      8062.66  7.031103E-18
      8065.31  8.373960E-18
      8067.97  8.880453E-18
      8070.63  6.567169E-18
      8073.29  5.640966E-18
      8075.95  8.333359E-18
      8078.60  9.448562E-18
      8081.26  9.152731E-18
      8083.92  9.161149E-18
      8086.58  8.242126E-18
      8089.24  7.698916E-18
      8091.89  8.275173E-18
      8094.55  9.930659E-18
      8097.21  8.963137E-18
      8099.87  6.707781E-18
      8102.53  6.996064E-18
      8105.18  8.343176E-18
      8107.84  9.302412E-18
      8110.50  9.200837E-18
      8113.16  6.897869E-18
      8115.82  5.325868E-18
      8118.47  6.448169E-18
      8121.13  7.530943E-18
      8123.79  6.859897E-18
      8126.45  6.612974E-18
      8129.11  7.809345E-18
      8131.76  6.798910E-18
      8134.42  6.001080E-18
      8137.08  6.574500E-18
      8139.74  6.279563E-18
      8142.40  5.701410E-18
      8145.05  7.006886E-18
      8147.71  7.623575E-18
      8150.37  6.386822E-18
      8153.03  6.161408E-18
      8155.69  5.641123E-18
      8158.34  4.991763E-18
      8161.00  4.495513E-18
      8163.66  4.787889E-18
      8166.32  5.434682E-18
      8168.98  2.827420E-18
      8171.63 -1.757757E-18
      8174.29  2.650017E-19
      8176.95  3.110718E-18
      8179.61  2.645646E-18
      8182.27  3.690517E-18
      8184.92  5.876104E-18
      8187.58  5.636902E-18
      8190.24  4.079060E-18
      8192.90  4.716476E-18
      8195.56  5.934525E-18
      8198.21  5.522478E-18
      8200.87  4.613073E-18
      8203.53  4.354455E-18
      8206.19  4.980819E-18
      8208.85  7.478901E-18
      8211.50  7.894035E-18
      8214.16  6.101082E-18
      8216.82  6.580603E-18
      8219.48  5.864200E-18
      8222.14  5.923528E-18
      8224.79  8.204345E-18
      8227.45  8.446050E-18
      8230.11  8.115249E-18
      8232.77  7.400239E-18
      8235.43  6.408207E-18
      8238.08  7.967505E-18
      8240.74  8.166286E-18
      8243.40  7.384896E-18
      8246.06  6.036539E-18
      8248.72  5.110164E-18
      8251.37  5.528075E-18
      8254.03  5.421529E-18
      8256.69  4.863394E-18
      8259.35  5.987874E-18
      8262.01  5.301167E-18
      8264.66  5.061845E-18
      8267.32  6.660106E-18
      8269.98  5.446412E-18
      8272.64  4.415378E-18
      8275.30  7.165911E-18
      8277.95  7.642947E-18
      8280.61  4.859009E-18
      8283.27  4.384991E-18
      8285.93  4.091522E-18
      8288.59  4.639508E-18
      8291.24  4.873641E-18
      8293.90  3.886955E-18
      8296.56  5.509135E-18
      8299.22  7.316068E-18
      8301.88  6.979797E-18
      8304.53  6.515598E-18
      8307.19  6.541681E-18
      8309.85  5.903181E-18
      8312.51  5.535563E-18
      8315.17  5.345235E-18
      8317.82  5.070988E-18
      8320.48  6.816738E-18
      8323.14  7.222347E-18
      8325.80  5.668150E-18
      8328.46  6.256290E-18
      8331.11  5.026028E-18
      8333.77  5.044063E-18
      8336.43  6.190168E-18
      8339.09  3.048677E-18
      8341.75  3.529142E-19
      8344.40  9.793055E-19
      8347.06  3.340059E-18
      8349.72  5.686193E-18
      8352.38  5.124241E-18
      8355.04  6.076118E-18
      8357.69  7.122684E-18
      8360.35  6.796597E-18
      8363.01  6.592399E-18
      8365.67  7.259396E-18
      8368.33  5.268917E-18
      8370.98  4.316766E-18
      8373.64  6.353278E-18
      8376.30  5.687578E-18
      8378.96  3.906903E-18
      8381.62  4.381239E-18
      8384.27  6.185279E-18
      8386.93  6.733124E-18
      8389.59  5.675531E-18
      8392.25  4.944811E-18
      8394.91  3.275143E-18
      8397.56  2.763181E-18
      8400.22  1.699405E-18
      8402.88 -1.076080E-19
      8405.54 -1.445923E-18
      8408.20  1.584881E-18
      8410.85  4.234323E-18
      8413.51  4.958299E-18
      8416.17  5.851362E-18
      8418.83  6.996038E-18
      8421.49  6.199110E-18
      8424.14  4.556142E-18
      8426.80  5.619176E-18
      8429.46  4.351830E-18
      8432.12  3.326396E-18
      8434.78  2.433649E-18
      8437.43  6.057806E-18
      8440.09  1.008734E-17
      8442.75  9.927406E-18
      8445.41  9.921720E-18
      8448.07  1.027582E-17
      8450.72  1.189203E-17
      8453.38  1.436006E-17
      8456.04  1.352718E-17
      8458.70  1.283901E-17
      8461.36  1.499166E-17
      8464.01  1.348895E-17
      8466.67  9.043116E-18
      8469.33  9.941804E-18
      8471.99  1.176354E-17
      8474.65  7.960164E-18
      8477.31  5.341683E-18
      8479.96  6.495606E-18
      8482.62  8.376741E-18
      8485.28  8.849951E-18
      8487.94  9.133225E-18
      8490.60  9.124510E-18
      8493.25  6.316816E-18
      8495.91  4.482848E-18
      8498.57  5.379611E-18
      8501.23  5.738626E-18
      8503.89  7.051363E-18
      8506.54  8.671274E-18
      8509.20  9.108293E-18
      8511.86  8.130314E-18
      8514.52  8.929298E-18
      8517.18  9.466536E-18
      8519.83  8.713178E-18
      8522.49  9.097558E-18
      8525.15  1.091545E-17
      8527.81  1.196994E-17
      8530.47  1.206844E-17
      8533.12  1.327462E-17
      8535.78  1.529660E-17
      8538.44  1.853459E-17
      8541.10  2.207168E-17
      8543.76  2.170103E-17
      8546.41  2.158251E-17
      8549.07  2.641484E-17
      8551.73  3.144544E-17
      8554.39  3.514988E-17
      8557.05  3.717054E-17
      8559.70  3.481697E-17
      8562.36  3.103960E-17
      8565.02  2.796940E-17
      8567.68  2.829841E-17
      8570.34  2.827238E-17
      8572.99  2.903921E-17
      8575.65  2.947590E-17
      8578.31  2.889457E-17
      8580.97  2.974871E-17
      8583.63  2.881011E-17
      8586.28  2.656128E-17
      8588.94  2.509468E-17
      8591.60  2.229345E-17
      8594.26  2.139627E-17
      8596.92  2.113916E-17
      8599.57  1.955639E-17
      8602.23  1.709238E-17
      8604.89  1.359927E-17
      8607.55  1.136522E-17
      8610.21  1.169799E-17
      8612.86  1.241912E-17
      8615.52  1.075084E-17
      8618.18  8.237421E-18
      8620.84  8.165105E-18
      8623.50  8.885862E-18
      8626.15  9.472814E-18
      8628.81  1.111524E-17
      8631.47  7.405769E-18
      8634.13  5.070654E-18
      8636.79  6.137863E-18
      8639.44  6.027929E-18
      8642.10  7.340090E-18
      8644.76  7.793946E-18
      8647.42  9.818763E-18
      8650.08  1.000056E-17
      8652.73  9.346612E-18
      8655.39  9.710114E-18
      8658.05  1.134448E-17
      8660.71  1.408367E-17
      8663.37  1.649996E-17
      8666.02  1.731479E-17
      8668.68  1.636764E-17
      8671.34  1.722012E-17
      8674.00  2.008958E-17
      8676.66  2.287668E-17
      8679.31  2.362549E-17
      8681.97  2.266494E-17
      8684.63  2.403603E-17
      8687.29  2.512310E-17
      8689.95  2.336723E-17
      8692.60  2.120987E-17
      8695.26  2.035421E-17
      8697.92  1.943475E-17
      8700.58  1.985667E-17
      8703.24  2.161201E-17
      8705.89  2.119372E-17
      8708.55  1.869487E-17
      8711.21  1.828359E-17
      8713.87  2.029426E-17
      8716.53  2.025433E-17
      8719.18  2.059458E-17
      8721.84  2.078137E-17
      8724.50  2.308596E-17
      8727.16  2.899836E-17
      8729.82  3.156153E-17
      8732.47  3.216481E-17
      8735.13  3.326584E-17
      8737.79  3.520590E-17
      8740.45  3.796579E-17
      8743.11  3.940569E-17
      8745.76  3.899886E-17
      8748.42  3.821134E-17
      8751.08  3.702710E-17
      8753.74  3.478720E-17
      8756.40  3.258961E-17
      8759.05  2.945775E-17
      8761.71  2.557268E-17
      8764.37  2.143204E-17
      8767.03  1.887858E-17
      8769.69  1.920051E-17
      8772.34  2.081599E-17
      8775.00  1.834634E-17
      8777.66  1.690036E-17
      8780.32  1.897079E-17
      8782.98  1.496867E-17
      8785.63  1.082035E-17
      8788.29  8.696213E-18
      8790.95  6.211396E-18
      8793.61  4.443565E-18
      8796.27  5.702034E-18
      8798.92  6.861701E-18
      8801.58  5.881174E-18
      8804.24  5.166063E-18
      8806.90  5.678040E-18
      8809.56  5.943344E-18
      8812.21  6.040709E-18
      8814.87  5.748140E-18
      8817.53  4.851313E-18
      8820.19  3.169435E-18
      8822.85 -6.156943E-19
      8825.50 -1.960907E-18
      8828.16  1.785546E-18
      8830.82  5.554988E-18
      8833.48  3.798422E-18
      8836.14  8.636504E-18
      8838.79  9.118144E-18
      8841.45  8.134963E-18
      8844.11  6.638549E-18
      8846.77  4.587390E-18
      8849.43  5.777267E-18
      8852.08  7.333278E-18
      8854.74  6.685297E-18
      8857.40  7.933749E-18
      8860.06  7.896658E-18
      8862.72  5.296271E-18
      8865.37  5.636049E-18
      8868.03  8.415631E-18
      8870.69  8.200783E-18
      8873.35  7.257985E-18
      8876.01  8.224395E-18
      8878.66  9.016225E-18
      8881.32  8.489595E-18
      8883.98  6.370068E-18
      8886.64  4.618415E-18
      8889.30  3.572486E-18
      8891.95  4.351903E-18
      8894.61  5.109038E-18
      8897.27  6.658949E-18
      8899.93  1.042783E-17
      8902.59  1.326549E-17
      8905.24  1.309843E-17
      8907.90  9.830274E-18
      8910.56  6.388643E-18
      8913.22  4.623710E-18
      8915.88  2.877590E-18
      8918.54  4.669564E-18
      8921.19  5.724137E-18
      8923.85  5.013033E-18
      8926.51  4.555507E-18
      8929.17  6.030581E-18
      8931.83  6.171488E-18
      8934.48  5.840677E-18
      8937.14  6.563760E-18
      8939.80  4.153058E-18
      8942.46  2.293060E-18
      8945.12  4.945212E-18
      8947.77  5.740919E-18
      8950.43  2.732890E-18
      8953.09  1.687159E-18
      8955.75  1.406812E-18
      8958.41  3.156791E-18
      8961.06  6.380283E-18
      8963.72  5.302520E-18
      8966.38  3.500681E-18
      8969.04  2.401766E-18
      8971.70  1.905399E-18
      8974.35  1.740290E-18
      8977.01  3.394136E-18
      8979.67  3.604041E-18
      8982.33  2.807950E-18
      8984.99  1.017269E-18
      8987.64  1.137395E-18
      8990.30  3.226398E-18
      8992.96  3.998349E-18
      8995.62  5.886496E-18
      8998.28  9.430258E-18
      9000.93  6.901992E-18
      9003.59  5.999399E-19
      9006.25 -1.444522E-18
      9008.91 -1.096598E-18
      9011.57  2.124182E-18
      9014.22  4.604936E-18
      9016.88  5.826678E-18
      9019.54  7.876029E-18
      9022.20  6.051387E-18
      9024.86  4.828626E-18
      9027.51  4.854941E-18
      9030.17  5.078849E-18
      9032.83  5.439553E-18
      9035.49  6.966899E-18
      9038.15  6.554786E-18
      9040.80  5.531191E-18
      9043.46  5.883216E-18
      9046.12  6.687582E-18
      9048.78  7.282837E-18
      9051.44  6.272068E-18
      9054.09  5.943187E-18
      9056.75  5.836112E-18
      9059.41  5.237835E-18
      9062.07  5.218282E-18
      9064.73  5.395058E-18
      9067.38  5.701236E-18
      9070.04  4.103496E-18
      9072.70  4.373743E-18
      9075.36  5.718464E-18
      9078.02  5.049107E-18
      9080.67  5.295925E-18
      9083.33  6.156851E-18
      9085.99  8.140103E-18
      9088.65  6.011826E-18
      9091.31  4.217984E-18
      9093.96  4.084022E-18
      9096.62  5.966759E-18
      9099.28  7.854752E-18
      9101.94  8.783996E-18
      9104.60  9.583531E-18
      9107.25  8.160872E-18
      9109.91  5.626659E-18
      9112.57  5.788107E-18
      9115.23  5.959570E-18
      9117.89  5.365424E-18
      9120.54  6.383668E-18
      9123.20  6.723181E-18
      9125.86  6.636523E-18
      9128.52  7.780530E-18
      9131.18  7.821285E-18
      9133.83  6.785248E-18
      9136.49  6.587715E-18
      9139.15  5.634072E-18
      9141.81  4.564748E-18
      9144.47  4.615255E-18
      9147.12  4.470176E-18
      9149.78  4.711957E-18
      9152.44  4.544722E-18
      9155.10  4.676608E-18
      9157.76  4.702946E-18
      9160.41  5.340874E-18
      9163.07  6.026210E-18
      9165.73  6.061637E-18
      9168.39  4.610689E-18
      9171.05  5.346309E-18
      9173.70  6.174676E-18
      9176.36  6.007960E-18
      9179.02  7.210827E-18
      9181.68  7.533269E-18
      9184.34  7.567396E-18
      9186.99  6.273379E-18
      9189.65  6.309162E-18
      9192.31  8.732486E-18
      9194.97  7.991044E-18
      9197.63  6.812408E-18
      9200.28  7.240238E-18
      9202.94  6.498103E-18
      9205.60  6.432644E-18
      9208.26  9.008543E-18
      9210.92  8.026641E-18
      9213.57  5.587998E-18
      9216.23  6.551209E-18
      9218.89  7.223948E-18
      9221.55  9.076715E-18
      9224.21  9.334119E-18
      9226.86  7.611656E-18
      9229.52  7.125436E-18
      9232.18  7.327812E-18
      9234.84  8.795095E-18
      9237.50  1.007578E-17
      9240.15  1.001397E-17
      9242.81  1.094498E-17
      9245.47  9.786709E-18
      9248.13  5.936390E-18
      9250.79  6.033273E-18
      9253.44  7.562625E-18
      9256.10  6.363472E-18
      9258.76  8.396434E-18
      9261.42  8.432352E-18
      9264.08  8.043896E-18
      9266.73  8.367738E-18
      9269.39  8.874163E-18
      9272.05  8.397335E-18
      9274.71  7.115727E-18
      9277.37  6.558452E-18
      9280.02  8.117159E-18
      9282.68  8.076481E-18
      9285.34  5.316532E-18
      9288.00  4.806019E-18
      9290.66  5.003613E-18
      9293.31  3.457366E-18
      9295.97  2.512920E-18
      9298.63  4.277294E-18
      9301.29  1.123886E-17
      9303.95  1.360870E-17
      9306.60  8.105131E-18
      9309.26  7.944588E-18
      9311.92  1.304514E-17
      9314.58  1.370058E-17
      9317.24  1.324565E-17
      9319.89  3.198179E-18
      9322.55 -1.616467E-18
      9325.21  6.655312E-18
      9327.87  1.340798E-17
      9330.53  7.934996E-18
      9333.18  2.893679E-18
      9335.84  2.159352E-18
      9338.50  8.717138E-19
      9341.16  2.622832E-18
      9343.82  4.216846E-18
      9346.47  4.084088E-18
      9349.13  5.774969E-18
      9351.79  4.952130E-18
      9354.45  5.257330E-18
      9357.11  7.872725E-18
      9359.77  4.633191E-18
      9362.42  2.618747E-18
      9365.08  2.959726E-18
      9367.74  1.673604E-18
      9370.40  3.151571E-18
      9373.06 -7.891514E-20
      9375.71 -5.577280E-18
      9378.37  2.001693E-18
      9381.03  3.520497E-19
      9383.69 -3.437910E-18
      9386.35  1.665212E-18
      9389.00  4.549151E-18
      9391.66  2.790691E-18
      9394.32  2.307185E-18
      9396.98  7.524626E-19
      9399.64 -1.085829E-18
      9402.29  1.596990E-18
      9404.95  5.794442E-18
      9407.61  6.434194E-18
      9410.27  4.368230E-18
      9412.93  4.042859E-18
      9415.58  3.157933E-18
      9418.24  4.604706E-18
      9420.90  6.186550E-18
      9423.56  5.193800E-18
      9426.22  6.504282E-18
      9428.87  6.953365E-18
      9431.53  4.397709E-18
      9434.19 -9.460337E-19
      9436.85 -6.232644E-18
      9439.51 -7.327939E-18
      9442.16 -3.001202E-18
      9444.82  2.302339E-18
      9447.48  7.285596E-19
      9450.14 -7.995149E-19
      9452.80  1.884179E-18
      9455.45 -3.398764E-20
      9458.11 -2.565346E-18
      9460.77  1.896109E-18
      9463.43  5.674212E-18
      9466.09  5.758334E-18
      9468.74  7.126376E-19
      9471.40 -4.361085E-19
      9474.06  1.236972E-18
      9476.72  2.874228E-18
      9479.38  9.546219E-18
      9482.03  1.672073E-17
      9484.69  1.142939E-17
      9487.35  5.520326E-18
      9490.01  5.611642E-18
      9492.67  2.956174E-18
      9495.32  4.335164E-19
      9497.98 -1.151968E-18
      9500.64 -4.253202E-18
      9503.30  1.484674E-18
      9505.96  7.355370E-18
      9508.61  4.877957E-18
      9511.27  4.688844E-18
      9513.93  1.016336E-17
      9516.59  1.150189E-17
      9519.25  1.402540E-18
      9521.90 -6.457841E-18
      9524.56 -5.529796E-18
      9527.22  2.115174E-20
      9529.88  2.500504E-18
      9532.54  3.390461E-18
      9535.19  3.997741E-18
      9537.85  3.594270E-18
      9540.51  7.107030E-18
      9543.17  5.889420E-18
      9545.83  5.255793E-18
      9548.48  5.890884E-18
      9551.14 -6.330815E-19
      9553.80 -1.195299E-17
      9556.46 -1.549997E-17
      9559.12 -1.522717E-17
      9561.77 -1.852694E-17
      9564.43 -1.737788E-17
      9567.09 -1.155834E-17
      9569.75 -7.609116E-18
      9572.41 -3.459114E-18
      9575.06  1.284456E-18
      9577.72  2.080540E-18
      9580.38  1.425033E-18
      9583.04  4.561997E-18
      9585.70  9.779058E-18
      9588.35  1.002177E-17
      9591.01  7.837997E-18
      9593.67  8.098259E-18
      9596.33  7.346437E-18
      9598.99  3.384421E-18
      9601.64 -1.526484E-19
      9604.30  1.700025E-18
      9606.96  5.597786E-18
      9609.62  6.664797E-18
      9612.28  5.893536E-18
      9614.93  4.162051E-18
      9617.59  4.299463E-18
      9620.25  5.407231E-18
      9622.91  1.257397E-18
      9625.57 -4.000954E-19
      9628.22  2.128347E-18
      9630.88 -6.837571E-19
      9633.54  9.539266E-20
      9636.20  3.849475E-18
      9638.86  5.706783E-18
      9641.51  4.872254E-18
      9644.17  3.043089E-18
      9646.83  3.198138E-18
      9649.49  1.702508E-18
      9652.15  1.538847E-18
      9654.80  4.402531E-18
      9657.46  6.373671E-18
      9660.12  3.855258E-18
      9662.78  3.701925E-19
      9665.44 -2.862984E-19
      9668.09 -8.607664E-19
      9670.75  2.689624E-18
      9673.41  8.339551E-18
      9676.07  5.484380E-18
      9678.73  2.041956E-18
      9681.38  1.351873E-18
      9684.04  1.252670E-18
      9686.70  3.193867E-18
      9689.36  5.555742E-18
      9692.02  3.900968E-18
      9694.67  1.676309E-18
      9697.33  6.055815E-18
      9699.99  7.917194E-18
      9702.65  4.489509E-18
      9705.31  6.085454E-18
      9707.96  8.134105E-18
      9710.62  4.098072E-18
      9713.28  3.530631E-18
      9715.94  6.543708E-18
      9718.60  7.104925E-18
      9721.25  4.789272E-18
      9723.91  1.569103E-18
      9726.57  3.579128E-18
      9729.23  7.289898E-18
      9731.89  7.805217E-18
      9734.54  3.856637E-18
      9737.20 -1.157872E-18
      9739.86 -1.183490E-18
      9742.52  6.235258E-19
      9745.18  4.683824E-18
      9747.83  6.243509E-18
      9750.49  6.946971E-18
      9753.15  6.641496E-18
      9755.81  2.699397E-18
      9758.47  1.466823E-18
      9761.12  1.914412E-18
      9763.78  1.976524E-18
      9766.44  1.342387E-18
      9769.10  6.302635E-19
      9771.76  4.021095E-18
      9774.41  7.102729E-18
      9777.07  6.887455E-18
      9779.73  1.123621E-17
      9782.39  2.196146E-17
      9785.05  2.972018E-17
      9787.70  1.908869E-17
      9790.36  4.689314E-18
      9793.02  2.667314E-18
      9795.68  7.894660E-18
      9798.34  1.046386E-17
      9800.99  8.907640E-18
      9803.65  5.010461E-18
      9806.31  1.523810E-18
      9808.97  1.817451E-18
      9811.63  1.520346E-18
      9814.29  6.634430E-18
      9816.94  1.233875E-17
      9819.60  1.055810E-17
      9822.26  6.584180E-18
      9824.92  4.059560E-18
      9827.58  4.197318E-18
      9830.23  3.415827E-18
      9832.89  2.578653E-18
      9835.55  4.015738E-18
      9838.21  5.347360E-18
      9840.87  6.166238E-18
      9843.52  6.654328E-18
      9846.18  5.673434E-18
      9848.84  7.818612E-18
      9851.50  8.309916E-18
      9854.16  9.912918E-18
      9856.81  9.534659E-18
      9859.47  5.904026E-18
      9862.13  5.919951E-18
      9864.79  5.214548E-18
      9867.45  9.410879E-18
      9870.10  1.801519E-17
      9872.76  1.854079E-17
      9875.42  1.602702E-17
      9878.08  1.564629E-17
      9880.74  1.299505E-17
      9883.39  9.506201E-18
      9886.05  1.097974E-17
      9888.71  1.225755E-17
      9891.37  1.000426E-17
      9894.03  9.911858E-18
      9896.68  7.271207E-18
      9899.34  6.389426E-18
      9902.00  8.139169E-18
      9904.66  9.742933E-18
      9907.32  9.587298E-18
      9909.97  1.013481E-17
      9912.63  1.423824E-17
      9915.29  1.281722E-17
      9917.95  7.707892E-18
      9920.61  6.754438E-18
      9923.26  7.599430E-18
      9925.92  8.982143E-18
      9928.58  8.829101E-18
      9931.24  6.516204E-18
      9933.90  5.473490E-18
      9936.55  6.981355E-18
      9939.21  1.082037E-17
      9941.87  1.212385E-17
      9944.53  1.792530E-17
      9947.19  1.539101E-17
      9949.84  8.256451E-18
      9952.50  8.761267E-18
      9955.16  1.022208E-17
      9957.82  1.036235E-17
      9960.48  8.079133E-18
      9963.13  5.528556E-18
      9965.79  6.399681E-18
      9968.45  8.032415E-18
      9971.11  8.670982E-18
      9973.77  6.719076E-18
      9976.42  6.499234E-18
      9979.08  1.224779E-17
      9981.74  1.356325E-17
      9984.40  1.083485E-17
      9987.06  1.004508E-17
      9989.71  9.247251E-18
      9992.37  9.060357E-18
      9995.03  9.331792E-18
      9997.69  7.108080E-18
