      4204.00  3.908250E-02
      4208.00  3.617170E-02
      4212.00  2.690130E-02
      4216.00  2.442790E-02
      4220.00  3.155180E-02
      4224.00  3.071450E-02
      4228.00  3.411060E-02
      4232.00  4.313450E-02
      4236.00  4.743930E-02
      4240.00  4.225650E-02
      4244.00  3.798570E-02
      4248.00  4.086430E-02
      4252.00  3.150850E-02
      4256.00  3.394510E-02
      4260.00  3.293380E-02
      4264.00  3.557110E-02
      4268.00  3.793440E-02
      4272.00  3.238790E-02
      4276.00  2.973570E-02
      4280.00  3.449900E-02
      4284.00  2.799580E-02
      4288.00  3.049360E-02
      4292.00  3.201110E-02
      4296.00  3.075350E-02
      4300.00  3.176710E-02
      4304.00  3.689170E-02
      4308.00  3.666440E-02
      4312.00  3.108510E-02
      4316.00  3.165150E-02
      4320.00  3.642600E-02
      4324.00  3.368550E-02
      4328.00  3.335160E-02
      4332.00  2.713940E-02
      4336.00  2.736320E-02
      4340.00  3.721070E-02
      4344.00  5.767980E-02
      4348.00  7.284650E-02
      4352.00  6.465900E-02
      4356.00  5.749990E-02
      4360.00  3.917430E-02
      4364.00  3.972970E-02
      4368.00  4.059090E-02
      4372.00  3.796340E-02
      4376.00  4.001740E-02
      4380.00  4.266800E-02
      4384.00  3.883390E-02
      4388.00  3.515180E-02
      4392.00  3.038190E-02
      4396.00  3.368900E-02
      4400.00  3.381220E-02
      4404.00  3.501430E-02
      4408.00  3.606240E-02
      4412.00  3.313490E-02
      4416.00  3.234300E-02
      4420.00  3.541910E-02
      4424.00  2.954600E-02
      4428.00  3.713190E-02
      4432.00  3.339340E-02
      4436.00  3.736850E-02
      4440.00  3.389480E-02
      4444.00  3.079220E-02
      4448.00  3.178450E-02
      4452.00  3.040520E-02
      4456.00  2.729360E-02
      4460.00  3.198530E-02
      4464.00  3.404090E-02
      4468.00  3.102720E-02
      4472.00  3.317540E-02
      4476.00  3.242750E-02
      4480.00  3.478590E-02
      4484.00  3.638720E-02
      4488.00  3.259530E-02
      4492.00  3.263080E-02
      4496.00  3.090000E-02
      4500.00  2.386970E-02
      4504.00  2.143100E-02
      4508.00  2.545870E-02
      4512.00  2.711410E-02
      4516.00  2.955100E-02
      4520.00  2.904840E-02
      4524.00  2.015490E-02
      4528.00  1.629880E-02
      4532.00  2.284540E-02
      4536.00  3.055490E-02
      4540.00  2.935330E-02
      4544.00  2.560310E-02
      4548.00  2.300320E-02
      4552.00  2.690780E-02
      4556.00  3.226800E-02
      4560.00  3.132970E-02
      4564.00  3.339140E-02
      4568.00  2.975610E-02
      4572.00  3.450070E-02
      4576.00  3.823570E-02
      4580.00  4.004610E-02
      4584.00  3.885090E-02
      4588.00  3.798960E-02
      4592.00  3.796690E-02
      4596.00  3.621290E-02
      4600.00  3.932170E-02
      4604.00  3.044670E-02
      4608.00  3.126310E-02
      4612.00  3.071770E-02
      4616.00  2.792950E-02
      4620.00  2.709640E-02
      4624.00  2.752800E-02
      4628.00  2.713180E-02
      4632.00  2.751130E-02
      4636.00  2.419180E-02
      4640.00  2.387040E-02
      4644.00  2.492540E-02
      4648.00  2.756680E-02
      4652.00  2.777770E-02
      4656.00  2.875550E-02
      4660.00  2.880640E-02
      4664.00  2.518860E-02
      4668.00  2.733010E-02
      4672.00  2.684860E-02
      4676.00  2.397710E-02
      4680.00  2.528740E-02
      4684.00  2.611420E-02
      4688.00  2.436560E-02
      4692.00  2.274380E-02
      4696.00  2.286640E-02
      4700.00  2.336520E-02
      4704.00  2.397940E-02
      4708.00  1.869380E-02
      4712.00  1.934520E-02
      4716.00  2.064690E-02
      4720.00  2.172630E-02
      4724.00  2.430420E-02
      4728.00  2.638100E-02
      4732.00  2.631190E-02
      4736.00  2.616400E-02
      4740.00  2.347890E-02
      4744.00  2.588920E-02
      4748.00  2.842440E-02
      4752.00  2.617420E-02
      4756.00  2.256970E-02
      4760.00  1.954690E-02
      4764.00  2.032860E-02
      4768.00  2.423270E-02
      4772.00  2.255680E-02
      4776.00  2.077330E-02
      4780.00  2.718410E-02
      4784.00  2.209430E-02
      4788.00  2.193240E-02
      4792.00  2.306700E-02
      4796.00  2.225370E-02
      4800.00  2.419420E-02
      4804.00  2.847020E-02
      4808.00  2.594640E-02
      4812.00  2.568580E-02
      4816.00  2.859330E-02
      4820.00  2.725590E-02
      4824.00  2.516910E-02
      4828.00  2.119620E-02
      4832.00  1.797770E-02
      4836.00  1.768660E-02
      4840.00  1.685410E-02
      4844.00  1.688510E-02
      4848.00  1.576490E-02
      4852.00  1.708000E-02
      4856.00  1.776160E-02
      4860.00  2.109450E-02
      4864.00  4.948030E-02
      4868.00  9.341650E-02
      4872.00  1.107950E-01
      4876.00  8.678080E-02
      4880.00  5.702220E-02
      4884.00  3.860440E-02
      4888.00  3.132130E-02
      4892.00  3.081350E-02
      4896.00  3.068050E-02
      4900.00  3.170250E-02
      4904.00  3.004360E-02
      4908.00  2.444920E-02
      4912.00  2.826370E-02
      4916.00  2.260430E-02
      4920.00  2.595460E-02
      4924.00  2.710930E-02
      4928.00  2.748880E-02
      4932.00  2.964780E-02
      4936.00  3.187430E-02
      4940.00  3.122870E-02
      4944.00  2.883600E-02
      4948.00  2.843840E-02
      4952.00  2.568420E-02
      4956.00  2.725710E-02
      4960.00  4.194540E-02
      4964.00  8.655330E-02
      4968.00  1.203430E-01
      4972.00  1.118310E-01
      4976.00  7.775670E-02
      4980.00  4.665980E-02
      4984.00  2.491500E-02
      4988.00  2.009740E-02
      4992.00  2.131630E-02
      4996.00  2.272110E-02
      5000.00  2.148590E-02
      5004.00  1.986960E-02
      5008.00  6.865320E-02
      5012.00  2.034330E-01
      5016.00  3.294480E-01
      5020.00  2.863140E-01
      5024.00  1.946250E-01
      5028.00  9.911210E-02
      5032.00  3.532050E-02
      5036.00  1.029760E-02
      5040.00  1.437720E-02
      5044.00  2.773380E-02
      5048.00  3.212090E-02
      5052.00  2.827460E-02
      5056.00  2.424230E-02
      5060.00  2.600080E-02
      5064.00  2.208370E-02
      5068.00  1.909640E-02
      5072.00  1.911870E-02
      5076.00  1.855020E-02
      5080.00  1.639410E-02
      5084.00  1.615260E-02
      5088.00  1.833470E-02
      5092.00  2.087460E-02
      5096.00  1.923150E-02
      5100.00  1.910660E-02
      5104.00  2.040820E-02
      5108.00  2.078690E-02
      5112.00  2.049390E-02
      5116.00  2.121620E-02
      5120.00  2.203780E-02
      5124.00  2.096850E-02
      5128.00  2.194690E-02
      5132.00  2.285000E-02
      5136.00  2.226230E-02
      5140.00  2.339620E-02
      5144.00  2.516760E-02
      5148.00  2.589120E-02
      5152.00  2.741010E-02
      5156.00  2.964590E-02
      5160.00  2.635650E-02
      5164.00  2.548700E-02
      5168.00  2.797830E-02
      5172.00  3.072200E-02
      5176.00  3.232320E-02
      5180.00  3.240700E-02
      5184.00  3.246500E-02
      5188.00  3.445780E-02
      5192.00  3.595530E-02
      5196.00  3.517810E-02
      5200.00  3.336840E-02
      5204.00  3.002610E-02
      5208.00  2.710570E-02
      5212.00  2.469590E-02
      5216.00  2.374470E-02
      5220.00  2.538720E-02
      5224.00  2.742120E-02
      5228.00  2.636970E-02
      5232.00  2.456190E-02
      5236.00  2.378730E-02
      5240.00  2.336490E-02
      5244.00  2.498160E-02
      5248.00  2.596370E-02
      5252.00  2.448270E-02
      5256.00  2.376590E-02
      5260.00  2.665520E-02
      5264.00  2.970810E-02
      5268.00  3.147470E-02
      5272.00  3.248860E-02
      5276.00  3.215090E-02
      5280.00  3.281160E-02
      5284.00  3.426220E-02
      5288.00  3.328100E-02
      5292.00  3.136490E-02
      5296.00  3.559880E-02
      5300.00  2.967410E-02
      5304.00  2.497090E-02
      5308.00  2.428500E-02
      5312.00  2.467840E-02
      5316.00  2.503150E-02
      5320.00  2.489970E-02
      5324.00  2.496410E-02
      5328.00  2.665630E-02
      5332.00  2.709870E-02
      5336.00  2.648070E-02
      5340.00  2.258090E-02
      5344.00  2.271520E-02
      5348.00  2.358480E-02
      5352.00  2.419080E-02
      5356.00  2.472470E-02
      5360.00  2.429180E-02
      5364.00  2.312200E-02
      5368.00  2.049650E-02
      5372.00  2.072440E-02
      5376.00  2.233460E-02
      5380.00  1.971860E-02
      5384.00  1.899220E-02
      5388.00  2.031900E-02
      5392.00  1.934680E-02
      5396.00  1.748560E-02
      5400.00  1.910290E-02
      5404.00  1.875340E-02
      5408.00  1.777920E-02
      5412.00  1.826610E-02
      5416.00  1.819390E-02
      5420.00  1.941150E-02
      5424.00  2.062490E-02
      5428.00  1.943210E-02
      5432.00  1.791820E-02
      5436.00  1.833240E-02
      5440.00  1.758650E-02
      5444.00  1.784210E-02
      5448.00  8.317170E-03
      5452.00  8.258980E-03
      5456.00  1.411690E-02
      5460.00  1.572080E-02
      5464.00  1.506480E-02
      5468.00  1.584380E-02
      5472.00  1.440620E-02
      5476.00  1.243150E-02
      5480.00  1.093920E-02
      5484.00  1.466030E-02
      5488.00  1.693190E-02
      5492.00  1.544430E-02
      5496.00  1.514330E-02
      5500.00  1.786280E-02
      5504.00  1.797790E-02
      5508.00  1.681880E-02
      5512.00  1.522870E-02
      5516.00  1.571290E-02
      5520.00  1.605950E-02
      5524.00  1.777470E-02
      5528.00  1.940330E-02
      5532.00  1.959900E-02
      5536.00  1.996490E-02
      5540.00  1.901570E-02
      5544.00  1.746970E-02
      5548.00  1.866480E-02
      5552.00  1.872790E-02
      5556.00  1.820970E-02
      5560.00  1.729200E-02
      5564.00  1.709180E-02
      5568.00  1.820380E-02
      5572.00  1.829360E-02
      5576.00  1.564710E-02
      5580.00  1.632850E-02
      5584.00  1.766250E-02
      5588.00  1.511510E-02
      5592.00  1.465580E-02
      5596.00  1.488440E-02
      5600.00  1.389010E-02
      5604.00  1.402650E-02
      5608.00  1.450130E-02
      5612.00  1.337860E-02
      5616.00  1.184910E-02
      5620.00  1.142400E-02
      5624.00  1.344770E-02
      5628.00  1.359350E-02
      5632.00  1.337840E-02
      5636.00  1.483050E-02
      5640.00  1.538700E-02
      5644.00  1.539160E-02
      5648.00  1.611740E-02
      5652.00  1.643290E-02
      5656.00  1.611980E-02
      5660.00  1.520420E-02
      5664.00  1.523260E-02
      5668.00  1.556560E-02
      5672.00  1.520680E-02
      5676.00  1.517710E-02
      5680.00  1.501320E-02
      5684.00  1.500410E-02
      5688.00  1.396240E-02
      5692.00  1.372540E-02
      5696.00  1.347120E-02
      5700.00  1.406610E-02
      5704.00  1.408540E-02
      5708.00  1.295040E-02
      5712.00  1.421440E-02
      5716.00  1.406130E-02
      5720.00  1.612950E-02
      5724.00  1.480160E-02
      5728.00  1.367520E-02
      5732.00  1.400000E-02
      5736.00  1.393750E-02
      5740.00  1.289160E-02
      5744.00  1.232340E-02
      5748.00  1.240440E-02
      5752.00  1.330170E-02
      5756.00  1.366700E-02
      5760.00  1.334830E-02
      5764.00  1.086500E-02
      5768.00  8.434130E-03
      5772.00  8.109390E-03
      5776.00  7.784650E-03
      5780.00  7.459920E-03
      5784.00  7.135180E-03
      5788.00  7.135180E-03
      5792.00  7.706920E-03
      5796.00  9.635350E-03
      5800.00  1.233160E-02
      5804.00  1.262510E-02
      5808.00  9.799400E-03
      5812.00  8.785120E-03
      5816.00  1.034070E-02
      5820.00  1.039460E-02
      5824.00  9.162530E-03
      5828.00  9.831950E-03
      5832.00  9.384630E-03
      5836.00  9.971540E-03
      5840.00  9.635880E-03
      5844.00  8.215110E-03
      5848.00  8.067830E-03
      5852.00  7.238690E-03
      5856.00  7.255010E-03
      5860.00  9.626190E-03
      5864.00  7.456770E-03
      5868.00  6.692460E-03
      5872.00  7.845270E-03
      5876.00  1.041750E-02
      5880.00  1.319310E-02
      5884.00  1.561200E-02
      5888.00  2.118130E-02
      5892.00  2.218890E-02
      5896.00  2.100480E-02
      5900.00  2.123700E-02
      5904.00  2.229060E-02
      5908.00  2.268220E-02
      5912.00  2.215080E-02
      5916.00  2.188370E-02
      5920.00  2.215350E-02
      5924.00  2.030540E-02
      5928.00  2.026610E-02
      5932.00  1.769000E-02
      5936.00  1.595470E-02
      5940.00  1.493360E-02
      5944.00  1.479470E-02
      5948.00  1.497590E-02
      5952.00  1.476540E-02
      5956.00  1.475460E-02
      5960.00  1.322560E-02
      5964.00  1.516420E-02
      5968.00  1.508270E-02
      5972.00  1.339530E-02
      5976.00  1.112550E-02
      5980.00  1.112470E-02
      5984.00  1.288430E-02
      5988.00  1.267400E-02
      5992.00  1.089700E-02
      5996.00  9.479720E-03
      6000.00  1.092470E-02
      6004.00  1.134500E-02
      6008.00  1.098170E-02
      6012.00  1.150200E-02
      6016.00  1.151730E-02
      6020.00  1.073860E-02
      6024.00  1.117440E-02
      6028.00  9.962260E-03
      6032.00  1.068680E-02
      6036.00  1.117320E-02
      6040.00  9.479430E-03
      6044.00  9.183870E-03
      6048.00  9.735140E-03
      6052.00  9.259580E-03
      6056.00  8.304760E-03
      6060.00  8.134020E-03
      6064.00  8.226520E-03
      6068.00  8.781620E-03
      6072.00  1.005090E-02
      6076.00  8.122870E-03
      6080.00  7.082180E-03
      6084.00  7.791670E-03
      6088.00  7.788750E-03
      6092.00  7.607490E-03
      6096.00  9.774420E-03
      6100.00  8.358850E-03
      6104.00  7.808200E-03
      6108.00  7.924810E-03
      6112.00  8.658250E-03
      6116.00  9.483070E-03
      6120.00  9.444110E-03
      6124.00  9.075600E-03
      6128.00  9.846590E-03
      6132.00  1.073750E-02
      6136.00  1.002130E-02
      6140.00  1.029730E-02
      6144.00  1.093300E-02
      6148.00  1.135260E-02
      6152.00  1.093430E-02
      6156.00  1.096770E-02
      6160.00  1.267500E-02
      6164.00  1.388860E-02
      6168.00  1.131450E-02
      6172.00  1.155780E-02
      6176.00  1.063440E-02
      6180.00  1.025570E-02
      6184.00  1.057540E-02
      6188.00  1.049400E-02
      6192.00  1.037430E-02
      6196.00  1.092600E-02
      6200.00  1.088850E-02
      6204.00  1.084280E-02
      6208.00  1.197510E-02
      6212.00  1.061630E-02
      6216.00  9.350760E-03
      6220.00  8.167540E-03
      6224.00  8.119690E-03
      6228.00  1.023000E-02
      6232.00  1.216880E-02
      6236.00  1.063950E-02
      6240.00  1.026810E-02
      6244.00  1.023240E-02
      6248.00  1.388510E-02
      6252.00  1.531410E-02
      6256.00  1.339260E-02
      6260.00  1.152640E-02
      6264.00  1.190310E-02
      6268.00  1.330800E-02
      6272.00  1.453730E-02
      6276.00  1.740070E-02
      6280.00  1.967500E-02
      6284.00  2.210500E-02
      6288.00  2.729750E-02
      6292.00  3.409520E-02
      6296.00  4.084490E-02
      6300.00  4.867380E-02
      6304.00  5.752760E-02
      6308.00  6.009610E-02
      6312.00  6.001200E-02
      6316.00  5.653400E-02
      6320.00  5.233700E-02
      6324.00  4.729350E-02
      6328.00  4.216050E-02
      6332.00  3.787510E-02
      6336.00  3.470220E-02
      6340.00  3.266630E-02
      6344.00  2.743010E-02
      6348.00  2.337430E-02
      6352.00  2.213950E-02
      6356.00  2.305670E-02
      6360.00  2.368800E-02
      6364.00  2.523370E-02
      6368.00  2.861990E-02
      6372.00  3.037850E-02
      6376.00  2.854490E-02
      6380.00  2.954980E-02
      6384.00  2.691900E-02
      6388.00  2.493460E-02
      6392.00  2.366960E-02
      6396.00  2.215310E-02
      6400.00  1.905640E-02
      6404.00  1.529330E-02
      6408.00  1.423220E-02
      6412.00  1.537200E-02
      6416.00  1.452890E-02
      6420.00  1.265370E-02
      6424.00  1.238020E-02
      6428.00  1.131400E-02
      6432.00  1.081820E-02
      6436.00  1.203820E-02
      6440.00  1.297940E-02
      6444.00  1.279540E-02
      6448.00  1.199750E-02
      6452.00  1.250430E-02
      6456.00  1.309080E-02
      6460.00  1.404290E-02
      6464.00  1.368550E-02
      6468.00  1.215400E-02
      6472.00  1.217170E-02
      6476.00  1.364310E-02
      6480.00  1.132030E-02
      6484.00  1.026760E-02
      6488.00  1.014520E-02
      6492.00  5.218350E-03
      6496.00  8.052950E-03
      6500.00  1.141450E-02
      6504.00  9.167860E-03
      6508.00  6.184230E-03
      6512.00  6.381250E-03
      6516.00  8.451580E-03
      6520.00  7.661470E-03
      6524.00  1.023040E-02
      6528.00  1.321160E-02
      6532.00  1.645910E-02
      6536.00  2.105100E-02
      6540.00  2.832910E-02
      6544.00  3.993450E-02
      6548.00  5.757840E-02
      6552.00  8.187460E-02
      6556.00  1.105850E-01
      6560.00  1.404170E-01
      6564.00  1.642810E-01
      6568.00  2.386480E-01
      6572.00  3.365080E-01
      6576.00  3.774420E-01
      6580.00  3.425650E-01
      6584.00  2.842890E-01
      6588.00  2.213720E-01
      6592.00  1.674150E-01
      6596.00  1.363730E-01
      6600.00  1.142790E-01
      6604.00  9.294980E-02
      6608.00  7.323590E-02
      6612.00  5.719290E-02
      6616.00  4.451730E-02
      6620.00  3.518670E-02
      6624.00  2.744660E-02
      6628.00  2.262420E-02
      6632.00  1.810890E-02
      6636.00  1.518310E-02
      6640.00  1.430190E-02
      6644.00  1.408290E-02
      6648.00  1.360720E-02
      6652.00  1.312050E-02
      6656.00  1.128470E-02
      6660.00  1.059130E-02
      6664.00  9.593210E-03
      6668.00  1.020130E-02
      6672.00  9.950800E-03
      6676.00  8.869180E-03
      6680.00  9.214360E-03
      6684.00  1.083590E-02
      6688.00  1.116690E-02
      6692.00  1.215520E-02
      6696.00  1.074540E-02
      6700.00  1.004790E-02
      6704.00  9.865150E-03
      6708.00  1.111890E-02
      6712.00  1.188500E-02
      6716.00  1.019520E-02
      6720.00  8.513800E-03
      6724.00  1.098000E-02
      6728.00  1.612330E-02
      6732.00  1.821810E-02
      6736.00  1.829680E-02
      6740.00  1.911300E-02
      6744.00  1.801330E-02
      6748.00  1.569310E-02
      6752.00  1.415870E-02
      6756.00  1.140000E-02
      6760.00  9.326100E-03
      6764.00  8.267910E-03
      6768.00  7.617000E-03
      6772.00  5.938480E-03
      6776.00  6.862030E-03
      6780.00  7.550640E-03
      6784.00  7.445360E-03
      6788.00  9.182730E-03
      6792.00  9.614320E-03
      6796.00  6.990560E-03
      6800.00  7.165850E-03
      6804.00  7.128870E-03
      6808.00  7.013070E-03
      6812.00  7.622630E-03
      6816.00  7.211030E-03
      6820.00  6.112400E-03
      6824.00  6.559860E-03
      6828.00  6.503340E-03
      6832.00  7.143810E-03
      6836.00  9.479780E-03
      6840.00  9.293660E-03
      6844.00  7.631020E-03
      6848.00  6.157560E-03
      6852.00  5.468650E-03
      6856.00  4.683620E-03
      6860.00  3.103420E-03
      6864.00  2.724480E-03
      6868.00  5.033360E-03
      6872.00  6.083450E-03
      6876.00  8.651340E-03
      6880.00  9.377340E-03
      6884.00  7.699350E-03
      6888.00  6.546080E-03
      6892.00  7.042780E-03
      6896.00  7.028070E-03
      6900.00  7.206050E-03
      6904.00  7.588380E-03
      6908.00  7.790830E-03
      6912.00  8.082200E-03
      6916.00  8.879630E-03
      6920.00  8.412940E-03
      6924.00  7.489800E-03
      6928.00  8.398690E-03
      6932.00  8.751690E-03
      6936.00  8.033330E-03
      6940.00  8.107610E-03
      6944.00  6.848850E-03
      6948.00  6.962440E-03
      6952.00  8.350880E-03
      6956.00  9.248230E-03
      6960.00  9.399630E-03
      6964.00  8.814950E-03
      6968.00  5.348300E-03
      6972.00  5.526890E-03
      6976.00  8.365760E-03
      6980.00  9.146600E-03
      6984.00  7.663200E-03
      6988.00  6.034140E-03
      6992.00  6.264470E-03
      6996.00  8.082390E-03
      7000.00  9.292350E-03
      7004.00  9.148650E-03
      7008.00  8.633240E-03
      7012.00  8.585420E-03
      7016.00  9.669510E-03
      7020.00  1.043820E-02
      7024.00  9.340380E-03
      7028.00  7.613490E-03
      7032.00  7.994180E-03
      7036.00  9.896140E-03
      7040.00  7.863500E-03
      7044.00  6.827770E-03
      7048.00  7.933930E-03
      7052.00  8.042020E-03
      7056.00  8.776710E-03
      7060.00  1.003640E-02
      7064.00  8.976620E-03
      7068.00  7.035200E-03
      7072.00  1.071560E-02
      7076.00  1.019790E-02
      7080.00  9.913400E-03
      7084.00  9.638940E-03
      7088.00  9.013230E-03
      7092.00  8.791120E-03
      7096.00  8.556810E-03
      7100.00  8.206720E-03
      7104.00  8.828320E-03
      7108.00  8.982360E-03
      7112.00  9.398350E-03
      7116.00  9.474600E-03
      7120.00  9.041970E-03
      7124.00  9.655390E-03
      7128.00  1.007690E-02
      7132.00  1.019220E-02
      7136.00  1.131980E-02
      7140.00  1.307010E-02
      7144.00  1.650800E-02
      7148.00  2.199610E-02
      7152.00  2.462840E-02
      7156.00  2.446010E-02
      7160.00  2.307790E-02
      7164.00  2.178270E-02
      7168.00  2.077950E-02
      7172.00  2.021170E-02
      7176.00  2.094010E-02
      7180.00  2.179200E-02
      7184.00  2.152380E-02
      7188.00  1.978950E-02
      7192.00  1.735130E-02
      7196.00  1.723520E-02
      7200.00  1.681040E-02
      7204.00  1.357360E-02
      7208.00  1.113330E-02
      7212.00  1.111720E-02
      7216.00  1.099660E-02
      7220.00  9.831870E-03
      7224.00  7.043200E-03
      7228.00  8.851760E-03
      7232.00  1.007960E-02
      7236.00  8.586090E-03
      7240.00  8.509690E-03
      7244.00  9.661390E-03
      7248.00  1.073600E-02
      7252.00  1.090560E-02
      7256.00  1.191100E-02
      7260.00  1.189670E-02
      7264.00  1.313850E-02
      7268.00  1.494180E-02
      7272.00  1.577900E-02
      7276.00  1.779800E-02
      7280.00  2.443240E-02
      7284.00  3.326900E-02
      7288.00  4.370880E-02
      7292.00  5.110330E-02
      7296.00  5.711030E-02
      7300.00  6.515340E-02
      7304.00  7.107640E-02
      7308.00  7.146060E-02
      7312.00  6.955620E-02
      7316.00  6.739920E-02
      7320.00  7.280550E-02
      7324.00  7.765780E-02
      7328.00  8.069440E-02
      7332.00  8.238740E-02
      7336.00  7.954050E-02
      7340.00  7.249190E-02
      7344.00  6.396590E-02
      7348.00  5.452900E-02
      7352.00  4.716240E-02
      7356.00  4.382040E-02
      7360.00  4.021340E-02
      7364.00  3.599490E-02
      7368.00  3.244960E-02
      7372.00  3.038300E-02
      7376.00  2.714940E-02
      7380.00  2.180390E-02
      7384.00  1.933110E-02
      7388.00  1.958630E-02
      7392.00  1.797340E-02
      7396.00  1.671130E-02
      7400.00  1.643630E-02
      7404.00  1.547040E-02
      7408.00  1.391630E-02
      7412.00  1.393500E-02
      7416.00  1.547000E-02
      7420.00  1.468770E-02
      7424.00  1.254160E-02
      7428.00  1.208370E-02
      7432.00  1.171780E-02
      7436.00  1.137430E-02
      7440.00  1.051540E-02
      7444.00  1.002880E-02
      7448.00  9.950320E-03
      7452.00  9.142690E-03
      7456.00  9.972970E-03
      7460.00  1.114190E-02
      7464.00  1.128000E-02
      7468.00  1.055350E-02
      7472.00  9.578190E-03
      7476.00  8.948280E-03
      7480.00  9.058910E-03
      7484.00  9.243930E-03
      7488.00  8.563540E-03
      7492.00  9.056740E-03
      7496.00  8.688440E-03
      7500.00  7.661610E-03
      7504.00  7.532600E-03
      7508.00  6.652950E-03
      7512.00  4.864420E-03
      7516.00  3.966790E-03
      7520.00  4.557430E-03
      7524.00  4.863620E-03
      7528.00  4.460200E-03
      7532.00  4.676090E-03
      7536.00  5.613240E-03
      7540.00  5.386430E-03
      7544.00  4.222060E-03
      7548.00  3.367770E-03
      7552.00  3.546360E-03
      7556.00  4.600920E-03
      7560.00  5.673000E-03
      7564.00  4.782680E-03
      7568.00  4.616710E-03
      7572.00  4.696900E-03
      7576.00  4.999390E-03
      7580.00  4.676570E-03
      7584.00  4.348320E-03
      7588.00  4.581640E-03
      7592.00  4.570200E-03
      7596.00  5.699680E-03
      7600.00  3.270050E-03
      7604.00  3.072880E-03
      7608.00  5.032160E-03
      7612.00  5.388710E-03
      7616.00  4.267260E-03
      7620.00  3.350680E-03
      7624.00  3.454350E-03
      7628.00  4.931940E-03
      7632.00  4.131530E-03
      7636.00  3.086590E-03
      7640.00  3.595090E-03
      7644.00  3.008190E-03
      7648.00  2.731920E-03
      7652.00  3.857480E-03
      7656.00  5.303630E-03
      7660.00  6.135320E-03
      7664.00  6.774070E-03
      7668.00  5.087350E-03
      7672.00  5.387420E-03
      7676.00  5.100160E-03
      7680.00  4.703960E-03
      7684.00  4.732010E-03
      7688.00  5.379150E-03
      7692.00  5.689550E-03
      7696.00  5.188960E-03
      7700.00  6.980210E-03
      7704.00  7.154870E-03
      7708.00  6.067830E-03
      7712.00  4.808490E-03
      7716.00  5.508660E-03
      7720.00  7.326690E-03
      7724.00  7.205880E-03
      7728.00  5.665760E-03
      7732.00  6.861880E-03
      7736.00  7.382330E-03
      7740.00  6.122880E-03
      7744.00  7.294870E-03
      7748.00  4.829420E-03
      7752.00  4.494370E-03
      7756.00  6.274150E-03
      7760.00  5.502990E-03
      7764.00  4.170370E-03
      7768.00  8.205200E-03
      7772.00  8.023830E-03
      7776.00  5.799070E-03
      7780.00  5.293450E-03
      7784.00  5.848290E-03
      7788.00  5.902990E-03
      7792.00  5.863330E-03
      7796.00  5.520690E-03
      7800.00  3.755860E-03
      7804.00  3.277510E-03
      7808.00  5.651360E-03
      7812.00  7.288070E-03
      7816.00  5.896810E-03
      7820.00  6.070970E-03
      7824.00  8.431850E-03
      7828.00  9.187940E-03
      7832.00  7.904550E-03
      7836.00  8.246560E-03
      7840.00  6.838760E-03
      7844.00  4.584710E-03
      7848.00  6.601190E-03
      7852.00  9.522310E-03
      7856.00  9.498760E-03
      7860.00  7.917970E-03
      7864.00  5.227590E-03
      7868.00  3.277470E-03
      7872.00  8.468180E-03
      7876.00  9.772510E-03
      7880.00  4.279850E-03
      7884.00  5.642290E-03
      7888.00  8.668610E-03
      7892.00  7.249940E-03
      7896.00  5.772350E-03
      7900.00  8.369280E-03
      7904.00  1.098150E-02
      7908.00  1.129000E-02
      7912.00  9.933240E-03
      7916.00  9.067910E-03
      7920.00  6.491840E-03
      7924.00  4.123080E-03
      7928.00  6.622300E-03
      7932.00  1.001180E-02
      7936.00  8.700580E-03
      7940.00  7.028030E-03
      7944.00  1.030780E-02
      7948.00  1.055980E-02
      7952.00  1.081180E-02
      7956.00  1.106380E-02
      7960.00  1.131580E-02
      7964.00  1.156780E-02
      7968.00  1.156780E-02
      7972.00  1.025460E-02
      7976.00  8.498190E-03
      7980.00  8.014070E-03
      7984.00  8.143260E-03
      7988.00  8.371740E-03
      7992.00  8.784120E-03
      7996.00  1.003220E-02
      8000.00  9.446470E-03
      8004.00  6.976430E-03
      8008.00  6.809880E-03
      8012.00  8.956210E-03
      8016.00  7.223330E-03
      8020.00  6.835440E-03
      8024.00  8.332570E-03
      8028.00  7.505200E-03
      8032.00  7.074170E-03
      8036.00  8.143060E-03
      8040.00  8.730490E-03
      8044.00  8.459990E-03
      8048.00  8.002840E-03
      8052.00  9.418570E-03
      8056.00  8.546880E-03
      8060.00  7.090510E-03
      8064.00  5.590570E-03
      8068.00  5.742400E-03
      8072.00  6.626900E-03
      8076.00  6.208830E-03
      8080.00  5.730770E-03
      8084.00  6.652340E-03
      8088.00  5.222170E-03
      8092.00  5.132610E-03
      8096.00  5.316210E-03
      8100.00  5.911850E-03
      8104.00  6.433790E-03
      8108.00  6.201040E-03
      8112.00  5.756090E-03
      8116.00  6.006250E-03
      8120.00  5.042350E-03
      8124.00  4.940720E-03
      8128.00  5.618680E-03
      8132.00  5.655810E-03
      8136.00  3.776350E-03
      8140.00  3.308970E-03
      8144.00  5.165430E-03
      8148.00  5.677380E-03
      8152.00  5.856150E-03
      8156.00  4.412860E-03
      8160.00  3.125420E-03
      8164.00  3.713150E-03
      8168.00  4.651530E-03
      8172.00  5.100440E-03
      8176.00  5.065750E-03
      8180.00  4.712200E-03
      8184.00  4.441210E-03
      8188.00  4.827680E-03
      8192.00  4.609430E-03
      8196.00  3.242370E-03
      8200.00  2.773410E-03
      8204.00  3.562830E-03
      8208.00  4.516070E-03
      8212.00  5.053510E-03
      8216.00  5.366450E-03
      8220.00  5.226660E-03
      8224.00  4.515410E-03
      8228.00  4.040320E-03
      8232.00  5.121190E-03
      8236.00  5.007170E-03
      8240.00  5.002810E-03
      8244.00  4.597200E-03
      8248.00  3.752220E-03
      8252.00  4.492160E-03
      8256.00  5.767070E-03
      8260.00  4.619030E-03
      8264.00  3.636900E-03
      8268.00  3.063170E-03
      8272.00  3.758070E-03
      8276.00  4.293640E-03
      8280.00  3.981550E-03
      8284.00  3.634510E-03
      8288.00  4.154420E-03
      8292.00  6.037220E-03
      8296.00  6.158110E-03
      8300.00  4.674610E-03
      8304.00  4.442140E-03
      8308.00  3.207620E-03
      8312.00  2.241510E-03
      8316.00  3.442790E-03
      8320.00  5.189350E-03
      8324.00  4.854650E-03
      8328.00  4.025670E-03
      8332.00  4.807770E-03
      8336.00  7.195490E-03
      8340.00  5.819040E-03
      8344.00  6.213760E-03
      8348.00  6.457500E-03
      8352.00  5.521270E-03
      8356.00  6.420280E-03
      8360.00  5.240310E-03
      8364.00  6.411270E-03
      8368.00  6.321400E-03
      8372.00  4.573310E-03
      8376.00  3.497920E-03
      8380.00  4.086610E-03
      8384.00  5.335840E-03
      8388.00  5.720550E-03
      8392.00  5.067230E-03
      8396.00  4.830130E-03
      8400.00  5.139870E-03
      8404.00  5.706260E-03
      8408.00  5.279340E-03
      8412.00  5.587480E-03
      8416.00  5.956650E-03
      8420.00  5.539140E-03
      8424.00  5.147390E-03
      8428.00  5.444890E-03
      8432.00  5.373110E-03
      8436.00  5.953900E-03
      8440.00  6.089640E-03
      8444.00  5.532100E-03
      8448.00  6.628420E-03
      8452.00  6.804840E-03
      8456.00  5.711300E-03
      8460.00  6.450860E-03
      8464.00  7.664170E-03
      8468.00  6.904470E-03
      8472.00  5.205500E-03
      8476.00  6.561440E-03
      8480.00  7.501870E-03
      8484.00  5.508080E-03
      8488.00  2.592510E-03
      8492.00 -6.898510E-04
      8496.00 -4.025320E-03
      8500.00 -4.467980E-04
      8504.00  4.705650E-03
      8508.00  5.594470E-03
      8512.00  7.127970E-03
      8516.00  5.756790E-03
      8520.00  5.293350E-03
      8524.00  6.528740E-03
      8528.00  6.671820E-03
      8532.00  6.936610E-03
      8536.00  9.133970E-03
      8540.00  1.001040E-02
      8544.00  1.041530E-02
      8548.00  1.059970E-02
      8552.00  1.088820E-02
      8556.00  1.211580E-02
      8560.00  1.309690E-02
      8564.00  1.203340E-02
      8568.00  1.028650E-02
      8572.00  1.057360E-02
      8576.00  1.010360E-02
      8580.00  8.886610E-03
      8584.00  9.533820E-03
      8588.00  9.780260E-03
      8592.00  8.035790E-03
      8596.00  6.073430E-03
      8600.00  6.215190E-03
      8604.00  7.704400E-03
      8608.00  7.483290E-03
      8612.00  5.849970E-03
      8616.00  5.489720E-03
      8620.00  5.734100E-03
      8624.00  4.291290E-03
      8628.00  3.077540E-03
      8632.00  4.450520E-03
      8636.00  6.154910E-03
      8640.00  5.588050E-03
      8644.00  4.359960E-03
      8648.00  5.446290E-03
      8652.00  5.805410E-03
      8656.00  4.939890E-03
      8660.00  5.095620E-03
      8664.00  6.685600E-03
      8668.00  7.878820E-03
      8672.00  8.159580E-03
      8676.00  8.826150E-03
      8680.00  9.788680E-03
      8684.00  8.710470E-03
      8688.00  8.577040E-03
      8692.00  8.217240E-03
      8696.00  8.320600E-03
      8700.00  9.888500E-03
      8704.00  1.082670E-02
      8708.00  9.157810E-03
      8712.00  1.048570E-02
      8716.00  1.077210E-02
      8720.00  1.130220E-02
      8724.00  1.188680E-02
      8728.00  1.366150E-02
      8732.00  1.608500E-02
      8736.00  1.731410E-02
      8740.00  1.720920E-02
      8744.00  1.781880E-02
      8748.00  1.919560E-02
      8752.00  1.875890E-02
      8756.00  1.519830E-02
      8760.00  1.236990E-02
      8764.00  1.255060E-02
      8768.00  1.247610E-02
      8772.00  1.049170E-02
      8776.00  1.006070E-02
      8780.00  9.270210E-03
      8784.00  7.336280E-03
      8788.00  7.604350E-03
      8792.00  7.007390E-03
      8796.00  7.155390E-03
      8800.00  5.471030E-03
      8804.00  4.292330E-03
      8808.00  7.403450E-03
      8812.00  9.290520E-03
      8816.00  1.006520E-02
      8820.00  9.715440E-03
      8824.00  7.372230E-03
      8828.00  1.085640E-02
      8832.00  1.544270E-02
      8836.00  1.500600E-02
      8840.00  1.125280E-02
      8844.00  9.068380E-03
      8848.00  7.744680E-03
      8852.00  6.414160E-03
      8856.00  1.361160E-02
      8860.00  2.870040E-02
      8864.00  2.730040E-02
      8868.00  1.566620E-02
      8872.00  8.459470E-03
      8876.00  6.706910E-03
      8880.00  6.010930E-03
      8884.00  1.001000E-02
      8888.00  7.018810E-03
      8892.00  1.029580E-02
      8896.00  9.497900E-03
      8900.00  6.947450E-03
      8904.00  7.890890E-03
      8908.00  9.249970E-03
      8912.00  7.458410E-03
      8916.00  7.543450E-03
      8920.00  8.127330E-03
      8924.00  4.023710E-03
      8928.00  4.408290E-03
      8932.00  8.812150E-03
      8936.00  1.183310E-02
      8940.00  1.211550E-02
      8944.00  9.665230E-03
      8948.00  4.487510E-03
      8952.00  8.558440E-04
      8956.00  2.977350E-03
      8960.00  7.854880E-03
      8964.00  7.074320E-03
      8968.00  1.562630E-03
      8972.00  1.598140E-03
      8976.00  5.629760E-03
      8980.00  6.262860E-03
      8984.00  4.289090E-03
      8988.00  2.909130E-03
      8992.00  3.161430E-03
      8996.00  3.025410E-03
      9000.00  4.170760E-03
      9004.00  5.067470E-03
      9008.00  6.046410E-03
      9012.00  6.238330E-03
      9016.00  5.496450E-03
      9020.00  6.094980E-03
      9024.00  5.694310E-03
      9028.00  3.726150E-03
      9032.00  4.542310E-03
      9036.00  6.683390E-03
      9040.00  8.530550E-03
      9044.00  6.837110E-03
      9048.00  5.021850E-03
      9052.00  8.455800E-03
      9056.00  1.226110E-02
      9060.00  1.102470E-02
      9064.00  8.040220E-03
      9068.00  5.218000E-03
      9072.00  4.540870E-03
      9076.00  5.709790E-03
      9080.00  7.667720E-03
      9084.00  9.744220E-03
      9088.00  1.072410E-02
      9092.00  8.814790E-03
      9096.00  7.401100E-03
      9100.00  8.504890E-03
      9104.00  8.917320E-03
      9108.00  6.486990E-03
      9112.00  3.757810E-03
      9116.00  3.749000E-03
      9120.00  5.269870E-03
      9124.00  4.831730E-03
      9128.00  3.212310E-03
      9132.00  3.732190E-03
      9136.00  4.180350E-03
      9140.00  4.005030E-03
      9144.00  3.991390E-03
      9148.00  4.775510E-03
      9152.00  5.390990E-03
      9156.00  4.690210E-03
      9160.00  3.303960E-03
      9164.00  2.113530E-03
      9168.00  2.666190E-03
      9172.00  3.344750E-03
      9176.00  4.567030E-03
      9180.00  5.951800E-03
      9184.00  5.642310E-03
      9188.00  3.728230E-03
      9192.00  2.843540E-03
      9196.00  4.031390E-03
      9200.00  5.320380E-03
      9204.00  5.827320E-03
      9208.00  5.285610E-03
      9212.00  3.883530E-03
      9216.00  3.449040E-03
      9220.00  4.483240E-03
      9224.00  5.371740E-03
      9228.00  5.007440E-03
      9232.00  4.891020E-03
      9236.00  5.551500E-03
      9240.00  6.917410E-03
      9244.00  6.148150E-03
      9248.00  3.723010E-03
      9252.00  2.752580E-03
      9256.00  3.637410E-03
      9260.00  4.608290E-03
      9264.00  5.378670E-03
      9268.00  5.263160E-03
      9272.00  3.068000E-03
      9276.00  2.593340E-03
      9280.00  2.906300E-03
      9284.00  1.863250E-03
      9288.00  5.339920E-04
      9292.00  1.665660E-03
      9296.00  3.600050E-03
      9300.00  1.329300E-03
      9304.00  1.577880E-03
      9308.00  3.274020E-03
      9312.00  5.701340E-03
      9316.00  5.735830E-03
      9320.00 -1.677280E-04
      9324.00 -1.989880E-03
      9328.00  4.603760E-03
      9332.00  8.215090E-03
      9336.00  6.043510E-03
      9340.00  6.641730E-03
      9344.00  7.772500E-03
      9348.00  4.234890E-03
      9352.00  1.420730E-03
      9356.00 -1.543570E-03
      9360.00 -4.175480E-03
      9364.00 -3.809770E-03
      9368.00  2.996370E-04
      9372.00  1.047030E-02
      9376.00  1.037110E-02
      9380.00  1.057280E-02
      9384.00  1.207650E-02
      9388.00  1.111380E-02
      9392.00  7.632510E-03
      9396.00  4.498500E-03
      9400.00  3.807860E-03
      9404.00  4.967260E-03
      9408.00  3.587000E-03
      9412.00  4.465780E-03
      9416.00  6.473020E-03
      9420.00  5.045680E-03
      9424.00  5.037980E-03
      9428.00  5.900910E-03
      9432.00  4.315000E-03
      9436.00  1.923990E-03
      9440.00  1.282010E-03
      9444.00 -2.551160E-04
      9448.00  3.263210E-03
      9452.00  5.133610E-03
      9456.00 -1.491530E-05
      9460.00 -4.364570E-03
      9464.00  1.847410E-05
      9468.00  7.511610E-03
      9472.00  7.833620E-03
      9476.00  6.521040E-03
      9480.00  3.792330E-03
      9484.00 -2.173490E-04
      9488.00 -1.252400E-03
      9492.00 -7.630750E-04
      9496.00  2.063580E-03
      9500.00  3.447340E-03
      9504.00  9.879550E-04
      9508.00  1.053720E-03
      9512.00  2.091540E-03
      9516.00  1.279300E-03
      9520.00  6.706120E-03
      9524.00  8.827390E-03
      9528.00  7.785240E-03
      9532.00  7.212000E-03
      9536.00  6.161350E-03
      9540.00  4.510870E-03
      9544.00  7.858710E-03
      9548.00  7.091320E-03
      9552.00  4.518410E-03
      9556.00  2.316120E-03
      9560.00  3.854630E-03
      9564.00  9.011370E-03
      9568.00  9.649050E-03
      9572.00  4.146970E-03
      9576.00  2.003710E-03
      9580.00  4.630770E-03
      9584.00  4.065480E-03
      9588.00  3.924510E-03
      9592.00  4.033610E-03
      9596.00  4.136160E-03
      9600.00  3.194960E-03
      9604.00  2.375860E-03
      9608.00  3.102820E-03
      9612.00  4.139760E-03
      9616.00  4.844150E-03
      9620.00  5.623520E-03
      9624.00  4.880720E-03
      9628.00  3.801240E-03
      9632.00  2.807060E-03
      9636.00  2.372670E-03
      9640.00  2.044900E-03
      9644.00  2.022780E-03
      9648.00  3.964180E-03
      9652.00  4.604800E-03
      9656.00  2.036270E-03
      9660.00  1.209940E-03
      9664.00  2.584380E-03
      9668.00  3.187560E-03
      9672.00  1.844760E-03
      9676.00  1.498550E-03
      9680.00  4.074840E-03
      9684.00  5.668550E-03
      9688.00  7.128500E-03
      9692.00  2.121090E-04
      9696.00 -1.034960E-03
      9700.00  4.226660E-03
      9704.00  4.259260E-03
      9708.00  4.615370E-05
      9712.00  3.093870E-04
      9716.00  3.670650E-03
      9720.00  5.930080E-03
      9724.00  7.520960E-03
      9728.00  6.039360E-03
      9732.00  6.198560E-03
      9736.00  7.811010E-03
      9740.00  7.068590E-03
      9744.00  4.171440E-03
      9748.00  2.366630E-03
      9752.00  1.571180E-03
      9756.00  8.143620E-04
      9760.00  1.556780E-03
      9764.00  7.615150E-04
      9768.00  6.904470E-04
      9772.00  2.029070E-03
      9776.00  2.365060E-03
      9780.00  1.728840E-03
      9784.00  3.286290E-03
      9788.00  6.412620E-03
      9792.00  4.957280E-03
      9796.00  1.469810E-03
      9800.00  3.815870E-03
      9804.00  6.655410E-03
      9808.00  4.536700E-03
      9812.00  1.436890E-03
      9816.00  3.149290E-03
      9820.00  8.222540E-03
      9824.00  1.244570E-02
      9828.00  1.220280E-02
      9832.00  1.438690E-02
      9836.00  1.841850E-02
      9840.00  1.575600E-02
      9844.00  9.242600E-03
      9848.00  5.672230E-03
      9852.00  4.969340E-03
      9856.00  3.020310E-03
      9860.00  1.531710E-03
      9864.00  1.746970E-04
      9868.00  2.636010E-03
      9872.00  2.998880E-03
      9876.00  4.684620E-03
      9880.00  4.666080E-03
      9884.00  2.549280E-03
      9888.00  3.916700E-03
      9892.00  7.368840E-03
      9896.00  5.182600E-03
      9900.00  3.153350E-03
      9904.00  7.470660E-04
      9908.00 -4.184560E-04
      9912.00 -8.263950E-04
      9916.00  2.380260E-03
      9920.00  6.142760E-03
      9924.00  3.261370E-03
      9928.00  2.299620E-04
      9932.00  4.319290E-03
      9936.00  4.424300E-03
      9940.00  2.333910E-03
      9944.00  4.474640E-03
      9948.00  5.698190E-03
      9952.00  3.773090E-03
      9956.00  3.096210E-03
      9960.00  4.272180E-03
      9964.00  2.974990E-03
      9968.00  4.794960E-03
      9972.00  4.386860E-03
      9976.00  2.202180E-03
      9980.00  8.239090E-06
      9984.00 -6.466220E-04
      9988.00  1.455120E-03
      9992.00  4.615710E-03
      9996.00  4.825770E-03
