      3323.03  2.140142E-14
      3325.33  2.231063E-14
      3327.64  2.079050E-14
      3329.94  1.914259E-14
      3332.24  1.930976E-14
      3334.54  1.838766E-14
      3336.85  1.897612E-14
      3339.15  1.949284E-14
      3341.45  2.086299E-14
      3343.76  2.124715E-14
      3346.06  2.121968E-14
      3348.36  2.184244E-14
      3350.67  2.225540E-14
      3352.97  2.117754E-14
      3355.27  2.126190E-14
      3357.57  2.131229E-14
      3359.88  2.212088E-14
      3362.18  2.168347E-14
      3364.48  2.025839E-14
      3366.79  2.158477E-14
      3369.09  2.227705E-14
      3371.39  2.095957E-14
      3373.70  2.172156E-14
      3376.00  2.384954E-14
      3378.30  2.203739E-14
      3380.60  1.977071E-14
      3382.91  2.151050E-14
      3385.21  2.230437E-14
      3387.51  2.234426E-14
      3389.82  2.288414E-14
      3392.12  2.215965E-14
      3394.42  2.170553E-14
      3396.73  2.268620E-14
      3399.03  2.139636E-14
      3401.33  2.132237E-14
      3403.63  2.152566E-14
      3405.94  2.161596E-14
      3408.24  2.209971E-14
      3410.54  2.241170E-14
      3412.85  2.317748E-14
      3415.15  2.287265E-14
      3417.45  2.238292E-14
      3419.76  2.150494E-14
      3422.06  2.245328E-14
      3424.36  2.213084E-14
      3426.66  2.154531E-14
      3428.97  2.287645E-14
      3431.27  2.173576E-14
      3433.57  2.146187E-14
      3435.88  2.192232E-14
      3438.18  2.092614E-14
      3440.48  2.221237E-14
      3442.79  2.216510E-14
      3445.09  2.342951E-14
      3447.39  2.414839E-14
      3449.69  2.240843E-14
      3452.00  2.288451E-14
      3454.30  2.299050E-14
      3456.60  2.100937E-14
      3458.91  2.210268E-14
      3461.21  2.308828E-14
      3463.51  2.131883E-14
      3465.82  2.318082E-14
      3468.12  2.369129E-14
      3470.42  2.206683E-14
      3472.72  2.227239E-14
      3475.03  2.316524E-14
      3477.33  2.281593E-14
      3479.63  2.233667E-14
      3481.94  2.315533E-14
      3484.24  2.445264E-14
      3486.54  2.326002E-14
      3488.85  2.270781E-14
      3491.15  2.208577E-14
      3493.45  2.202496E-14
      3495.75  2.277523E-14
      3498.06  2.222894E-14
      3500.36  2.324339E-14
      3502.66  2.296041E-14
      3504.97  2.146777E-14
      3507.27  2.147404E-14
      3509.57  2.187192E-14
      3511.88  2.198954E-14
      3514.18  2.217487E-14
      3516.48  2.244754E-14
      3518.78  2.218497E-14
      3521.09  2.244665E-14
      3523.39  2.201684E-14
      3525.69  2.045006E-14
      3528.00  2.119341E-14
      3530.30  2.059489E-14
      3532.60  2.041260E-14
      3534.91  2.262127E-14
      3537.21  2.195191E-14
      3539.51  2.101947E-14
      3541.81  2.142442E-14
      3544.12  2.142469E-14
      3546.42  2.208208E-14
      3548.72  2.232459E-14
      3551.03  2.164500E-14
      3553.33  2.274401E-14
      3555.63  2.167999E-14
      3557.93  2.065147E-14
      3560.24  2.174945E-14
      3562.54  2.206150E-14
      3564.84  2.251311E-14
      3567.15  2.180978E-14
      3569.45  2.149698E-14
      3571.75  2.136629E-14
      3574.06  2.112236E-14
      3576.36  2.099916E-14
      3578.66  2.178996E-14
      3580.96  2.224702E-14
      3583.27  2.153689E-14
      3585.57  2.051593E-14
      3587.87  2.108021E-14
      3590.18  2.237673E-14
      3592.48  2.161193E-14
      3594.78  2.191947E-14
      3597.09  2.256344E-14
      3599.39  2.211218E-14
      3601.69  2.169440E-14
      3603.99  2.176963E-14
      3606.30  2.232499E-14
      3608.60  2.163675E-14
      3610.90  2.226492E-14
      3613.21  2.259019E-14
      3615.51  2.120359E-14
      3617.81  2.106687E-14
      3620.12  2.153237E-14
      3622.42  2.174416E-14
      3624.72  2.219001E-14
      3627.02  2.139282E-14
      3629.33  2.133842E-14
      3631.63  2.226658E-14
      3633.93  2.212718E-14
      3636.24  2.151897E-14
      3638.54  2.158983E-14
      3640.84  2.199952E-14
      3643.15  2.142625E-14
      3645.45  2.151291E-14
      3647.75  2.155372E-14
      3650.05  2.114062E-14
      3652.36  2.128790E-14
      3654.66  2.105862E-14
      3656.96  2.138231E-14
      3659.27  2.190665E-14
      3661.57  2.156363E-14
      3663.87  2.161401E-14
      3666.18  2.197756E-14
      3668.48  2.151053E-14
      3670.78  2.131132E-14
      3673.08  2.143112E-14
      3675.39  2.144349E-14
      3677.69  2.206309E-14
      3679.99  2.179153E-14
      3682.30  2.132164E-14
      3684.60  2.166451E-14
      3686.90  2.152723E-14
      3689.21  2.143021E-14
      3691.51  2.125992E-14
      3693.81  2.115683E-14
      3696.11  2.175010E-14
      3698.42  2.150969E-14
      3700.72  2.151650E-14
      3703.02  2.173074E-14
      3705.33  2.091807E-14
      3707.63  2.134218E-14
      3709.93  2.182439E-14
      3712.24  2.155197E-14
      3714.54  2.155397E-14
      3716.84  2.171462E-14
      3719.14  2.185950E-14
      3721.45  2.210769E-14
      3723.75  2.163959E-14
      3726.05  2.078403E-14
      3728.36  2.093056E-14
      3730.66  2.185092E-14
      3732.96  2.471570E-14
      3735.27  2.700444E-14
      3737.57  2.853996E-14
      3739.87  2.943373E-14
      3742.17  2.836913E-14
      3744.48  2.696067E-14
      3746.78  2.421587E-14
      3749.08  2.243743E-14
      3751.39  2.254008E-14
      3753.69  2.210946E-14
      3755.99  2.109474E-14
      3758.30  2.147811E-14
      3760.60  2.225627E-14
      3762.90  2.185897E-14
      3765.20  2.110849E-14
      3767.51  2.097943E-14
      3769.81  2.060984E-14
      3772.11  2.081093E-14
      3774.42  2.182922E-14
      3776.72  2.148084E-14
      3779.02  2.099000E-14
      3781.33  2.095302E-14
      3783.63  2.085954E-14
      3785.93  2.042704E-14
      3788.23  2.067080E-14
      3790.54  2.134274E-14
      3792.84  2.103296E-14
      3795.14  2.023126E-14
      3797.45  2.066778E-14
      3799.75  2.133041E-14
      3802.05  2.111619E-14
      3804.35  2.109475E-14
      3806.66  2.120295E-14
      3808.96  2.071580E-14
      3811.26  2.036041E-14
      3813.57  2.045867E-14
      3815.87  2.060018E-14
      3818.17  2.081486E-14
      3820.48  2.117545E-14
      3822.78  2.054942E-14
      3825.08  2.096586E-14
      3827.38  2.191196E-14
      3829.69  2.167138E-14
      3831.99  2.171016E-14
      3834.29  2.144166E-14
      3836.60  2.108336E-14
      3838.90  2.097709E-14
      3841.20  2.110115E-14
      3843.51  2.149674E-14
      3845.81  2.120367E-14
      3848.11  2.098108E-14
      3850.41  2.076676E-14
      3852.72  2.119705E-14
      3855.02  2.146166E-14
      3857.32  2.076499E-14
      3859.63  2.077281E-14
      3861.93  2.094192E-14
      3864.23  2.039980E-14
      3866.54  2.020978E-14
      3868.84  2.036835E-14
      3871.14  2.066979E-14
      3873.44  2.046516E-14
      3875.75  2.088277E-14
      3878.05  2.125538E-14
      3880.35  2.118028E-14
      3882.66  2.114698E-14
      3884.96  2.064389E-14
      3887.26  2.017153E-14
      3889.57  2.059828E-14
      3891.87  2.001723E-14
      3894.17  2.006234E-14
      3896.47  2.073761E-14
      3898.78  2.037534E-14
      3901.08  2.004869E-14
      3903.38  2.059042E-14
      3905.69  2.087204E-14
      3907.99  2.057899E-14
      3910.29  2.038253E-14
      3912.60  2.002757E-14
      3914.90  2.043207E-14
      3917.20  2.086096E-14
      3919.50  2.087766E-14
      3921.81  2.130767E-14
      3924.11  2.125022E-14
      3926.41  2.101685E-14
      3928.72  2.106571E-14
      3931.02  2.097512E-14
      3933.32  2.070627E-14
      3935.63  2.074857E-14
      3937.93  2.051454E-14
      3940.23  2.035885E-14
      3942.53  2.127623E-14
      3944.84  2.130525E-14
      3947.14  2.055377E-14
      3949.44  2.080230E-14
      3951.75  2.111651E-14
      3954.05  2.128962E-14
      3956.35  2.139588E-14
      3958.66  2.151155E-14
      3960.96  2.107241E-14
      3963.26  2.078946E-14
      3965.56  2.114665E-14
      3967.87  2.078392E-14
      3970.17  2.012691E-14
      3972.47  2.032554E-14
      3974.78  2.042261E-14
      3977.08  2.062805E-14
      3979.38  2.065445E-14
      3981.69  2.062605E-14
      3983.99  2.080209E-14
      3986.29  2.031457E-14
      3988.59  2.019957E-14
      3990.90  2.034827E-14
      3993.20  2.016762E-14
      3995.50  1.998854E-14
      3997.81  1.983536E-14
      4000.11  1.964035E-14
      4002.41  1.981238E-14
      4004.72  2.000436E-14
      4007.02  1.962912E-14
      4009.32  1.960022E-14
      4011.62  1.977070E-14
      4013.93  1.978329E-14
      4016.23  1.973125E-14
      4018.53  1.921222E-14
      4020.84  1.895430E-14
      4023.14  1.937869E-14
      4025.44  1.980090E-14
      4027.75  1.954917E-14
      4030.05  1.946076E-14
      4032.35  1.895702E-14
      4034.65  1.901023E-14
      4036.96  1.939821E-14
      4039.26  2.027714E-14
      4041.56  2.038202E-14
      4043.87  1.945012E-14
      4046.17  1.953140E-14
      4048.47  2.043744E-14
      4050.77  2.054591E-14
      4053.08  2.010460E-14
      4055.38  2.083776E-14
      4057.68  2.089256E-14
      4059.99  2.072447E-14
      4062.29  2.090497E-14
      4064.59  2.057353E-14
      4066.90  2.120957E-14
      4069.20  2.058296E-14
      4071.50  2.000976E-14
      4073.80  2.054366E-14
      4076.11  2.091085E-14
      4078.41  2.066067E-14
      4080.71  2.118061E-14
      4083.02  2.128223E-14
      4085.32  2.053567E-14
      4087.62  2.062348E-14
      4089.93  2.174673E-14
      4092.23  2.192292E-14
      4094.53  2.107662E-14
      4096.83  2.058945E-14
      4099.14  2.068546E-14
      4101.44  2.109543E-14
      4103.74  2.102265E-14
      4106.05  2.098132E-14
      4108.35  2.125839E-14
      4110.65  2.191278E-14
      4112.96  2.199679E-14
      4115.26  2.166290E-14
      4117.56  2.165667E-14
      4119.86  2.164099E-14
      4122.17  2.136874E-14
      4124.47  2.142038E-14
      4126.77  2.136918E-14
      4129.08  2.103700E-14
      4131.38  2.109250E-14
      4133.68  2.117493E-14
      4135.99  2.087941E-14
      4138.29  2.087841E-14
      4140.59  2.074765E-14
      4142.89  2.041732E-14
      4145.20  2.054605E-14
      4147.50  2.054608E-14
      4149.80  2.039809E-14
      4152.11  2.010359E-14
      4154.41  2.014345E-14
      4156.71  2.031613E-14
      4159.02  2.014087E-14
      4161.32  2.020204E-14
      4163.62  2.021857E-14
      4165.92  1.988155E-14
      4168.23  1.978651E-14
      4170.53  1.977681E-14
      4172.83  1.963485E-14
      4175.14  1.966201E-14
      4177.44  1.990978E-14
      4179.74  1.999774E-14
      4182.05  1.965735E-14
      4184.35  1.933157E-14
      4186.65  1.937871E-14
      4188.95  1.937310E-14
      4191.26  1.901171E-14
      4193.56  1.889380E-14
      4195.86  1.911398E-14
      4198.17  1.897570E-14
      4200.47  1.870225E-14
      4202.77  1.840855E-14
      4205.08  1.858352E-14
      4207.38  1.896399E-14
      4209.68  1.845043E-14
      4211.98  1.823596E-14
      4214.29  1.823029E-14
      4216.59  1.791802E-14
      4218.89  1.790733E-14
      4221.20  1.827054E-14
      4223.50  1.831775E-14
      4225.80  1.788010E-14
      4228.11  1.790380E-14
      4230.41  1.775931E-14
      4232.71  1.747101E-14
      4235.01  1.727473E-14
      4237.32  1.773452E-14
      4239.62  1.733865E-14
      4241.92  1.704892E-14
      4244.23  1.766877E-14
      4246.53  1.757715E-14
      4248.83  1.729766E-14
      4251.14  1.738931E-14
      4253.44  1.755804E-14
      4255.74  1.785404E-14
      4258.04  1.787608E-14
      4260.35  1.765871E-14
      4262.65  1.829401E-14
      4264.95  1.869624E-14
      4267.26  1.844726E-14
      4269.56  1.862798E-14
      4271.86  1.861702E-14
      4274.17  1.872621E-14
      4276.47  1.841149E-14
      4278.77  1.908831E-14
      4281.07  1.907472E-14
      4283.38  1.867643E-14
      4285.68  1.965105E-14
      4287.98  1.953520E-14
      4290.29  1.968301E-14
      4292.59  1.984872E-14
      4294.89  1.936868E-14
      4297.19  1.978444E-14
      4299.50  1.951746E-14
      4301.80  1.982091E-14
      4304.10  2.062252E-14
      4306.41  2.028528E-14
      4308.71  2.013156E-14
      4311.01  2.035373E-14
      4313.32  2.001826E-14
      4315.62  2.013970E-14
      4317.92  2.004559E-14
      4320.22  2.023430E-14
      4322.53  2.083729E-14
      4324.83  2.068167E-14
      4327.13  2.063884E-14
      4329.44  2.069530E-14
      4331.74  2.093544E-14
      4334.04  2.080345E-14
      4336.35  2.086473E-14
      4338.65  2.082359E-14
      4340.95  2.057309E-14
      4343.25  2.008139E-14
      4345.56  2.053873E-14
      4347.86  2.156557E-14
      4350.16  2.129809E-14
      4352.47  2.106522E-14
      4354.77  2.117245E-14
      4357.07  2.044258E-14
      4359.38  2.017471E-14
      4361.68  1.947086E-14
      4363.98  1.935631E-14
      4366.28  1.997991E-14
      4368.59  1.976446E-14
      4370.89  2.019135E-14
      4373.19  2.024912E-14
      4375.50  1.983158E-14
      4377.80  1.992245E-14
      4380.10  1.952036E-14
      4382.41  1.939146E-14
      4384.71  1.959760E-14
      4387.01  1.982367E-14
      4389.31  1.959326E-14
      4391.62  1.909039E-14
      4393.92  1.864340E-14
      4396.22  1.864951E-14
      4398.53  1.863321E-14
      4400.83  1.837930E-14
      4403.13  1.857061E-14
      4405.44  1.864326E-14
      4407.74  1.882662E-14
      4410.04  1.848690E-14
      4412.34  1.842795E-14
      4414.65  1.891827E-14
      4416.95  1.854979E-14
      4419.25  1.834941E-14
      4421.56  1.829818E-14
      4423.86  1.836599E-14
      4426.16  1.855294E-14
      4428.47  1.856452E-14
      4430.77  1.842755E-14
      4433.07  1.815987E-14
      4435.37  1.818897E-14
      4437.68  1.846884E-14
      4439.98  1.856634E-14
      4442.28  1.840904E-14
      4444.59  1.813697E-14
      4446.89  1.808872E-14
      4449.19  1.814257E-14
      4451.50  1.793077E-14
      4453.80  1.832238E-14
      4456.10  1.802973E-14
      4458.40  1.784984E-14
      4460.71  1.826846E-14
      4463.01  1.793820E-14
      4465.31  1.763568E-14
      4467.62  1.785367E-14
      4469.92  1.821867E-14
      4472.22  1.813100E-14
      4474.53  1.806937E-14
      4476.83  1.831271E-14
      4479.13  1.819706E-14
      4481.43  1.793161E-14
      4483.74  1.792323E-14
      4486.04  1.779204E-14
      4488.34  1.769786E-14
      4490.65  1.790652E-14
      4492.95  1.792862E-14
      4495.25  1.757229E-14
      4497.56  1.751481E-14
      4499.86  1.736066E-14
      4502.16  1.727756E-14
      4504.46  1.753512E-14
      4506.77  1.757246E-14
      4509.07  1.707219E-14
      4511.37  1.741206E-14
      4513.68  1.674588E-14
      4515.98  1.677861E-14
      4518.28  1.685559E-14
      4520.59  1.700670E-14
      4522.89  1.718673E-14
      4525.19  1.674298E-14
      4527.49  1.685506E-14
      4529.80  1.681801E-14
      4532.10  1.660068E-14
      4534.40  1.697948E-14
      4536.71  1.695321E-14
      4539.01  1.670210E-14
      4541.31  1.690441E-14
      4543.61  1.685062E-14
      4545.92  1.693224E-14
      4548.22  1.672945E-14
      4550.52  1.654050E-14
      4552.83  1.661862E-14
      4555.13  1.693586E-14
      4557.43  1.692649E-14
      4559.74  1.704699E-14
      4562.04  1.678489E-14
      4564.34  1.667590E-14
      4566.64  1.658094E-14
      4568.95  1.652023E-14
      4571.25  1.639683E-14
      4573.55  1.620946E-14
      4575.86  1.620897E-14
      4578.16  1.655489E-14
      4580.46  1.659197E-14
      4582.77  1.628786E-14
      4585.07  1.628910E-14
      4587.37  1.625991E-14
      4589.67  1.585622E-14
      4591.98  1.604081E-14
      4594.28  1.598984E-14
      4596.58  1.599687E-14
      4598.89  1.641491E-14
      4601.19  1.622800E-14
      4603.49  1.596866E-14
      4605.80  1.596901E-14
      4608.10  1.609080E-14
      4610.40  1.605107E-14
      4612.70  1.578505E-14
      4615.01  1.583981E-14
      4617.31  1.617629E-14
      4619.61  1.618880E-14
      4621.92  1.554248E-14
      4624.22  1.565653E-14
      4626.52  1.592362E-14
      4628.83  1.606729E-14
      4631.13  1.586704E-14
      4633.43  1.548074E-14
      4635.73  1.559082E-14
      4638.04  1.591917E-14
      4640.34  1.575334E-14
      4642.64  1.553131E-14
      4644.95  1.572691E-14
      4647.25  1.574988E-14
      4649.55  1.562575E-14
      4651.86  1.582949E-14
      4654.16  1.576366E-14
      4656.46  1.540222E-14
      4658.76  1.566817E-14
      4661.07  1.530197E-14
      4663.37  1.534203E-14
      4665.67  1.562268E-14
      4667.98  1.538730E-14
      4670.28  1.534349E-14
      4672.58  1.534354E-14
      4674.89  1.512557E-14
      4677.19  1.512700E-14
      4679.49  1.540887E-14
      4681.79  1.519160E-14
      4684.10  1.499938E-14
      4686.40  1.537540E-14
      4688.70  1.524351E-14
      4691.01  1.517569E-14
      4693.31  1.511904E-14
      4695.61  1.486719E-14
      4697.92  1.515655E-14
      4700.22  1.504073E-14
      4702.52  1.504622E-14
      4704.82  1.479560E-14
      4707.13  1.466283E-14
      4709.43  1.467654E-14
      4711.73  1.457362E-14
      4714.04  1.424373E-14
      4716.34  1.407130E-14
      4718.64  1.411583E-14
      4720.95  1.430302E-14
      4723.25  1.417500E-14
      4725.55  1.422801E-14
      4727.85  1.428388E-14
      4730.16  1.391397E-14
      4732.46  1.372289E-14
      4734.76  1.370432E-14
      4737.07  1.390366E-14
      4739.37  1.348503E-14
      4741.67  1.351094E-14
      4743.98  1.344347E-14
      4746.28  1.371361E-14
      4748.58  1.372038E-14
      4750.88  1.352060E-14
      4753.19  1.344731E-14
      4755.49  1.363096E-14
      4757.79  1.394720E-14
      4760.10  1.379615E-14
      4762.40  1.384966E-14
      4764.70  1.426104E-14
      4767.01  1.423671E-14
      4769.31  1.452774E-14
      4771.61  1.457735E-14
      4773.91  1.476629E-14
      4776.22  1.511321E-14
      4778.52  1.495950E-14
      4780.82  1.499735E-14
      4783.13  1.531975E-14
      4785.43  1.554378E-14
      4787.73  1.595744E-14
      4790.03  1.613542E-14
      4792.34  1.568196E-14
      4794.64  1.593965E-14
      4796.94  1.651765E-14
      4799.25  1.676512E-14
      4801.55  1.685609E-14
      4803.85  1.685407E-14
      4806.16  1.729458E-14
      4808.46  1.753450E-14
      4810.76  1.725558E-14
      4813.06  1.734107E-14
      4815.37  1.746595E-14
      4817.67  1.723250E-14
      4819.97  1.744195E-14
      4822.28  1.753210E-14
      4824.58  1.761748E-14
      4826.88  1.730340E-14
      4829.19  1.761764E-14
      4831.49  1.795271E-14
      4833.79  1.796817E-14
      4836.09  1.795660E-14
      4838.40  1.775077E-14
      4840.70  1.782110E-14
      4843.00  1.796812E-14
      4845.31  1.810677E-14
      4847.61  1.809944E-14
      4849.91  1.806099E-14
      4852.22  1.825720E-14
      4854.52  1.844468E-14
      4856.82  1.808084E-14
      4859.12  1.809059E-14
      4861.43  1.804720E-14
      4863.73  1.809510E-14
      4866.03  1.856328E-14
      4868.34  1.983812E-14
      4870.64  2.045999E-14
      4872.94  2.053700E-14
      4875.25  2.060286E-14
      4877.55  2.020288E-14
      4879.85  1.920175E-14
      4882.15  1.820898E-14
      4884.46  1.770860E-14
      4886.76  1.760014E-14
      4889.06  1.766131E-14
      4891.37  1.732451E-14
      4893.67  1.730458E-14
      4895.97  1.734069E-14
      4898.28  1.707639E-14
      4900.58  1.698891E-14
      4902.88  1.700137E-14
      4905.18  1.700603E-14
      4907.49  1.672087E-14
      4909.79  1.651692E-14
      4912.09  1.645863E-14
      4914.40  1.646613E-14
      4916.70  1.657177E-14
      4919.00  1.624566E-14
      4921.31  1.604289E-14
      4923.61  1.567748E-14
      4925.91  1.623019E-14
      4928.21  1.623085E-14
      4930.52  1.596921E-14
      4932.82  1.572688E-14
      4935.12  1.600541E-14
      4937.43  1.606815E-14
      4939.73  1.553832E-14
      4942.03  1.542177E-14
      4944.34  1.545637E-14
      4946.64  1.559484E-14
      4948.94  1.567100E-14
      4951.24  1.539627E-14
      4953.55  1.490554E-14
      4955.85  1.525608E-14
      4958.15  1.500008E-14
      4960.46  1.482556E-14
      4962.76  1.525508E-14
      4965.06  1.613088E-14
      4967.37  1.735566E-14
      4969.67  1.845898E-14
      4971.97  1.857315E-14
      4974.27  1.868623E-14
      4976.58  1.724530E-14
      4978.88  1.538665E-14
      4981.18  1.449873E-14
      4983.49  1.446133E-14
      4985.79  1.451750E-14
      4988.09  1.407342E-14
      4990.40  1.439075E-14
      4992.70  1.447017E-14
      4995.00  1.476028E-14
      4997.30  1.469368E-14
      4999.61  1.427960E-14
      5001.91  1.417183E-14
      5004.21  1.461740E-14
      5006.52  1.471952E-14
      5008.82  1.447441E-14
      5011.12  1.544405E-14
      5013.43  1.921220E-14
      5015.73  2.330432E-14
      5018.03  2.484820E-14
      5020.33  2.551480E-14
      5022.64  2.509552E-14
      5024.94  2.141734E-14
      5027.24  1.629704E-14
      5029.55  1.398494E-14
      5031.85  1.373480E-14
      5034.15  1.402119E-14
      5036.45  1.423455E-14
      5038.76  1.408965E-14
      5041.06  1.389643E-14
      5043.36  1.379438E-14
      5045.67  1.377804E-14
      5047.97  1.382645E-14
      5050.27  1.365592E-14
      5052.58  1.384266E-14
      5054.88  1.368359E-14
      5057.18  1.361929E-14
      5059.48  1.376028E-14
      5061.79  1.362754E-14
      5064.09  1.346009E-14
      5066.39  1.323616E-14
      5068.70  1.348602E-14
      5071.00  1.354223E-14
      5073.30  1.374467E-14
      5075.61  1.346454E-14
      5077.91  1.328777E-14
      5080.21  1.353632E-14
      5082.51  1.353402E-14
      5084.82  1.330621E-14
      5087.12  1.341638E-14
      5089.42  1.347409E-14
      5091.73  1.343423E-14
      5094.03  1.353007E-14
      5096.33  1.328592E-14
      5098.64  1.314912E-14
      5100.94  1.314126E-14
      5103.24  1.325811E-14
      5105.54  1.342832E-14
      5107.85  1.329294E-14
      5110.15  1.311867E-14
      5112.45  1.311962E-14
      5114.76  1.292558E-14
      5117.06  1.307816E-14
      5119.36  1.324597E-14
      5121.67  1.325043E-14
      5123.97  1.315640E-14
      5126.27  1.309417E-14
      5128.57  1.303280E-14
      5130.88  1.299336E-14
      5133.18  1.306805E-14
      5135.48  1.307872E-14
      5137.79  1.331252E-14
      5140.09  1.307479E-14
      5142.39  1.321627E-14
      5144.70  1.272373E-14
      5147.00  1.260246E-14
      5149.30  1.278269E-14
      5151.60  1.270424E-14
      5153.91  1.270739E-14
      5156.21  1.268544E-14
      5158.51  1.307491E-14
      5160.82  1.293005E-14
      5163.12  1.286387E-14
      5165.42  1.291172E-14
      5167.73  1.290470E-14
      5170.03  1.304641E-14
      5172.33  1.284146E-14
      5174.63  1.248506E-14
      5176.94  1.245387E-14
      5179.24  1.265061E-14
      5181.54  1.261973E-14
      5183.85  1.261826E-14
      5186.15  1.262254E-14
      5188.45  1.273320E-14
      5190.76  1.267413E-14
      5193.06  1.245180E-14
      5195.36  1.272325E-14
      5197.66  1.277800E-14
      5199.97  1.267728E-14
      5202.27  1.258681E-14
      5204.57  1.270397E-14
      5206.88  1.281734E-14
      5209.18  1.256595E-14
      5211.48  1.255706E-14
      5213.79  1.280047E-14
      5216.09  1.247476E-14
      5218.39  1.226474E-14
      5220.69  1.250099E-14
      5223.00  1.263302E-14
      5225.30  1.254002E-14
      5227.60  1.238991E-14
      5229.91  1.233871E-14
      5232.21  1.232785E-14
      5234.51  1.200141E-14
      5236.82  1.197722E-14
      5239.12  1.212811E-14
      5241.42  1.243677E-14
      5243.72  1.222816E-14
      5246.03  1.201288E-14
      5248.33  1.196144E-14
      5250.63  1.209900E-14
      5252.94  1.230236E-14
      5255.24  1.227950E-14
      5257.54  1.227372E-14
      5259.85  1.204221E-14
      5262.15  1.199868E-14
      5264.45  1.195108E-14
      5266.75  1.200230E-14
      5269.06  1.214550E-14
      5271.36  1.190668E-14
      5273.66  1.174258E-14
      5275.97  1.221481E-14
      5278.27  1.240027E-14
      5280.57  1.216047E-14
      5282.87  1.208720E-14
      5285.18  1.196987E-14
      5287.48  1.166323E-14
      5289.78  1.179435E-14
      5292.09  1.185757E-14
      5294.39  1.188929E-14
      5296.69  1.195451E-14
      5299.00  1.197116E-14
      5301.30  1.169575E-14
      5303.60  1.163653E-14
      5305.90  1.174058E-14
      5308.21  1.166641E-14
      5310.51  1.190563E-14
      5312.81  1.187627E-14
      5315.12  1.166926E-14
      5317.42  1.170250E-14
      5319.72  1.177541E-14
      5322.03  1.169567E-14
      5324.33  1.175320E-14
      5326.63  1.171148E-14
      5328.93  1.162114E-14
      5331.24  1.183276E-14
      5333.54  1.178974E-14
      5335.84  1.143201E-14
      5338.15  1.135432E-14
      5340.45  1.150960E-14
      5342.75  1.156561E-14
      5345.06  1.168697E-14
      5347.36  1.156147E-14
      5349.66  1.121887E-14
      5351.96  1.148037E-14
      5354.27  1.138936E-14
      5356.57  1.107890E-14
      5358.87  1.139651E-14
      5361.18  1.170715E-14
      5363.48  1.158169E-14
      5365.78  1.118255E-14
      5368.09  1.107223E-14
      5370.39  1.129102E-14
      5372.69  1.124711E-14
      5374.99  1.108254E-14
      5377.30  1.118706E-14
      5379.60  1.114523E-14
      5381.90  1.117857E-14
      5384.21  1.122582E-14
      5386.51  1.124614E-14
      5388.81  1.119009E-14
      5391.12  1.121463E-14
      5393.42  1.124900E-14
      5395.72  1.119410E-14
      5398.02  1.115092E-14
      5400.33  1.141591E-14
      5402.63  1.123804E-14
      5404.93  1.125927E-14
      5407.24  1.121171E-14
      5409.54  1.110603E-14
      5411.84  1.125022E-14
      5414.15  1.108471E-14
      5416.45  1.088842E-14
      5418.75  1.095153E-14
      5421.05  1.108960E-14
      5423.36  1.097382E-14
      5425.66  1.087982E-14
      5427.96  1.096399E-14
      5430.27  1.118713E-14
      5432.57  1.113620E-14
      5434.87  1.084857E-14
      5437.18  1.092094E-14
      5439.48  1.110005E-14
      5441.78  1.094075E-14
      5444.08  1.099670E-14
      5446.39  1.109678E-14
      5448.69  1.114493E-14
      5450.99  1.097667E-14
      5453.30  1.063394E-14
      5455.60  1.084038E-14
      5457.90  1.066635E-14
      5460.21  1.096867E-14
      5462.51  1.072679E-14
      5464.81  1.096216E-14
      5467.11  1.098429E-14
      5469.42  1.112197E-14
      5471.72  1.092972E-14
      5474.02  1.077515E-14
      5476.33  1.082274E-14
      5478.63  1.082367E-14
      5480.93  1.062210E-14
      5483.24  1.052856E-14
      5485.54  1.089612E-14
      5487.84  1.077303E-14
      5490.14  1.083802E-14
      5492.45  1.090348E-14
      5494.75  1.068868E-14
      5497.05  1.073927E-14
      5499.36  1.084932E-14
      5501.66  1.083551E-14
      5503.96  1.078432E-14
      5506.27  1.120153E-14
      5508.57  1.103968E-14
      5510.87  1.110664E-14
      5513.17  1.074458E-14
      5515.48  1.066447E-14
      5517.78  1.073242E-14
      5520.08  1.093806E-14
      5522.39  1.084401E-14
      5524.69  1.074848E-14
      5526.99  1.103324E-14
      5529.29  1.075621E-14
      5531.60  1.068067E-14
      5533.90  1.066581E-14
      5536.20  1.069250E-14
      5538.51  1.089790E-14
      5540.81  1.096159E-14
      5543.11  1.068296E-14
      5545.42  1.049599E-14
      5547.72  1.061771E-14
      5550.02  1.043169E-14
      5552.32  1.043900E-14
      5554.63  1.071579E-14
      5556.93  1.073307E-14
      5559.23  1.057548E-14
      5561.54  1.068108E-14
      5563.84  1.059483E-14
      5566.14  1.040309E-14
      5568.45  1.045975E-14
      5570.75  1.016830E-14
      5573.05  1.021904E-14
      5575.35  1.041864E-14
      5577.66  1.068900E-14
      5579.96  1.067639E-14
      5582.26  1.044451E-14
      5584.57  1.013347E-14
      5586.87  1.031240E-14
      5589.17  1.049495E-14
      5591.48  1.048788E-14
      5593.78  1.027817E-14
      5596.08  1.021384E-14
      5598.38  1.026877E-14
      5600.69  1.032378E-14
      5602.99  1.040582E-14
      5605.29  1.030760E-14
      5607.60  1.038756E-14
      5609.90  1.061772E-14
      5612.20  1.036183E-14
      5614.51  1.048792E-14
      5616.81  1.051280E-14
      5619.11  1.024801E-14
      5621.41  1.035256E-14
      5623.72  1.027097E-14
      5626.02  1.030866E-14
      5628.32  1.027176E-14
      5630.63  1.019333E-14
      5632.93  1.043578E-14
      5635.23  1.048322E-14
      5637.54  1.022156E-14
      5639.84  1.016725E-14
      5642.14  1.037767E-14
      5644.44  1.046115E-14
      5646.75  1.022901E-14
      5649.05  1.020372E-14
      5651.35  1.045055E-14
      5653.66  1.034613E-14
      5655.96  1.015899E-14
      5658.26  1.024889E-14
      5660.57  1.010610E-14
      5662.87  1.004073E-14
      5665.17  1.022276E-14
      5667.47  1.009194E-14
      5669.78  9.879268E-15
      5672.08  9.968569E-15
      5674.38  1.000488E-14
      5676.69  9.899836E-15
      5678.99  9.778931E-15
      5681.29  1.008066E-14
      5683.60  1.015351E-14
      5685.90  9.893402E-15
      5688.20  9.966352E-15
      5690.50  9.932169E-15
      5692.81  9.717555E-15
      5695.11  9.461643E-15
      5697.41  9.563605E-15
      5699.72  9.769275E-15
      5702.02  9.647300E-15
      5704.32  9.594696E-15
      5706.63  9.723766E-15
      5708.93  9.956203E-15
      5711.23  9.790789E-15
      5713.53  9.514945E-15
      5715.84  9.585731E-15
      5718.14  9.915195E-15
      5720.44  9.894936E-15
      5722.75  9.494299E-15
      5725.05  9.380218E-15
      5727.35  9.514038E-15
      5729.66  9.655221E-15
      5731.96  9.886541E-15
      5734.26  9.636077E-15
      5736.56  9.635940E-15
      5738.87  9.814580E-15
      5741.17  9.119740E-15
      5743.47  9.287254E-15
      5745.78  9.583971E-15
      5748.08  9.460422E-15
      5750.38  9.481807E-15
      5752.69  9.449718E-15
      5754.99  9.178823E-15
      5757.29  9.018804E-15
      5759.59  9.087514E-15
      5761.90  9.418803E-15
      5764.20  9.578998E-15
      5766.50  9.642717E-15
      5768.81  9.562080E-15
      5771.11  9.349795E-15
      5773.41  9.405896E-15
      5775.71  9.594677E-15
      5778.02  9.753284E-15
      5780.32  9.571066E-15
      5782.62  9.348508E-15
      5784.93  9.576644E-15
      5787.23  9.842648E-15
      5789.53  9.385413E-15
      5791.84  9.685269E-15
      5794.14  9.886817E-15
      5796.44  9.936783E-15
      5798.74  9.844308E-15
      5801.05  9.976440E-15
      5803.35  9.902655E-15
      5805.65  1.007379E-14
      5807.96  1.009891E-14
      5810.26  1.041479E-14
      5812.56  1.013260E-14
      5814.87  1.027265E-14
      5817.17  1.012211E-14
      5819.47  1.025225E-14
      5821.77  1.033529E-14
      5824.08  1.013784E-14
      5826.38  1.013728E-14
      5828.68  1.030567E-14
      5830.99  1.050522E-14
      5833.29  1.023032E-14
      5835.59  1.033467E-14
      5837.90  1.020006E-14
      5840.20  1.039640E-14
      5842.50  1.038894E-14
      5844.80  1.034798E-14
      5847.11  1.030522E-14
      5849.41  1.058406E-14
      5851.71  1.054155E-14
      5854.02  1.061700E-14
      5856.32  1.071424E-14
      5858.62  1.050959E-14
      5860.93  1.027108E-14
      5863.23  1.034780E-14
      5865.53  1.018628E-14
      5867.83  1.022358E-14
      5870.14  1.057207E-14
      5872.44  1.060958E-14
      5874.74  1.045130E-14
      5877.05  1.013338E-14
      5879.35  1.019191E-14
      5881.65  1.011691E-14
      5883.96  1.029053E-14
      5886.26  1.048290E-14
      5888.56  1.044939E-14
      5890.86  1.040944E-14
      5893.17  1.032667E-14
      5895.47  1.023633E-14
      5897.77  9.921350E-15
      5900.08  1.031862E-14
      5902.38  1.032856E-14
      5904.68  1.011527E-14
      5906.99  1.016711E-14
      5909.29  1.023465E-14
      5911.59  1.000977E-14
      5913.89  1.005314E-14
      5916.20  1.012818E-14
      5918.50  9.939601E-15
      5920.80  9.690458E-15
      5923.11  9.921851E-15
      5925.41  9.942082E-15
      5927.71  9.817916E-15
      5930.02  9.877780E-15
      5932.32  9.964412E-15
      5934.62  1.007325E-14
      5936.92  9.838150E-15
      5939.23  9.763141E-15
      5941.53  9.871423E-15
      5943.83  9.772519E-15
      5946.14  9.758776E-15
      5948.44  9.737924E-15
      5950.74  1.014533E-14
      5953.05  9.926902E-15
      5955.35  9.777823E-15
      5957.65  9.914493E-15
      5959.95  9.754374E-15
      5962.26  9.743167E-15
      5964.56  9.719209E-15
      5966.86  9.521928E-15
      5969.17  9.727582E-15
      5971.47  9.796869E-15
      5973.77  9.588298E-15
      5976.08  9.636570E-15
      5978.38  9.618719E-15
      5980.68  9.595246E-15
      5982.98  9.771719E-15
      5985.29  9.683613E-15
      5987.59  9.393389E-15
      5989.89  9.495483E-15
      5992.20  9.533557E-15
      5994.50  9.429853E-15
      5996.80  9.635261E-15
      5999.11  9.649578E-15
      6001.41  9.309984E-15
      6003.71  9.345791E-15
      6006.01  9.762779E-15
      6008.32  9.713322E-15
      6010.62  9.511790E-15
      6012.92  9.273179E-15
      6015.23  9.280083E-15
      6017.53  9.439765E-15
      6019.83  9.582573E-15
      6022.13  9.542334E-15
      6024.44  9.479252E-15
      6026.74  9.622948E-15
      6029.04  9.834822E-15
      6031.35  9.449134E-15
      6033.65  9.310295E-15
      6035.95  9.390386E-15
      6038.26  9.182838E-15
      6040.56  9.184119E-15
      6042.86  9.344318E-15
      6045.16  9.404945E-15
      6047.47  9.340061E-15
      6049.77  9.119271E-15
      6052.07  9.112181E-15
      6054.38  9.381519E-15
      6056.68  9.055047E-15
      6058.98  8.867729E-15
      6061.29  9.146356E-15
      6063.59  9.269755E-15
      6065.89  9.313184E-15
      6068.19  9.407100E-15
      6070.50  9.324122E-15
      6072.80  9.047539E-15
      6075.10  9.176277E-15
      6077.41  9.314393E-15
      6079.71  9.044181E-15
      6082.01  9.082467E-15
      6084.32  9.205675E-15
      6086.62  9.161852E-15
      6088.92  9.148439E-15
      6091.22  9.168891E-15
      6093.53  9.103428E-15
      6095.83  8.919658E-15
      6098.13  8.882116E-15
      6100.44  8.816768E-15
      6102.74  8.574016E-15
      6105.04  8.865673E-15
      6107.35  9.086349E-15
      6109.65  8.921514E-15
      6111.95  8.832753E-15
      6114.25  8.744045E-15
      6116.56  8.682099E-15
      6118.86  8.869694E-15
      6121.16  8.908511E-15
      6123.47  9.005784E-15
      6125.77  9.072788E-15
      6128.07  8.888488E-15
      6130.38  8.926631E-15
      6132.68  9.238725E-15
      6134.98  9.099677E-15
      6137.28  8.653798E-15
      6139.59  8.554350E-15
      6141.89  8.619026E-15
      6144.19  8.859487E-15
      6146.50  8.759469E-15
      6148.80  8.609696E-15
      6151.10  8.799136E-15
      6153.41  8.697855E-15
      6155.71  8.661098E-15
      6158.01  8.615990E-15
      6160.31  8.749963E-15
      6162.62  8.868486E-15
      6164.92  8.887469E-15
      6167.22  8.998266E-15
      6169.53  8.980995E-15
      6171.83  8.777551E-15
      6174.13  8.776365E-15
      6176.44  8.673830E-15
      6178.74  8.358388E-15
      6181.04  8.530758E-15
      6183.34  8.591811E-15
      6185.65  8.422965E-15
      6187.95  8.418865E-15
      6190.25  8.449866E-15
      6192.56  8.421060E-15
      6194.86  8.298644E-15
      6197.16  8.151051E-15
      6199.47  8.425198E-15
      6201.77  8.355218E-15
      6204.07  8.408836E-15
      6206.37  8.572378E-15
      6208.68  8.487298E-15
      6210.98  8.650944E-15
      6213.28  8.515709E-15
      6215.59  8.542066E-15
      6217.89  8.483863E-15
      6220.19  8.293057E-15
      6222.50  8.257715E-15
      6224.80  8.203448E-15
      6227.10  8.319197E-15
      6229.40  8.369973E-15
      6231.71  8.204975E-15
      6234.01  8.424999E-15
      6236.31  8.276407E-15
      6238.62  8.005881E-15
      6240.92  7.952487E-15
      6243.22  8.216430E-15
      6245.53  8.315613E-15
      6247.83  8.218185E-15
      6250.13  8.020121E-15
      6252.43  7.934269E-15
      6254.74  7.916967E-15
      6257.04  7.839486E-15
      6259.34  7.925849E-15
      6261.65  8.035670E-15
      6263.95  7.952777E-15
      6266.25  7.931306E-15
      6268.55  8.028074E-15
      6270.86  8.182093E-15
      6273.16  8.090005E-15
      6275.46  7.891319E-15
      6277.77  7.727982E-15
      6280.07  7.742227E-15
      6282.37  7.620687E-15
      6284.68  7.796718E-15
      6286.98  7.989862E-15
      6289.28  7.848966E-15
      6291.58  7.830496E-15
      6293.89  7.918751E-15
      6296.19  7.833062E-15
      6298.49  7.782252E-15
      6300.80  7.798425E-15
      6303.10  7.800043E-15
      6305.40  7.820249E-15
      6307.71  7.825697E-15
      6310.01  7.951453E-15
      6312.31  8.033941E-15
      6314.61  8.086553E-15
      6316.92  8.096829E-15
      6319.22  8.227359E-15
      6321.52  7.987029E-15
      6323.83  7.860251E-15
      6326.13  7.905653E-15
      6328.43  8.127188E-15
      6330.74  8.136316E-15
      6333.04  7.965758E-15
      6335.34  8.012796E-15
      6337.64  7.914484E-15
      6339.95  7.737877E-15
      6342.25  7.914119E-15
      6344.55  8.053664E-15
      6346.86  7.786692E-15
      6349.16  7.780585E-15
      6351.46  7.738462E-15
      6353.77  7.817294E-15
      6356.07  7.688520E-15
      6358.37  7.299096E-15
      6360.67  7.398058E-15
      6362.98  7.647080E-15
      6365.28  7.606392E-15
      6367.58  7.549536E-15
      6369.89  7.659612E-15
      6372.19  7.673763E-15
      6374.49  7.600350E-15
      6376.80  7.422786E-15
      6379.10  7.473118E-15
      6381.40  7.629737E-15
      6383.70  7.699794E-15
      6386.01  7.579361E-15
      6388.31  7.461366E-15
      6390.61  7.509500E-15
      6392.92  7.200382E-15
      6395.22  7.355762E-15
      6397.52  7.523604E-15
      6399.83  7.390238E-15
      6402.13  7.472923E-15
      6404.43  7.656326E-15
      6406.73  7.724895E-15
      6409.04  7.646459E-15
      6411.34  7.791044E-15
      6413.64  7.792094E-15
      6415.95  7.681979E-15
      6418.25  7.950571E-15
      6420.55  8.110966E-15
      6422.86  8.003068E-15
      6425.16  8.047308E-15
      6427.46  8.333391E-15
      6429.76  8.351070E-15
      6432.07  8.156032E-15
      6434.37  8.292856E-15
      6436.67  8.657599E-15
      6438.98  8.856715E-15
      6441.28  8.775382E-15
      6443.58  8.817618E-15
      6445.89  8.885104E-15
      6448.19  9.070407E-15
      6450.49  9.345326E-15
      6452.79  9.209609E-15
      6455.10  9.268633E-15
      6457.40  9.589551E-15
      6459.70  9.394845E-15
      6462.01  9.352078E-15
      6464.31  9.639808E-15
      6466.61  9.884526E-15
      6468.92  9.905214E-15
      6471.22  9.608072E-15
      6473.52  9.545750E-15
      6475.82  9.738051E-15
      6478.13  9.831379E-15
      6480.43  9.862147E-15
      6482.73  9.893546E-15
      6485.04  9.930355E-15
      6487.34  1.024938E-14
      6489.64  1.003349E-14
      6491.95  9.999098E-15
      6494.25  1.020877E-14
      6496.55  1.015569E-14
      6498.85  1.033630E-14
      6501.16  1.035132E-14
      6503.46  1.045101E-14
      6505.76  1.045470E-14
      6508.07  1.039255E-14
      6510.37  1.065271E-14
      6512.67  1.046367E-14
      6514.97  1.010710E-14
      6517.28  1.025676E-14
      6519.58  1.032419E-14
      6521.88  1.043242E-14
      6524.19  1.043620E-14
      6526.49  1.037159E-14
      6528.79  1.038079E-14
      6531.10  1.044074E-14
      6533.40  1.042893E-14
      6535.70  1.035362E-14
      6538.00  1.042973E-14
      6540.31  1.045231E-14
      6542.61  1.054171E-14
      6544.91  1.096603E-14
      6547.22  1.087508E-14
      6549.52  1.070780E-14
      6551.82  1.081212E-14
      6554.13  1.068905E-14
      6556.43  1.065233E-14
      6558.73  1.067519E-14
      6561.03  1.069458E-14
      6563.34  1.057896E-14
      6565.64  1.055136E-14
      6567.94  1.067576E-14
      6570.25  1.085908E-14
      6572.55  1.259576E-14
      6574.85  1.597569E-14
      6577.16  1.882008E-14
      6579.46  1.961568E-14
      6581.76  1.941183E-14
      6584.06  1.814593E-14
      6586.37  1.440031E-14
      6588.67  1.140541E-14
      6590.97  1.096570E-14
      6593.28  1.063532E-14
      6595.58  1.038418E-14
      6597.88  1.070952E-14
      6600.19  1.076710E-14
      6602.49  1.062893E-14
      6604.79  1.044016E-14
      6607.09  1.024272E-14
      6609.40  9.995042E-15
      6611.70  9.897705E-15
      6614.00  9.757524E-15
      6616.31  9.883054E-15
      6618.61  1.002186E-14
      6620.91  9.774311E-15
      6623.22  9.868174E-15
      6625.52  9.643761E-15
      6627.82  9.418966E-15
      6630.12  9.291773E-15
      6632.43  9.275432E-15
      6634.73  9.221897E-15
      6637.03  8.957329E-15
      6639.34  9.245910E-15
      6641.64  9.326947E-15
      6643.94  8.936543E-15
      6646.25  8.924029E-15
      6648.55  9.069346E-15
      6650.85  9.059978E-15
      6653.15  8.923325E-15
      6655.46  8.743721E-15
      6657.76  8.660103E-15
      6660.06  8.797609E-15
      6662.37  8.943448E-15
      6664.67  8.683209E-15
      6666.97  8.499068E-15
      6669.28  8.526278E-15
      6671.58  8.443937E-15
      6673.88  8.376854E-15
      6676.18  8.415143E-15
      6678.49  8.426278E-15
      6680.79  8.274815E-15
      6683.09  8.239362E-15
      6685.40  8.035275E-15
      6687.70  8.143952E-15
      6690.00  8.110832E-15
      6692.31  8.013438E-15
      6694.61  8.143025E-15
      6696.91  7.959088E-15
      6699.21  7.922668E-15
      6701.52  8.048728E-15
      6703.82  7.665327E-15
      6706.12  7.482057E-15
      6708.43  7.749666E-15
      6710.73  7.659960E-15
      6713.03  7.620971E-15
      6715.34  7.554130E-15
      6717.64  7.327127E-15
      6719.94  7.470398E-15
      6722.24  7.520922E-15
      6724.55  7.355174E-15
      6726.85  7.719278E-15
      6729.15  8.249328E-15
      6731.46  8.189954E-15
      6733.76  8.284019E-15
      6736.06  8.323536E-15
      6738.37  7.839460E-15
      6740.67  7.302363E-15
      6742.97  7.382067E-15
      6745.27  7.431431E-15
      6747.58  7.606875E-15
      6749.88  7.776292E-15
      6752.18  7.595093E-15
      6754.49  7.295149E-15
      6756.79  6.918808E-15
      6759.09  6.899016E-15
      6761.39  7.227248E-15
      6763.70  7.117579E-15
      6766.00  6.997161E-15
      6768.30  7.047940E-15
      6770.61  7.022975E-15
      6772.91  6.988472E-15
      6775.21  6.731952E-15
      6777.52  6.599210E-15
      6779.82  6.740424E-15
      6782.12  6.717565E-15
      6784.42  6.843240E-15
      6786.73  6.788872E-15
      6789.03  6.645063E-15
      6791.33  6.621037E-15
      6793.64  6.574768E-15
      6795.94  6.534626E-15
      6798.24  6.625190E-15
      6800.55  6.379072E-15
      6802.85  6.549045E-15
      6805.15  6.663496E-15
      6807.45  6.734032E-15
      6809.76  6.589453E-15
      6812.06  6.562659E-15
      6814.36  6.576490E-15
      6816.67  6.350643E-15
      6818.97  6.637147E-15
      6821.27  6.466048E-15
      6823.58  6.680856E-15
      6825.88  6.702708E-15
      6828.18  6.643826E-15
      6830.48  6.455215E-15
      6832.79  6.473331E-15
      6835.09  6.314395E-15
      6837.39  6.203352E-15
      6839.70  6.424024E-15
      6842.00  6.433672E-15
      6844.30  6.333091E-15
      6846.61  6.245536E-15
      6848.91  6.284445E-15
      6851.21  6.046400E-15
      6853.51  6.121299E-15
      6855.82  6.148567E-15
      6858.12  6.317369E-15
      6860.42  6.197308E-15
      6862.73  5.975283E-15
      6865.03  5.572072E-15
      6867.33  5.117967E-15
      6869.64  4.529922E-15
      6871.94  4.541733E-15
      6874.24  4.451569E-15
      6876.54  4.646063E-15
      6878.85  4.904472E-15
      6881.15  5.211577E-15
      6883.45  5.385156E-15
      6885.76  5.187334E-15
      6888.06  5.094231E-15
      6890.36  5.059039E-15
      6892.67  5.075345E-15
      6894.97  5.055674E-15
      6897.27  5.252618E-15
      6899.57  5.343300E-15
      6901.88  5.468904E-15
      6904.18  5.373869E-15
      6906.48  5.551419E-15
      6908.79  5.619043E-15
      6911.09  5.495158E-15
      6913.39  5.435237E-15
      6915.70  5.642037E-15
      6918.00  5.763277E-15
      6920.30  5.719768E-15
      6922.60  5.538114E-15
      6924.91  5.549410E-15
      6927.21  5.636424E-15
      6929.51  5.701422E-15
      6931.82  5.836396E-15
      6934.12  5.759690E-15
      6936.42  5.505878E-15
      6938.73  5.658289E-15
      6941.03  5.641669E-15
      6943.33  5.495816E-15
      6945.63  5.737034E-15
      6947.94  5.994388E-15
      6950.24  5.735938E-15
      6952.54  5.648348E-15
      6954.85  5.772009E-15
      6957.15  5.681751E-15
      6959.45  5.784493E-15
      6961.76  5.933625E-15
      6964.06  5.866926E-15
      6966.36  5.804965E-15
      6968.66  5.845166E-15
      6970.97  5.953693E-15
      6973.27  5.730582E-15
      6975.57  5.740605E-15
      6977.88  5.908407E-15
      6980.18  5.679702E-15
      6982.48  5.616332E-15
      6984.79  5.801917E-15
      6987.09  5.788086E-15
      6989.39  5.727431E-15
      6991.69  5.788101E-15
      6994.00  5.938985E-15
      6996.30  5.870390E-15
      6998.60  5.683047E-15
      7000.91  5.670110E-15
      7003.21  5.776476E-15
      7005.51  5.748491E-15
      7007.81  5.666956E-15
      7010.12  5.543854E-15
      7012.42  5.652241E-15
      7014.72  5.755184E-15
      7017.03  5.863596E-15
      7019.33  6.088628E-15
      7021.63  5.887620E-15
      7023.94  5.633060E-15
      7026.24  5.519065E-15
      7028.54  5.590705E-15
      7030.84  5.765746E-15
      7033.15  5.729482E-15
      7035.45  5.686027E-15
      7037.75  5.697218E-15
      7040.06  5.655265E-15
      7042.36  5.882436E-15
      7044.66  5.738770E-15
      7046.97  5.580524E-15
      7049.27  5.450597E-15
      7051.57  5.698284E-15
      7053.87  5.750056E-15
      7056.18  5.524510E-15
      7058.48  5.457680E-15
      7060.78  5.601931E-15
      7063.09  5.647132E-15
      7065.39  5.630034E-15
      7067.69  5.676424E-15
      7070.00  5.742447E-15
      7072.30  5.691881E-15
      7074.60  5.706389E-15
      7076.90  5.629044E-15
      7079.21  5.593929E-15
      7081.51  5.559970E-15
      7083.81  5.561019E-15
      7086.12  5.465527E-15
      7088.42  5.738995E-15
      7090.72  5.702899E-15
      7093.03  5.427583E-15
      7095.33  5.348106E-15
      7097.63  5.466266E-15
      7099.93  5.356199E-15
      7102.24  5.273205E-15
      7104.54  5.438679E-15
      7106.84  5.194760E-15
      7109.15  5.399833E-15
      7111.45  5.530415E-15
      7113.75  5.398140E-15
      7116.06  5.243436E-15
      7118.36  5.420555E-15
      7120.66  5.614982E-15
      7122.96  5.228833E-15
      7125.27  5.137839E-15
      7127.57  5.203291E-15
      7129.87  5.396873E-15
      7132.18  5.577510E-15
      7134.48  5.347081E-15
      7136.78  5.160932E-15
      7139.09  5.212941E-15
      7141.39  5.031590E-15
      7143.69  5.058720E-15
      7145.99  5.090940E-15
      7148.30  5.436721E-15
      7150.60  5.500154E-15
      7152.90  5.497942E-15
      7155.21  5.571858E-15
      7157.51  5.462775E-15
      7159.81  5.384410E-15
      7162.12  5.215456E-15
      7164.42  5.208955E-15
      7166.72  5.322613E-15
      7169.02  5.183472E-15
      7171.33  5.124167E-15
      7173.63  5.049417E-15
      7175.93  5.068177E-15
      7178.24  5.022380E-15
      7180.54  5.045311E-15
      7182.84  4.945359E-15
      7185.15  4.726699E-15
      7187.45  4.704549E-15
      7189.75  4.838898E-15
      7192.05  4.979194E-15
      7194.36  4.977498E-15
      7196.66  4.998011E-15
      7198.96  5.150712E-15
      7201.27  5.616543E-15
      7203.57  5.428097E-15
      7205.87  4.915350E-15
      7208.18  4.802637E-15
      7210.48  4.908095E-15
      7212.78  5.142218E-15
      7215.08  5.146902E-15
      7217.39  5.129639E-15
      7219.69  5.145111E-15
      7221.99  5.151969E-15
      7224.30  5.182974E-15
      7226.60  5.027963E-15
      7228.90  4.789365E-15
      7231.21  4.756293E-15
      7233.51  4.742681E-15
      7235.81  4.760924E-15
      7238.11  4.928024E-15
      7240.42  4.654883E-15
      7242.72  4.596363E-15
      7245.02  4.759138E-15
      7247.33  4.937635E-15
      7249.63  4.943741E-15
      7251.93  4.764836E-15
      7254.23  4.617474E-15
      7256.54  4.839372E-15
      7258.84  4.867333E-15
      7261.14  4.947971E-15
      7263.45  4.916863E-15
      7265.75  4.867385E-15
      7268.05  4.930066E-15
      7270.36  4.778900E-15
      7272.66  4.927364E-15
      7274.96  4.974028E-15
      7277.26  4.821293E-15
      7279.57  4.642958E-15
      7281.87  4.705035E-15
      7284.17  4.794294E-15
      7286.48  4.728053E-15
      7288.78  4.646073E-15
      7291.08  4.625550E-15
      7293.39  4.790911E-15
      7295.69  4.733455E-15
      7297.99  4.487548E-15
      7300.29  4.551173E-15
      7302.60  4.441464E-15
      7304.90  4.560542E-15
      7307.20  4.668488E-15
      7309.51  4.634086E-15
      7311.81  4.962366E-15
      7314.11  4.753813E-15
      7316.42  4.546374E-15
      7318.72  4.728052E-15
      7321.02  4.609500E-15
      7323.32  4.671751E-15
      7325.63  4.746729E-15
      7327.93  4.737855E-15
      7330.23  4.585596E-15
      7332.54  4.661410E-15
      7334.84  4.725205E-15
      7337.14  4.775825E-15
      7339.45  4.859270E-15
      7341.75  4.853138E-15
      7344.05  4.709781E-15
      7346.35  4.751070E-15
      7348.66  4.634717E-15
      7350.96  4.678178E-15
      7353.26  4.760534E-15
      7355.57  4.790727E-15
      7357.87  4.498304E-15
      7360.17  4.310684E-15
      7362.48  4.398180E-15
      7364.78  4.612228E-15
      7367.08  4.575370E-15
      7369.38  4.426316E-15
      7371.69  4.526909E-15
      7373.99  4.725324E-15
      7376.29  4.698394E-15
      7378.60  4.437235E-15
      7380.90  4.472832E-15
      7383.20  4.444099E-15
      7385.51  4.358458E-15
      7387.81  4.408401E-15
      7390.11  4.549602E-15
      7392.41  4.646858E-15
      7394.72  4.490147E-15
      7397.02  4.438920E-15
      7399.32  4.519536E-15
      7401.63  4.537471E-15
      7403.93  4.487309E-15
      7406.23  4.555203E-15
      7408.54  4.388271E-15
      7410.84  4.354404E-15
      7413.14  4.464719E-15
      7415.44  4.405193E-15
      7417.75  4.530216E-15
      7420.05  4.544192E-15
      7422.35  4.630409E-15
      7424.66  4.459174E-15
      7426.96  4.373857E-15
      7429.26  4.261014E-15
      7431.57  4.492190E-15
      7433.87  4.510168E-15
      7436.17  4.472439E-15
      7438.47  4.356451E-15
      7440.78  4.453813E-15
      7443.08  4.444454E-15
      7445.38  4.498011E-15
      7447.69  4.527259E-15
      7449.99  4.362792E-15
      7452.29  4.373204E-15
      7454.60  4.556423E-15
      7456.90  4.727003E-15
      7459.20  4.664892E-15
      7461.50  4.667352E-15
      7463.81  4.680757E-15
      7466.11  4.420836E-15
      7468.41  4.510931E-15
      7470.72  4.433437E-15
      7473.02  4.206891E-15
      7475.32  4.138086E-15
      7477.63  4.016475E-15
      7479.93  4.183030E-15
      7482.23  4.301843E-15
      7484.53  4.168535E-15
      7486.84  3.962060E-15
      7489.14  4.143795E-15
      7491.44  4.301847E-15
      7493.75  4.105411E-15
      7496.05  4.134134E-15
      7498.35  4.306815E-15
      7500.65  4.269996E-15
      7502.96  4.215935E-15
      7505.26  4.167306E-15
      7507.56  4.259809E-15
      7509.87  4.523134E-15
      7512.17  4.365862E-15
      7514.47  4.356107E-15
      7516.78  4.289484E-15
      7519.08  4.236649E-15
      7521.38  4.324729E-15
      7523.68  4.043189E-15
      7525.99  4.055307E-15
      7528.29  4.120833E-15
      7530.59  4.103004E-15
      7532.90  4.183201E-15
      7535.20  4.097825E-15
      7537.50  3.990171E-15
      7539.81  3.860687E-15
      7542.11  3.996527E-15
      7544.41  4.075876E-15
      7546.71  4.057129E-15
      7549.02  3.988211E-15
      7551.32  3.963966E-15
      7553.62  4.089988E-15
      7555.93  4.082751E-15
      7558.23  4.104394E-15
      7560.53  3.996124E-15
      7562.84  4.114648E-15
      7565.14  3.960572E-15
      7567.44  4.020591E-15
      7569.74  3.982702E-15
      7572.05  4.100445E-15
      7574.35  4.154433E-15
      7576.65  4.110331E-15
      7578.96  3.984570E-15
      7581.26  3.816944E-15
      7583.56  3.796159E-15
      7585.87  3.968180E-15
      7588.17  3.754772E-15
      7590.47  3.740910E-15
      7592.77  3.346976E-15
      7595.08  2.819108E-15
      7597.38  2.204368E-15
      7599.68  1.462911E-15
      7601.99  1.124246E-15
      7604.29  1.044578E-15
      7606.59  9.540040E-16
      7608.90  1.080713E-15
      7611.20  1.199334E-15
      7613.50  1.588884E-15
      7615.80  1.965937E-15
      7618.11  2.291064E-15
      7620.41  2.609086E-15
      7622.71  2.446129E-15
      7625.02  2.085734E-15
      7627.32  1.930613E-15
      7629.62  1.907548E-15
      7631.93  1.761483E-15
      7634.23  1.844083E-15
      7636.53  1.961868E-15
      7638.83  2.032485E-15
      7641.14  2.183529E-15
      7643.44  2.261626E-15
      7645.74  2.464794E-15
      7648.05  2.520258E-15
      7650.35  2.480089E-15
      7652.65  2.527355E-15
      7654.96  2.830410E-15
      7657.26  2.981598E-15
      7659.56  3.019143E-15
      7661.86  3.053289E-15
      7664.17  3.217791E-15
      7666.47  3.221931E-15
      7668.77  3.295456E-15
      7671.08  3.418241E-15
      7673.38  3.638067E-15
      7675.68  3.799379E-15
      7677.99  3.638726E-15
      7680.29  3.664288E-15
      7682.59  3.764055E-15
      7684.89  3.619304E-15
      7687.20  3.613937E-15
      7689.50  3.901483E-15
      7691.80  3.759707E-15
      7694.11  3.727182E-15
      7696.41  3.633289E-15
      7698.71  3.634969E-15
      7701.02  3.586732E-15
      7703.32  3.741306E-15
      7705.62  3.813782E-15
      7707.92  3.922320E-15
      7710.23  3.821282E-15
      7712.53  3.351554E-15
      7714.83  3.613822E-15
      7717.14  3.787948E-15
      7719.44  3.728071E-15
      7721.74  3.780092E-15
      7724.05  3.864471E-15
      7726.35  4.032089E-15
      7728.65  3.919359E-15
      7730.95  3.701435E-15
      7733.26  3.639092E-15
      7735.56  3.822994E-15
      7737.86  3.742042E-15
      7740.17  3.848110E-15
      7742.47  3.732406E-15
      7744.77  3.495743E-15
      7747.07  3.522037E-15
      7749.38  3.808186E-15
      7751.68  3.798968E-15
      7753.98  3.916799E-15
      7756.29  3.878054E-15
      7758.59  3.806463E-15
      7760.89  3.711211E-15
      7763.20  3.691924E-15
      7765.50  3.919017E-15
      7767.80  3.998603E-15
      7770.10  3.910387E-15
      7772.41  3.937060E-15
      7774.71  3.779701E-15
      7777.01  3.677118E-15
      7779.32  3.631337E-15
      7781.62  3.849927E-15
      7783.92  3.715130E-15
      7786.23  3.631877E-15
      7788.53  3.625830E-15
      7790.83  3.800233E-15
      7793.13  3.922078E-15
      7795.44  4.001893E-15
      7797.74  3.992884E-15
      7800.04  3.829502E-15
      7802.35  3.930094E-15
      7804.65  4.074331E-15
      7806.95  3.843891E-15
      7809.26  3.858354E-15
      7811.56  3.979049E-15
      7813.86  3.713647E-15
      7816.16  3.694971E-15
      7818.47  3.827543E-15
      7820.77  3.756174E-15
      7823.07  3.571575E-15
      7825.38  3.669365E-15
      7827.68  3.756843E-15
      7829.98  3.944825E-15
      7832.29  3.995179E-15
      7834.59  3.970351E-15
      7836.89  3.968804E-15
      7839.19  3.922842E-15
      7841.50  3.908518E-15
      7843.80  3.949358E-15
      7846.10  3.795990E-15
      7848.41  3.919783E-15
      7850.71  3.884470E-15
      7853.01  3.739030E-15
      7855.32  3.781864E-15
      7857.62  3.752275E-15
      7859.92  3.985043E-15
      7862.22  4.066467E-15
      7864.53  3.942582E-15
      7866.83  4.002345E-15
      7869.13  3.894088E-15
      7871.44  3.908977E-15
      7873.74  4.005722E-15
      7876.04  4.045197E-15
      7878.35  3.938994E-15
      7880.65  4.109702E-15
      7882.95  4.021571E-15
      7885.25  4.281983E-15
      7887.56  4.161196E-15
      7889.86  3.806428E-15
      7892.16  3.702559E-15
      7894.47  4.034027E-15
      7896.77  3.942680E-15
      7899.07  4.226625E-15
      7901.38  4.066009E-15
      7903.68  3.677166E-15
      7905.98  3.603577E-15
      7908.28  3.947884E-15
      7910.59  4.169972E-15
      7912.89  4.024834E-15
      7915.19  4.187171E-15
