      3808.43  3.654652E-17
      3812.95 -1.365983E-16
      3817.47  5.857159E-17
      3821.98  3.088250E-16
      3826.50  1.781783E-16
      3831.02  1.078945E-16
      3835.54 -5.406497E-17
      3840.05  4.624127E-17
      3844.57 -6.823108E-18
      3849.09 -4.720347E-18
      3853.60  3.498851E-17
      3858.12  2.371626E-16
      3862.64  1.856424E-16
      3867.15  4.389902E-17
      3871.67 -2.335673E-17
      3876.19  2.588391E-16
      3880.71  2.062035E-16
      3885.22  7.807391E-17
      3889.74 -7.313594E-17
      3894.26  4.464770E-17
      3898.77  9.808789E-17
      3903.29  1.746290E-16
      3907.81  5.098320E-17
      3912.32 -5.207099E-17
      3916.84  8.564726E-17
      3921.36  6.818167E-17
      3925.88  3.203128E-17
      3930.39 -1.252218E-17
      3934.91 -2.579911E-17
      3939.43  1.000838E-16
      3943.94  2.264438E-16
      3948.46  7.778977E-17
      3952.98  3.593718E-17
      3957.49  1.957902E-17
      3962.01  7.578919E-17
      3966.53  1.249760E-16
      3971.05  4.708615E-17
      3975.56  1.951499E-16
      3980.08  1.709741E-16
      3984.60  8.905339E-17
      3989.11  5.758651E-17
      3993.63  1.667656E-17
      3998.15  8.143655E-17
      4002.66  1.370682E-16
      4007.18  8.831079E-18
      4011.70  4.068016E-17
      4016.22  4.297303E-17
      4020.73  5.129646E-17
      4025.25  2.877914E-17
      4029.77  7.532417E-17
      4034.28  7.653014E-17
      4038.80  5.518664E-17
      4043.32  6.377145E-17
      4047.83  7.422855E-17
      4052.35  5.455464E-17
      4056.87 -2.266527E-17
      4061.39  1.156383E-17
      4065.90  2.393618E-17
      4070.42  8.185380E-18
      4074.94 -1.233696E-17
      4079.45  5.184905E-18
      4083.97  8.225418E-17
      4088.49  2.194576E-16
      4093.00  3.095606E-16
      4097.52  2.810143E-16
      4102.04  1.746779E-16
      4106.56  1.886008E-16
      4111.07  2.074380E-16
      4115.59  1.133039E-16
      4120.11  9.498504E-17
      4124.62  1.714393E-16
      4129.14  1.245284E-16
      4133.66  1.331939E-16
      4138.18  1.284829E-16
      4142.69  1.657870E-16
      4147.21  1.672070E-16
      4151.73  2.970862E-17
      4156.24  2.762096E-17
      4160.76  7.141800E-17
      4165.28  1.257122E-16
      4169.79  9.014052E-17
      4174.31  8.896572E-17
      4178.83  1.469882E-16
      4183.35  1.028372E-16
      4187.86  9.216421E-17
      4192.38  5.102080E-17
      4196.90  3.254142E-17
      4201.41  7.860637E-17
      4205.93  1.209127E-16
      4210.45  1.645662E-16
      4214.96  1.259336E-16
      4219.48  1.294784E-16
      4224.00  1.530207E-16
      4228.52  1.917273E-16
      4233.03  1.566631E-16
      4237.55  1.082301E-16
      4242.07  7.417141E-17
      4246.58  8.728896E-18
      4251.10  2.534620E-17
      4255.62  1.261054E-16
      4260.13  5.083069E-17
      4264.65  3.385472E-17
      4269.17  6.010750E-17
      4273.69  1.471496E-17
      4278.20  2.801121E-18
      4282.72  5.595788E-17
      4287.24  6.824755E-17
      4291.75  6.270112E-17
      4296.27 -1.162536E-17
      4300.79 -3.229389E-18
      4305.30  6.559903E-17
      4309.82  5.830489E-19
      4314.34  3.981702E-17
      4318.86  1.278371E-16
      4323.37  1.270768E-16
      4327.89  1.135514E-16
      4332.41  7.542215E-17
      4336.92  7.459842E-17
      4341.44  7.744507E-17
      4345.96  1.676159E-16
      4350.47  1.975233E-16
      4354.99  1.172949E-16
      4359.51  1.041364E-16
      4364.03  1.571228E-16
      4368.54  1.308569E-16
      4373.06  1.305898E-16
      4377.58  1.242400E-16
      4382.09  1.019859E-16
      4386.61  1.279450E-16
      4391.13  9.408182E-17
      4395.64  8.213606E-17
      4400.16  4.439918E-17
      4404.68  1.026507E-16
      4409.20  1.330845E-16
      4413.71  1.018095E-16
      4418.23  4.674478E-17
      4422.75  1.025767E-16
      4427.26  1.506096E-16
      4431.78  1.347943E-16
      4436.30  1.454402E-16
      4440.81  1.400028E-16
      4445.33  1.517921E-16
      4449.85  1.360241E-16
      4454.37  1.710726E-16
      4458.88  1.490013E-16
      4463.40  1.617912E-16
      4467.92  1.036240E-16
      4472.43  4.822616E-17
      4476.95  6.414332E-17
      4481.47  1.017425E-16
      4485.98  1.229526E-16
      4490.50  1.002123E-16
      4495.02  1.293468E-16
      4499.54  1.800116E-16
      4504.05  1.194169E-16
      4508.57  8.952932E-17
      4513.09  1.100843E-16
      4517.60  6.000661E-17
      4522.12  8.828577E-17
      4526.64  6.830337E-17
      4531.15  9.457264E-17
      4535.67  1.139090E-16
      4540.19  5.256205E-17
      4544.71  9.558535E-17
      4549.22  1.093277E-16
      4553.74  1.291110E-16
      4558.26  9.734231E-17
      4562.77  1.774977E-16
      4567.29  1.922518E-16
      4571.81  2.010076E-16
      4576.32  2.310756E-16
      4580.84  2.768676E-16
      4585.36  2.188727E-16
      4589.88  2.180196E-16
      4594.39  2.527355E-16
      4598.91  2.716117E-16
      4603.43  2.710819E-16
      4607.94  2.197063E-16
      4612.46  2.123340E-16
      4616.98  2.032876E-16
      4621.49  2.153415E-16
      4626.01  2.114445E-16
      4630.53  2.383253E-16
      4635.05  2.249528E-16
      4639.56  1.714466E-16
      4644.08  2.255615E-16
      4648.60  2.397112E-16
      4653.11  2.078143E-16
      4657.63  2.224352E-16
      4662.15  2.405845E-16
      4666.66  2.663869E-16
      4671.18  2.332707E-16
      4675.70  2.329210E-16
      4680.22  2.246245E-16
      4684.73  2.009969E-16
      4689.25  1.977630E-16
      4693.77  2.227818E-16
      4698.28  2.285039E-16
      4702.80  2.243420E-16
      4707.32  2.204930E-16
      4711.84  2.407089E-16
      4716.35  1.930783E-16
      4720.87  1.464889E-16
      4725.39  1.886085E-16
      4729.90  1.936136E-16
      4734.42  1.739533E-16
      4738.94  1.985427E-16
      4743.45  1.788623E-16
      4747.97  1.773417E-16
      4752.49  1.565061E-16
      4757.01  1.761552E-16
      4761.52  1.937876E-16
      4766.04  1.857949E-16
      4770.56  1.779477E-16
      4775.07  1.928749E-16
      4779.59  2.193879E-16
      4784.11  1.975638E-16
      4788.62  1.429659E-16
      4793.14  1.016199E-16
      4797.66  7.035308E-17
      4802.18  4.952078E-17
      4806.69  6.240501E-17
      4811.21  4.161297E-17
      4815.73  3.064531E-17
      4820.24  2.401368E-17
      4824.76  5.354342E-17
      4829.28  1.091771E-16
      4833.79  1.317608E-16
      4838.31  1.794916E-16
      4842.83  2.407761E-16
      4847.35  2.872641E-16
      4851.86  2.934844E-16
      4856.38  3.193434E-16
      4860.90  3.223518E-16
      4865.41  3.356159E-16
      4869.93  3.310958E-16
      4874.45  3.075801E-16
      4878.96  2.651794E-16
      4883.48  2.345288E-16
      4888.00  2.553325E-16
      4892.52  2.922268E-16
      4897.03  2.862991E-16
      4901.55  2.638554E-16
      4906.07  2.564533E-16
      4910.58  2.656208E-16
      4915.10  2.663551E-16
      4919.62  2.571162E-16
      4924.13  2.474868E-16
      4928.65  2.672794E-16
      4933.17  2.850586E-16
      4937.69  2.882347E-16
      4942.20  2.693808E-16
      4946.72  2.662270E-16
      4951.24  2.328310E-16
      4955.75  2.182459E-16
      4960.27  2.064407E-16
      4964.79  1.820956E-16
      4969.30  2.043142E-16
      4973.82  1.862495E-16
      4978.34  1.552740E-16
      4982.86  1.474521E-16
      4987.37  1.528249E-16
      4991.89  1.609153E-16
      4996.41  1.987784E-16
      5000.92  2.010163E-16
      5005.44  2.078532E-16
      5009.96  2.961953E-16
      5014.47  3.155735E-16
      5018.99  3.123826E-16
      5023.51  2.981196E-16
      5028.03  2.604852E-16
      5032.54  2.702271E-16
      5037.06  2.477812E-16
      5041.58  2.572573E-16
      5046.09  2.838088E-16
      5050.61  2.848615E-16
      5055.13  2.795923E-16
      5059.64  2.680555E-16
      5064.16  2.380507E-16
      5068.68  2.339530E-16
      5073.20  2.565631E-16
      5077.71  2.493232E-16
      5082.23  2.093367E-16
      5086.75  2.175914E-16
      5091.26  2.272876E-16
      5095.78  1.877837E-16
      5100.30  1.730370E-16
      5104.81  1.591371E-16
      5109.33  1.759113E-16
      5113.85  1.522062E-16
      5118.37  1.460137E-16
      5122.88  1.338587E-16
      5127.40  1.303419E-16
      5131.92  1.245554E-16
      5136.43  1.260975E-16
      5140.95  1.353297E-16
      5145.47  1.203530E-16
      5149.98  1.106838E-16
      5154.50  1.157517E-16
      5159.02  1.268150E-16
      5163.54  1.460919E-16
      5168.05  1.679766E-16
      5172.57  1.863030E-16
      5177.09  1.995683E-16
      5181.60  1.957775E-16
      5186.12  2.128630E-16
      5190.64  1.948747E-16
      5195.15  1.907863E-16
      5199.67  2.268694E-16
      5204.19  2.473961E-16
      5208.71  2.597773E-16
      5213.22  2.850461E-16
      5217.74  2.822412E-16
      5222.26  2.809949E-16
      5226.77  2.722427E-16
      5231.29  2.615460E-16
      5235.81  2.448855E-16
      5240.32  2.086644E-16
      5244.84  2.118816E-16
      5249.36  2.621817E-16
      5253.88  2.558312E-16
      5258.39  2.414165E-16
      5262.91  2.415306E-16
      5267.43  2.383904E-16
      5271.94  2.407162E-16
      5276.46  2.323279E-16
      5280.98  2.379773E-16
      5285.50  2.525739E-16
      5290.01  2.496457E-16
      5294.53  2.638890E-16
      5299.05  2.665405E-16
      5303.56  2.491264E-16
      5308.08  2.141368E-16
      5312.60  2.299609E-16
      5317.11  2.289803E-16
      5321.63  2.350337E-16
      5326.15  2.556300E-16
      5330.67  2.655093E-16
      5335.18  2.603158E-16
      5339.70  2.669942E-16
      5344.22  2.471767E-16
      5348.73  2.624361E-16
      5353.25  2.738837E-16
      5357.77  2.702745E-16
      5362.28  2.453790E-16
      5366.80  2.478787E-16
      5371.32  2.558483E-16
      5375.84  2.307836E-16
      5380.35  2.158854E-16
      5384.87  1.992803E-16
      5389.39  2.028682E-16
      5393.90  2.142587E-16
      5398.42  2.440456E-16
      5402.94  2.568447E-16
      5407.45  2.592426E-16
      5411.97  2.362664E-16
      5416.49  2.403900E-16
      5421.01  2.655127E-16
      5425.52  2.434406E-16
      5430.04  2.391042E-16
      5434.56  2.628755E-16
      5439.07  2.584838E-16
      5443.59  2.481312E-16
      5448.11  2.521048E-16
      5452.62  2.800469E-16
      5457.14  2.941425E-16
      5461.66  2.865463E-16
      5466.18  2.599874E-16
      5470.69  2.643345E-16
      5475.21  2.688028E-16
      5479.73  2.765063E-16
      5484.24  2.441090E-16
      5488.76  2.387965E-16
      5493.28  2.383554E-16
      5497.79  2.468689E-16
      5502.31  2.668752E-16
      5506.83  2.964402E-16
      5511.35  2.814597E-16
      5515.86  2.695890E-16
      5520.38  2.814097E-16
      5524.90  2.986654E-16
      5529.41  3.006292E-16
      5533.93  2.880891E-16
      5538.45  2.966259E-16
      5542.96  3.024464E-16
      5547.48  2.837935E-16
      5552.00  2.784324E-16
      5556.52  2.698873E-16
      5561.03  2.671257E-16
      5565.55  2.993405E-16
      5570.07  3.013097E-16
      5574.58  2.841518E-16
      5579.10  2.729949E-16
      5583.62  2.641382E-16
      5588.13  2.497149E-16
      5592.65  2.498634E-16
      5597.17  2.370965E-16
      5601.69  2.158087E-16
      5606.20  2.224124E-16
      5610.72  2.344231E-16
      5615.24  2.300652E-16
      5619.75  2.336376E-16
      5624.27  2.365844E-16
      5628.79  2.451051E-16
      5633.30  2.209855E-16
      5637.82  2.046205E-16
      5642.34  2.232691E-16
      5646.86  2.415003E-16
      5651.37  2.455669E-16
      5655.89  2.392265E-16
      5660.41  2.356473E-16
      5664.92  2.262803E-16
      5669.44  2.302728E-16
      5673.96  2.329336E-16
      5678.47  2.289071E-16
      5682.99  2.166001E-16
      5687.51  2.396506E-16
      5692.03  2.344141E-16
      5696.54  2.437307E-16
      5701.06  2.522321E-16
      5705.58  2.351501E-16
      5710.09  2.496983E-16
      5714.61  2.552185E-16
      5719.13  2.639048E-16
      5723.64  2.668221E-16
      5728.16  2.780825E-16
      5732.68  2.821183E-16
      5737.20  2.529829E-16
      5741.71  2.468589E-16
      5746.23  2.562785E-16
      5750.75  2.687692E-16
      5755.26  2.411265E-16
      5759.78  2.238774E-16
      5764.30  2.331334E-16
      5768.81  2.303090E-16
      5773.33  2.208066E-16
      5777.85  2.152771E-16
      5782.37  2.173938E-16
      5786.88  1.972745E-16
      5791.40  2.069892E-16
      5795.92  2.012249E-16
      5800.43  1.664872E-16
      5804.95  1.665888E-16
      5809.47  1.501219E-16
      5813.98  1.229552E-16
      5818.50  1.030059E-16
      5823.02  5.742780E-17
      5827.54  3.542042E-17
      5832.05  3.838160E-17
      5836.57  5.152758E-17
      5841.09  7.264116E-17
      5845.60  5.386366E-17
      5850.12  5.238453E-17
      5854.64  9.749396E-17
      5859.16  1.320999E-16
      5863.67  1.736780E-16
      5868.19  2.268828E-16
      5872.71  2.627523E-16
      5877.22  2.935662E-16
      5881.74  3.000335E-16
      5886.26  3.229558E-16
      5890.77  3.833372E-16
      5895.29  4.253528E-16
      5899.81  4.496404E-16
      5904.33  4.536146E-16
      5908.84  4.752969E-16
      5913.36  4.783807E-16
      5917.88  4.617197E-16
      5922.39  4.548025E-16
      5926.91  4.288483E-16
      5931.43  4.130519E-16
      5935.94  4.251389E-16
      5940.46  3.982063E-16
      5944.98  3.680766E-16
      5949.50  3.601955E-16
      5954.01  3.367794E-16
      5958.53  3.523691E-16
      5963.05  3.666027E-16
      5967.56  3.244218E-16
      5972.08  2.957762E-16
      5976.60  2.938477E-16
      5981.11  3.007278E-16
      5985.63  2.975485E-16
      5990.15  2.793800E-16
      5994.67  2.842671E-16
      5999.18  2.937813E-16
      6003.70  2.771983E-16
      6008.22  2.629029E-16
      6012.73  2.533287E-16
      6017.25  2.436867E-16
      6021.77  2.580819E-16
      6026.28  2.535483E-16
      6030.80  2.576771E-16
      6035.32  2.748314E-16
      6039.84  2.594497E-16
      6044.35  2.453540E-16
      6048.87  2.379755E-16
      6053.39  2.368351E-16
      6057.90  2.376207E-16
      6062.42  2.455022E-16
      6066.94  2.381493E-16
      6071.45  2.258875E-16
      6075.97  2.387547E-16
      6080.49  2.154976E-16
      6085.01  2.203183E-16
      6089.52  2.194521E-16
      6094.04  2.160617E-16
      6098.56  2.365306E-16
      6103.07  2.473167E-16
      6107.59  2.291365E-16
      6112.11  2.409772E-16
      6116.62  2.566654E-16
      6121.14  2.412863E-16
      6125.66  2.460206E-16
      6130.18  2.325271E-16
      6134.69  2.336218E-16
      6139.21  2.513946E-16
      6143.73  2.688228E-16
      6148.24  2.696371E-16
      6152.76  2.828870E-16
      6157.28  3.026180E-16
      6161.79  3.282805E-16
      6166.31  3.404383E-16
      6170.83  3.352859E-16
      6175.35  3.331771E-16
      6179.86  3.259166E-16
      6184.38  3.266742E-16
      6188.90  3.073414E-16
      6193.41  2.704891E-16
      6197.93  2.603312E-16
      6202.45  2.736654E-16
      6206.96  2.740580E-16
      6211.48  2.618673E-16
      6216.00  2.667963E-16
      6220.52  2.665843E-16
      6225.03  2.614459E-16
      6229.55  2.518289E-16
      6234.07  2.479828E-16
      6238.58  2.660412E-16
      6243.10  2.673519E-16
      6247.62  2.792498E-16
      6252.13  2.968589E-16
      6256.65  2.924940E-16
      6261.17  3.110317E-16
      6265.69  3.396025E-16
      6270.20  3.280890E-16
      6274.72  3.375699E-16
      6279.24  3.319433E-16
      6283.75  3.518588E-16
      6288.27  3.599513E-16
      6292.79  3.410088E-16
      6297.30  3.483314E-16
      6301.82  3.212402E-16
      6306.34  3.051835E-16
      6310.86  3.241750E-16
      6315.37  3.413877E-16
      6319.89  3.241899E-16
      6324.41  3.238783E-16
      6328.92  3.254753E-16
      6333.44  3.451379E-16
      6337.96  3.681177E-16
      6342.47  3.746975E-16
      6346.99  3.559648E-16
      6351.51  3.479743E-16
      6356.03  3.425410E-16
      6360.54  3.236944E-16
      6365.06  3.116169E-16
      6369.58  3.116480E-16
      6374.09  3.033155E-16
      6378.61  2.924888E-16
      6383.13  2.870847E-16
      6387.64  2.944056E-16
      6392.16  2.879490E-16
      6396.68  2.645666E-16
      6401.20  2.639537E-16
      6405.71  2.414441E-16
      6410.23  2.129053E-16
      6414.75  2.100515E-16
      6419.26  2.105002E-16
      6423.78  2.177900E-16
      6428.30  2.159465E-16
      6432.82  2.135093E-16
      6437.33  1.961858E-16
      6441.85  1.786250E-16
      6446.37  1.653203E-16
      6450.88  1.616642E-16
      6455.40  1.324942E-16
      6459.92  1.387729E-16
      6464.43  1.246429E-16
      6468.95  1.143356E-16
      6473.47  1.024923E-16
      6477.99  9.355231E-17
      6482.50  1.049766E-16
      6487.02  1.123753E-16
      6491.54  1.362058E-16
      6496.05  1.718295E-16
      6500.57  2.287915E-16
      6505.09  3.402230E-16
      6509.60  4.749724E-16
      6514.12  6.557959E-16
      6518.64  9.101015E-16
      6523.16  1.215472E-15
      6527.67  1.536435E-15
      6532.19  1.825030E-15
      6536.71  2.037022E-15
      6541.22  2.121544E-15
      6545.74  2.094122E-15
      6550.26  2.029839E-15
      6554.77  1.959965E-15
      6559.29  1.859955E-15
      6563.81  1.728810E-15
      6568.33  1.640147E-15
      6572.84  1.584474E-15
      6577.36  1.506165E-15
      6581.88  1.418379E-15
      6586.39  1.399637E-15
      6590.91  1.403398E-15
      6595.43  1.440616E-15
      6599.94  1.488769E-15
      6604.46  1.494850E-15
      6608.98  1.480395E-15
      6613.50  1.424514E-15
      6618.01  1.287591E-15
      6622.53  1.142655E-15
      6627.05  1.001344E-15
      6631.56  8.627456E-16
      6636.08  7.461476E-16
      6640.60  6.692808E-16
      6645.11  5.795051E-16
      6649.63  5.190453E-16
      6654.15  4.783748E-16
      6658.67  4.417675E-16
      6663.18  4.057612E-16
      6667.70  3.835711E-16
      6672.22  3.667567E-16
      6676.73  3.601093E-16
      6681.25  3.539563E-16
      6685.77  3.304133E-16
      6690.28  3.084444E-16
      6694.80  2.853802E-16
      6699.32  2.709972E-16
      6703.84  2.674305E-16
      6708.35  2.756839E-16
      6712.87  2.976417E-16
      6717.39  2.838434E-16
      6721.90  2.822884E-16
      6726.42  2.863326E-16
      6730.94  2.840915E-16
      6735.45  2.734205E-16
      6739.97  2.561699E-16
      6744.49  2.476477E-16
      6749.01  2.496522E-16
      6753.52  2.478461E-16
      6758.04  2.500889E-16
      6762.56  2.411326E-16
      6767.07  2.383148E-16
      6771.59  2.425334E-16
      6776.11  2.359665E-16
      6780.62  2.346127E-16
      6785.14  2.442676E-16
      6789.66  2.363277E-16
      6794.18  2.486218E-16
      6798.69  2.403149E-16
      6803.21  2.275828E-16
      6807.73  2.323848E-16
      6812.24  2.371762E-16
      6816.76  2.399168E-16
      6821.28  2.393164E-16
      6825.79  2.322372E-16
      6830.31  2.245718E-16
      6834.83  2.245436E-16
      6839.35  2.231940E-16
      6843.86  2.243717E-16
      6848.38  2.196371E-16
      6852.90  2.406785E-16
      6857.41  2.319589E-16
      6861.93  2.193538E-16
      6866.45  2.254808E-16
      6870.96  2.235936E-16
      6875.48  2.140756E-16
      6880.00  2.278145E-16
      6884.52  2.302213E-16
      6889.03  2.324643E-16
      6893.55  2.158268E-16
      6898.07  2.261278E-16
      6902.58  2.427156E-16
      6907.10  2.297582E-16
      6911.62  2.274795E-16
      6916.13  2.317785E-16
      6920.65  2.224016E-16
      6925.17  2.221094E-16
      6929.69  2.168205E-16
      6934.20  2.017968E-16
      6938.72  2.048797E-16
      6943.24  2.203454E-16
      6947.75  2.139647E-16
      6952.27  2.090915E-16
      6956.79  2.243681E-16
      6961.30  2.301841E-16
      6965.82  2.276102E-16
      6970.34  2.183786E-16
      6974.86  2.224167E-16
      6979.37  2.270303E-16
      6983.89  2.386773E-16
      6988.41  2.256732E-16
      6992.92  2.198225E-16
      6997.44  2.245909E-16
      7001.96  2.145847E-16
      7006.48  2.152552E-16
      7010.99  2.300168E-16
      7015.51  2.364857E-16
      7020.03  2.407203E-16
      7024.54  2.339025E-16
      7029.06  2.422956E-16
      7033.58  2.600623E-16
      7038.09  2.490048E-16
      7042.61  2.507922E-16
      7047.13  2.573136E-16
      7051.65  2.577883E-16
      7056.16  2.482973E-16
      7060.68  2.536977E-16
      7065.20  2.680378E-16
      7069.71  2.538994E-16
      7074.23  2.474597E-16
      7078.75  2.587535E-16
      7083.26  2.550130E-16
      7087.78  2.484819E-16
      7092.30  2.553338E-16
      7096.82  2.604057E-16
      7101.33  2.645305E-16
      7105.85  2.690186E-16
      7110.37  2.543614E-16
      7114.88  2.676252E-16
      7119.40  2.769853E-16
      7123.92  2.820704E-16
      7128.43  2.780981E-16
      7132.95  2.765746E-16
      7137.47  2.578613E-16
      7141.99  2.587391E-16
      7146.50  2.564007E-16
      7151.02  2.480343E-16
      7155.54  2.547219E-16
      7160.05  2.543613E-16
      7164.57  2.365734E-16
      7169.09  2.334641E-16
      7173.60  2.516088E-16
      7178.12  2.487797E-16
      7182.64  2.396614E-16
      7187.16  2.594938E-16
      7191.67  2.746317E-16
      7196.19  2.573109E-16
      7200.71  2.403518E-16
      7205.22  2.518227E-16
      7209.74  2.603650E-16
      7214.26  2.597961E-16
      7218.77  2.590057E-16
      7223.29  2.617476E-16
      7227.81  2.584874E-16
      7232.33  2.715766E-16
      7236.84  2.867432E-16
      7241.36  3.186885E-16
      7245.88  3.497607E-16
      7250.39  4.130556E-16
      7254.91  4.400122E-16
      7259.43  4.419823E-16
      7263.94  4.750647E-16
      7268.46  4.934243E-16
      7272.98  4.754594E-16
      7277.50  4.822935E-16
      7282.01  4.908039E-16
      7286.53  5.052342E-16
      7291.05  5.205767E-16
      7295.56  5.328891E-16
      7300.08  5.328620E-16
      7304.60  5.108301E-16
      7309.11  4.755321E-16
      7313.63  4.294985E-16
      7318.15  4.198228E-16
      7322.67  4.288186E-16
      7327.18  4.488950E-16
      7331.70  4.718657E-16
      7336.22  4.889750E-16
      7340.73  4.646547E-16
      7345.25  4.487351E-16
      7349.77  4.121487E-16
      7354.28  3.853572E-16
      7358.80  3.907457E-16
      7363.32  3.852171E-16
      7367.84  3.709671E-16
      7372.35  3.565888E-16
      7376.87  3.539851E-16
      7381.39  3.368919E-16
      7385.90  3.051012E-16
      7390.42  2.954442E-16
      7394.94  2.838763E-16
      7399.45  2.772161E-16
      7403.97  2.790557E-16
      7408.49  2.774977E-16
      7413.01  2.781059E-16
      7417.52  2.821970E-16
      7422.04  2.829662E-16
      7426.56  2.686470E-16
      7431.07  2.619702E-16
      7435.59  2.638660E-16
      7440.11  2.582046E-16
      7444.62  2.623673E-16
      7449.14  2.628657E-16
      7453.66  2.581070E-16
      7458.18  2.459158E-16
      7462.69  2.452464E-16
      7467.21  2.428782E-16
      7471.73  2.429453E-16
      7476.24  2.434762E-16
      7480.76  2.501262E-16
      7485.28  2.531267E-16
      7489.79  2.517570E-16
      7494.31  2.645141E-16
      7498.83  2.582328E-16
      7503.35  2.602718E-16
      7507.86  2.672728E-16
      7512.38  2.594733E-16
      7516.90  2.549096E-16
      7521.41  2.453431E-16
      7525.93  2.413475E-16
      7530.45  2.461816E-16
      7534.96  2.376394E-16
      7539.48  2.329515E-16
      7544.00  2.272701E-16
      7548.52  2.175771E-16
      7553.03  2.161639E-16
      7557.55  2.120593E-16
      7562.07  2.031281E-16
      7566.58  1.921225E-16
      7571.10  1.821859E-16
      7575.62  1.803445E-16
      7580.14  1.679139E-16
      7584.65  1.373376E-16
      7589.17  1.337734E-16
      7593.69  1.233128E-16
      7598.20  9.782960E-17
      7602.72  8.936236E-17
      7607.24  8.100016E-17
      7611.75  8.988055E-17
      7616.27  9.276154E-17
      7620.79  9.498961E-17
      7625.31  8.419729E-17
      7629.82  8.189930E-17
      7634.34  1.055342E-16
      7638.86  1.117624E-16
      7643.37  1.101108E-16
      7647.89  1.260014E-16
      7652.41  1.503175E-16
      7656.92  1.526117E-16
      7661.44  1.534698E-16
      7665.96  1.796282E-16
      7670.48  2.029692E-16
      7674.99  2.283473E-16
      7679.51  2.710259E-16
      7684.03  3.036992E-16
      7688.54  3.211347E-16
      7693.06  3.270585E-16
      7697.58  3.413162E-16
      7702.09  3.574485E-16
      7706.61  3.607202E-16
      7711.13  3.689307E-16
      7715.65  3.475869E-16
      7720.16  3.184343E-16
      7724.68  3.086352E-16
      7729.20  2.970511E-16
      7733.71  2.831723E-16
      7738.23  2.878411E-16
      7742.75  2.885265E-16
      7747.26  2.896482E-16
      7751.78  2.922271E-16
      7756.30  2.780097E-16
      7760.82  2.727359E-16
      7765.33  2.541871E-16
      7769.85  2.453115E-16
      7774.37  2.400976E-16
      7778.88  2.449923E-16
      7783.40  2.687734E-16
      7787.92  2.662224E-16
      7792.43  2.418879E-16
      7796.95  2.333774E-16
      7801.47  2.462867E-16
      7805.99  2.410139E-16
      7810.50  2.365967E-16
      7815.02  2.387930E-16
      7819.54  2.531433E-16
      7824.05  2.502372E-16
      7828.57  2.511273E-16
      7833.09  2.442117E-16
      7837.60  2.312698E-16
      7842.12  2.268608E-16
      7846.64  2.275336E-16
      7851.16  2.334805E-16
      7855.67  2.247532E-16
      7860.19  2.120154E-16
      7864.71  2.156589E-16
      7869.22  2.179528E-16
      7873.74  2.179106E-16
      7878.26  2.058877E-16
      7882.77  2.051634E-16
      7887.29  2.188518E-16
      7891.81  2.152695E-16
      7896.33  1.994175E-16
      7900.84  1.922978E-16
      7905.36  1.948038E-16
      7909.88  1.988495E-16
      7914.39  2.087807E-16
      7918.91  2.366605E-16
      7923.43  2.349324E-16
      7927.94  2.249619E-16
      7932.46  2.157528E-16
      7936.98  2.009412E-16
      7941.50  2.002638E-16
      7946.01  2.097538E-16
      7950.53  2.210819E-16
      7955.05  2.245216E-16
      7959.56  2.260527E-16
      7964.08  2.301946E-16
      7968.60  2.255105E-16
      7973.11  2.267607E-16
      7977.63  2.215470E-16
      7982.15  2.021217E-16
      7986.67  2.126846E-16
      7991.18  2.398753E-16
      7995.70  2.505103E-16
      8000.22  2.234143E-16
      8004.73  2.180469E-16
      8009.25  2.248884E-16
      8013.77  2.271972E-16
      8018.28  2.251003E-16
      8022.80  2.398944E-16
      8027.32  2.465722E-16
      8031.84  2.559450E-16
      8036.35  2.500202E-16
      8040.87  2.393889E-16
      8045.39  2.174044E-16
      8049.90  2.270016E-16
      8054.42  2.331031E-16
      8058.94  2.351668E-16
      8063.45  2.465284E-16
      8067.97  2.257147E-16
      8072.49  2.102296E-16
      8077.01  2.349888E-16
      8081.52  2.488050E-16
      8086.04  2.445982E-16
      8090.56  2.426693E-16
      8095.07  2.334076E-16
      8099.59  2.427405E-16
      8104.11  2.555794E-16
      8108.62  2.460465E-16
      8113.14  2.378911E-16
      8117.66  2.303048E-16
      8122.18  2.152709E-16
      8126.69  2.243884E-16
      8131.21  2.218909E-16
      8135.73  2.203302E-16
      8140.24  2.201435E-16
      8144.76  2.071324E-16
      8149.28  2.109491E-16
      8153.80  2.170559E-16
      8158.31  1.933384E-16
      8162.83  1.704434E-16
      8167.35  1.780423E-16
      8171.86  1.668518E-16
      8176.38  1.741297E-16
      8180.90  2.069267E-16
      8185.41  1.983736E-16
      8189.93  1.880016E-16
      8194.45  2.043135E-16
      8198.97  2.233851E-16
      8203.48  2.385092E-16
      8208.00  2.349052E-16
      8212.52  2.354035E-16
      8217.03  2.331082E-16
      8221.55  2.294568E-16
      8226.07  2.356518E-16
      8230.58  2.256610E-16
      8235.10  2.139194E-16
      8239.62  2.362395E-16
      8244.14  2.400045E-16
      8248.65  2.345108E-16
      8253.17  2.251308E-16
      8257.69  2.189771E-16
      8262.20  2.334420E-16
      8266.72  2.366696E-16
      8271.24  2.111055E-16
      8275.75  2.136312E-16
      8280.27  2.010303E-16
      8284.79  1.905847E-16
      8289.31  2.179063E-16
      8293.82  2.136984E-16
      8298.34  2.031113E-16
      8302.86  2.171362E-16
      8307.37  2.140739E-16
      8311.89  2.195048E-16
      8316.41  2.239098E-16
      8320.92  2.182319E-16
      8325.44  2.286258E-16
      8329.96  2.128325E-16
      8334.48  2.130055E-16
      8338.99  2.328014E-16
      8343.51  2.422631E-16
      8348.03  2.669564E-16
      8352.54  2.549924E-16
      8357.06  2.475943E-16
      8361.58  2.161769E-16
      8366.09  2.392193E-16
      8370.61  2.361786E-16
      8375.13  2.112477E-16
      8379.65  1.898851E-16
      8384.16  1.858976E-16
      8388.68  1.955648E-16
      8393.20  2.246634E-16
      8397.71  2.385052E-16
      8402.23  2.289428E-16
      8406.75  2.260928E-16
      8411.26  2.238256E-16
      8415.78  2.025063E-16
      8420.30  1.887050E-16
      8424.82  1.900038E-16
      8429.33  1.910416E-16
      8433.85  1.753435E-16
      8438.37  1.622818E-16
      8442.88  1.721009E-16
      8447.40  1.993922E-16
      8451.92  1.928930E-16
      8456.43  2.250249E-16
      8460.95  2.745952E-16
      8465.47  2.745186E-16
      8469.99  3.045281E-16
      8474.50  3.185280E-16
      8479.02  3.363883E-16
      8483.54  3.879420E-16
      8488.05  4.725108E-16
      8492.57  5.537738E-16
      8497.09  6.342925E-16
      8501.60  7.349783E-16
      8506.12  8.310216E-16
      8510.64  8.841672E-16
      8515.16  9.202653E-16
      8519.67  9.124189E-16
      8524.19  9.119808E-16
      8528.71  9.027186E-16
      8533.22  8.386067E-16
      8537.74  7.983653E-16
      8542.26  7.513654E-16
      8546.77  7.005375E-16
      8551.29  6.683296E-16
      8555.81  6.396654E-16
      8560.33  6.264034E-16
      8564.84  5.854508E-16
      8569.36  5.406074E-16
      8573.88  4.870714E-16
      8578.39  4.363048E-16
      8582.91  4.153978E-16
      8587.43  3.889360E-16
      8591.94  3.407943E-16
      8596.46  3.273765E-16
      8600.98  3.508610E-16
      8605.50  3.747354E-16
      8610.01  4.078502E-16
      8614.53  4.766435E-16
      8619.05  5.401324E-16
      8623.56  5.865566E-16
      8628.08  6.042436E-16
      8632.60  5.940964E-16
      8637.11  6.086054E-16
      8641.63  6.285823E-16
      8646.15  6.236431E-16
      8650.67  6.171885E-16
      8655.18  6.087814E-16
      8659.70  6.123454E-16
      8664.22  6.301630E-16
      8668.73  6.416944E-16
      8673.25  6.510572E-16
      8677.77  6.471560E-16
      8682.28  6.546371E-16
      8686.80  6.561588E-16
      8691.32  6.521572E-16
      8695.84  6.231556E-16
      8700.35  6.156473E-16
      8704.87  6.414815E-16
      8709.39  6.504733E-16
      8713.90  6.434107E-16
      8718.42  6.331619E-16
      8722.94  6.001462E-16
      8727.46  6.021106E-16
      8731.97  5.773058E-16
      8736.49  5.307126E-16
      8741.01  5.089699E-16
      8745.52  4.753035E-16
      8750.04  4.489458E-16
      8754.56  3.930239E-16
      8759.07  3.470284E-16
      8763.59  3.326489E-16
      8768.11  3.296345E-16
      8772.63  3.429051E-16
      8777.14  3.369085E-16
      8781.66  3.180549E-16
      8786.18  2.872034E-16
      8790.69  2.377796E-16
      8795.21  2.318463E-16
      8799.73  2.533314E-16
      8804.24  2.490336E-16
      8808.76  2.290546E-16
      8813.28  2.330064E-16
      8817.80  2.437106E-16
      8822.31  2.524260E-16
      8826.83  2.453817E-16
      8831.35  2.596898E-16
      8835.86  2.585591E-16
      8840.38  2.569504E-16
      8844.90  2.640881E-16
      8849.41  2.641156E-16
      8853.93  2.713035E-16
      8858.45  2.515320E-16
      8862.97  2.379351E-16
      8867.48  2.377752E-16
      8872.00  2.386706E-16
      8876.52  2.515382E-16
      8881.03  2.413125E-16
      8885.55  2.294569E-16
      8890.07  2.143481E-16
      8894.58  1.963206E-16
      8899.10  1.972559E-16
      8903.62  2.040939E-16
      8908.14  1.889698E-16
      8912.65  1.618330E-16
      8917.17  1.793332E-16
      8921.69  2.122188E-16
      8926.20  2.136868E-16
      8930.72  2.075158E-16
      8935.24  1.867761E-16
      8939.75  1.893150E-16
      8944.27  1.844603E-16
      8948.79  1.631100E-16
      8953.31  1.701802E-16
      8957.82  1.857846E-16
      8962.34  1.726339E-16
      8966.86  1.650102E-16
      8971.37  1.736134E-16
      8975.89  1.493962E-16
      8980.41  1.550754E-16
      8984.92  1.776062E-16
      8989.44  1.839791E-16
      8993.96  1.761019E-16
      8998.48  1.718894E-16
      9002.99  1.527308E-16
      9007.51  1.731175E-16
      9012.03  1.763205E-16
      9016.54  1.701071E-16
      9021.06  1.568276E-16
      9025.58  1.652656E-16
      9030.09  1.840150E-16
      9034.61  2.146778E-16
      9039.13  2.206538E-16
      9043.65  2.045514E-16
      9048.16  1.736073E-16
      9052.68  1.778377E-16
      9057.20  1.924655E-16
      9061.71  1.843331E-16
      9066.23  1.879837E-16
      9070.75  1.952609E-16
      9075.26  2.102053E-16
      9079.78  2.329370E-16
      9084.30  2.294544E-16
      9088.82  2.214470E-16
      9093.33  2.245412E-16
      9097.85  2.094526E-16
      9102.37  2.369836E-16
      9106.88  2.310891E-16
      9111.40  2.047249E-16
      9115.92  2.408616E-16
      9120.43  2.495645E-16
      9124.95  2.484055E-16
      9129.47  2.382625E-16
      9133.99  2.241208E-16
      9138.50  2.332196E-16
      9143.02  2.265724E-16
      9147.54  2.211376E-16
      9152.05  2.248402E-16
      9156.57  2.269031E-16
      9161.09  2.147052E-16
      9165.60  1.878895E-16
      9170.12  1.825515E-16
      9174.64  1.851876E-16
      9179.16  1.551993E-16
      9183.67  1.426063E-16
      9188.19  1.603595E-16
      9192.71  1.785309E-16
      9197.22  1.707214E-16
      9201.74  1.732960E-16
      9206.26  2.024286E-16
      9210.77  2.042485E-16
      9215.29  1.900745E-16
      9219.81  1.890455E-16
      9224.33  2.185452E-16
      9228.84  2.271094E-16
      9233.36  1.869055E-16
      9237.88  1.637368E-16
      9242.39  1.926882E-16
      9246.91  2.108254E-16
      9251.43  2.087840E-16
      9255.94  2.252411E-16
      9260.46  2.328116E-16
      9264.98  2.195609E-16
      9269.50  2.349850E-16
      9274.01  2.191155E-16
      9278.53  2.032210E-16
      9283.05  2.276931E-16
      9287.56  2.450136E-16
      9292.08  2.419423E-16
      9296.60  2.157309E-16
      9301.12  1.946798E-16
      9305.63  1.609077E-16
      9310.15  2.055356E-16
      9314.67  2.214345E-16
      9319.18  1.750766E-16
      9323.70  1.159478E-16
      9328.22  1.324477E-16
      9332.73  1.477623E-16
      9337.25  1.578995E-16
      9341.77  1.706034E-16
      9346.29  1.874235E-16
      9350.80  1.761208E-16
      9355.32  1.847473E-16
      9359.84  2.054659E-16
      9364.35  1.779373E-16
      9368.87  1.570648E-16
      9373.39  1.684663E-16
      9377.90  1.963387E-16
      9382.42  1.974069E-16
      9386.94  1.763522E-16
      9391.46  1.827148E-16
      9395.97  1.508667E-16
      9400.49  1.036365E-16
      9405.01  1.582180E-16
      9409.52  2.347587E-16
      9414.04  2.172229E-16
      9418.56  1.817973E-16
      9423.07  2.078252E-16
      9427.59  2.166591E-16
      9432.11  1.356248E-16
      9436.63  1.756341E-16
      9441.14  2.427929E-16
      9445.66  2.041664E-16
      9450.18  1.756149E-16
      9454.69  1.664172E-16
      9459.21  1.317746E-16
      9463.73  1.545509E-16
      9468.24  1.756228E-16
      9472.76  1.551176E-16
      9477.28  1.857570E-16
      9481.80  1.576403E-16
      9486.31  1.718893E-16
      9490.83  1.052307E-16
      9495.35  9.960170E-17
      9499.86  1.358484E-16
      9504.38  1.703161E-16
      9508.90  1.727032E-16
      9513.41  1.329278E-16
      9517.93  9.922236E-17
      9522.45  8.920654E-17
      9526.97  7.533033E-17
      9531.48  1.102045E-16
      9536.00  1.683194E-16
      9540.52  1.897401E-16
      9545.03  1.482422E-16
      9549.55  1.929050E-16
      9554.07  1.619907E-16
      9558.58  1.189805E-16
      9563.10  2.064934E-16
      9567.62  2.350530E-16
      9572.14  1.647373E-16
      9576.65  1.704264E-16
      9581.17  2.193130E-16
      9585.69  1.984830E-16
      9590.20  1.712120E-16
      9594.72  1.359240E-16
      9599.24  1.320106E-16
      9603.75  1.842921E-16
      9608.27  1.936299E-16
      9612.79  1.635539E-16
      9617.31  1.561561E-16
      9621.82  1.542847E-16
      9626.34  1.690422E-16
      9630.86  1.782777E-16
      9635.37  1.646496E-16
      9639.89  1.677202E-16
      9644.41  1.410711E-16
      9648.92  1.353287E-16
      9653.44  1.593380E-16
      9657.96  1.465452E-16
      9662.48  1.444194E-16
      9666.99  2.172312E-16
      9671.51  2.093762E-16
      9676.03  2.266231E-16
      9680.54  1.662772E-16
      9685.06  1.439469E-16
      9689.58  1.467286E-16
      9694.09  1.630346E-16
      9698.61  1.620117E-16
      9703.13  1.115206E-16
      9707.65  6.401948E-17
      9712.16  7.650903E-17
      9716.68  1.494586E-16
      9721.20  1.296448E-16
      9725.71  1.923795E-16
      9730.23  1.785410E-16
      9734.75  1.365579E-16
      9739.26  9.190362E-17
      9743.78  6.058816E-17
      9748.30  7.173614E-17
      9752.82  1.253577E-16
      9757.33  1.635695E-16
      9761.85  1.957725E-16
      9766.37  1.749051E-16
      9770.88  1.640271E-16
      9775.40  1.115404E-16
      9779.92  1.021634E-16
      9784.43  9.658573E-17
      9788.95  1.191364E-16
      9793.47  2.247880E-16
      9797.99  1.948645E-16
      9802.50  1.155810E-16
      9807.02  1.277754E-16
      9811.54  1.731429E-16
      9816.05  1.925422E-16
      9820.57  1.659216E-16
      9825.09  2.192559E-16
      9829.60  1.751546E-16
      9834.12  6.959464E-17
      9838.64  9.269989E-17
      9843.16  1.743445E-16
      9847.67  1.981278E-16
      9852.19  1.715018E-16
      9856.71  1.971736E-16
      9861.22  2.056827E-16
      9865.74  1.923723E-16
      9870.26  1.758993E-16
      9874.78  2.097411E-16
      9879.29  1.969446E-16
      9883.81  1.599573E-16
      9888.33  2.339389E-16
      9892.84  2.383054E-16
      9897.36  2.147381E-16
      9901.88  1.103226E-16
      9906.39  1.904752E-16
      9910.91  2.527886E-16
      9915.43  1.892109E-16
      9919.95  1.181298E-16
      9924.46  1.158850E-16
      9928.98  1.158448E-16
      9933.50  9.422126E-17
      9938.01  1.492285E-16
      9942.53  2.414423E-16
      9947.05  2.118762E-16
      9951.56  1.439625E-16
      9956.08  1.478706E-16
      9960.60  1.621759E-16
      9965.12  9.142087E-17
      9969.63  1.659188E-16
      9974.15  9.429090E-17
      9978.67  5.024051E-17
      9983.18  2.632730E-17
      9987.70  3.722097E-17
      9992.22  1.575984E-16
      9996.73  1.448383E-16
