      3406.22  1.603124E+02
      3409.10  7.288072E+01
      3411.99  4.097678E+01
      3414.87  1.137342E+02
      3417.76  1.356069E+02
      3420.64  1.323796E+02
      3423.53  6.691776E+01
      3426.41  2.832547E+01
      3429.30  3.237400E+01
      3432.18  7.562230E+01
      3435.07  1.287480E+02
      3437.95  1.313036E+02
      3440.84  1.043775E+02
      3443.72  3.780328E+01
      3446.60  2.030020E+01
      3449.49  2.952747E+01
      3452.37  1.293841E+02
      3455.26  1.612237E+02
      3458.14  1.152418E+02
      3461.03  1.177271E+02
      3463.91  1.286946E+02
      3466.80  1.256412E+02
      3469.68  1.117237E+02
      3472.57  8.721256E+01
      3475.45  1.400543E+02
      3478.34  1.822000E+02
      3481.22  1.279609E+02
      3484.11  1.229417E+02
      3486.99  1.588129E+02
      3489.88  1.909196E+02
      3492.76  1.896014E+02
      3495.65  8.357821E+01
      3498.53  3.983525E+01
      3501.42  4.006809E+01
      3504.30  1.395831E+02
      3507.19  2.274197E+02
      3510.07  2.666844E+02
      3512.96  2.456005E+02
      3515.84  1.884693E+02
      3518.73  2.335557E+02
      3521.61  2.434603E+02
      3524.50  1.722541E+02
      3527.38  1.352759E+02
      3530.27  1.150831E+02
      3533.15  6.491267E+01
      3536.04  2.824107E+01
      3538.92  1.564648E+01
      3541.80  6.063112E+01
      3544.69  1.279490E+02
      3547.57  1.653511E+02
      3550.46  1.863216E+02
      3553.34  1.825580E+02
      3556.23  1.518129E+02
      3559.11  1.138699E+02
      3562.00  9.554868E+01
      3564.88  7.722697E+01
      3567.77  5.890460E+01
      3570.65  1.040617E+02
      3573.54  1.627320E+02
      3576.42  1.964930E+02
      3579.31  2.247570E+02
      3582.19  2.470416E+02
      3585.08  2.477624E+02
      3587.96  2.419377E+02
      3590.85  2.265452E+02
      3593.73  2.327992E+02
      3596.62  2.591220E+02
      3599.50  2.466798E+02
      3602.39  2.253851E+02
      3605.27  1.935805E+02
      3608.16  1.734083E+02
      3611.04  1.624196E+02
      3613.93  2.222666E+02
      3616.81  2.622113E+02
      3619.70  2.211703E+02
      3622.58  2.427659E+02
      3625.47  3.063391E+02
      3628.35  2.740212E+02
      3631.24  2.316451E+02
      3634.12  1.783162E+02
      3637.00  1.831898E+02
      3639.89  2.209942E+02
      3642.77  2.496860E+02
      3645.66  2.629250E+02
      3648.54  2.453363E+02
      3651.43  2.401462E+02
      3654.31  2.409502E+02
      3657.20  2.464335E+02
      3660.08  2.476263E+02
      3662.97  2.415710E+02
      3665.85  2.286315E+02
      3668.74  2.159504E+02
      3671.62  2.456988E+02
      3674.51  2.687485E+02
      3677.39  2.822287E+02
      3680.28  2.137497E+02
      3683.16  2.066338E+02
      3686.05  2.022086E+02
      3688.93  1.966549E+02
      3691.82  1.945268E+02
      3694.70  1.968290E+02
      3697.59  2.072674E+02
      3700.47  1.947939E+02
      3703.36  2.105823E+02
      3706.24  2.171995E+02
      3709.13  2.328248E+02
      3712.01  2.301570E+02
      3714.90  2.207301E+02
      3717.78  2.253498E+02
      3720.67  2.301417E+02
      3723.55  2.288225E+02
      3726.44  2.349425E+02
      3729.32  2.536554E+02
      3732.20  2.665788E+02
      3735.09  2.819723E+02
      3737.97  2.857725E+02
      3740.86  2.729079E+02
      3743.74  2.444665E+02
      3746.63  2.383135E+02
      3749.51  2.461472E+02
      3752.40  2.546755E+02
      3755.28  2.588797E+02
      3758.17  2.489407E+02
      3761.05  2.525129E+02
      3763.94  2.456138E+02
      3766.82  2.582687E+02
      3769.71  2.571637E+02
      3772.59  2.406540E+02
      3775.48  2.361191E+02
      3778.36  2.231483E+02
      3781.25  2.223474E+02
      3784.13  2.110242E+02
      3787.02  2.100849E+02
      3789.90  2.136499E+02
      3792.79  2.204397E+02
      3795.67  2.196011E+02
      3798.56  2.147376E+02
      3801.44  2.132530E+02
      3804.33  2.086819E+02
      3807.21  1.964318E+02
      3810.10  2.001851E+02
      3812.98  2.070428E+02
      3815.87  2.111244E+02
      3818.75  2.077820E+02
      3821.64  2.049148E+02
      3824.52  2.055715E+02
      3827.40  2.053768E+02
      3830.29  2.082517E+02
      3833.17  2.083130E+02
      3836.06  2.026131E+02
      3838.94  2.067556E+02
      3841.83  2.088152E+02
      3844.71  2.123241E+02
      3847.60  2.118872E+02
      3850.48  2.078771E+02
      3853.37  2.032872E+02
      3856.25  2.002303E+02
      3859.14  1.962527E+02
      3862.02  1.943152E+02
      3864.91  1.947661E+02
      3867.79  1.976380E+02
      3870.68  1.980533E+02
      3873.56  1.993409E+02
      3876.45  1.981600E+02
      3879.33  1.934485E+02
      3882.22  1.936758E+02
      3885.10  1.938339E+02
      3887.99  1.955278E+02
      3890.87  1.985167E+02
      3893.76  2.007204E+02
      3896.64  2.021772E+02
      3899.53  1.985410E+02
      3902.41  1.928298E+02
      3905.30  1.943731E+02
      3908.18  1.998602E+02
      3911.07  2.027605E+02
      3913.95  2.118490E+02
      3916.84  2.169699E+02
      3919.72  2.172907E+02
      3922.60  2.157792E+02
      3925.49  2.187530E+02
      3928.37  2.207648E+02
      3931.26  2.201222E+02
      3934.14  2.197394E+02
      3937.03  2.258916E+02
      3939.91  2.246471E+02
      3942.80  2.288355E+02
      3945.68  2.300107E+02
      3948.57  2.324714E+02
      3951.45  2.366667E+02
      3954.34  2.415384E+02
      3957.22  2.430668E+02
      3960.11  2.371152E+02
      3962.99  2.376690E+02
      3965.88  2.339495E+02
      3968.76  2.354134E+02
      3971.65  2.335051E+02
      3974.53  2.324433E+02
      3977.42  2.330967E+02
      3980.30  2.307786E+02
      3983.19  2.329974E+02
      3986.07  2.229717E+02
      3988.96  2.220255E+02
      3991.84  2.180481E+02
      3994.73  2.153051E+02
      3997.61  2.105175E+02
      4000.50  2.110581E+02
      4003.38  2.065741E+02
      4006.27  2.045888E+02
      4009.15  1.999367E+02
      4012.04  1.949230E+02
      4014.92  1.952149E+02
      4017.80  1.967360E+02
      4020.69  1.952890E+02
      4023.57  1.916937E+02
      4026.46  1.900624E+02
      4029.34  1.885464E+02
      4032.23  1.873507E+02
      4035.11  1.871878E+02
      4038.00  1.864240E+02
      4040.88  1.894884E+02
      4043.77  1.903643E+02
      4046.65  1.942537E+02
      4049.54  1.971240E+02
      4052.42  2.006873E+02
      4055.31  2.026415E+02
      4058.19  2.061258E+02
      4061.08  2.110047E+02
      4063.96  2.125794E+02
      4066.85  2.092154E+02
      4069.73  2.050069E+02
      4072.62  2.052571E+02
      4075.50  2.075954E+02
      4078.39  2.079658E+02
      4081.27  2.106491E+02
      4084.16  2.129303E+02
      4087.04  2.137801E+02
      4089.93  2.127153E+02
      4092.81  2.117628E+02
      4095.70  2.186070E+02
      4098.58  2.187979E+02
      4101.47  2.168561E+02
      4104.35  2.158199E+02
      4107.24  2.156397E+02
      4110.12  2.185716E+02
      4113.00  2.181326E+02
      4115.89  2.195496E+02
      4118.77  2.197038E+02
      4121.66  2.237848E+02
      4124.54  2.223294E+02
      4127.43  2.211093E+02
      4130.31  2.162480E+02
      4133.20  2.159908E+02
      4136.08  2.150356E+02
      4138.97  2.138890E+02
      4141.85  2.124180E+02
      4144.74  2.124014E+02
      4147.62  2.089992E+02
      4150.51  2.046481E+02
      4153.39  2.075158E+02
      4156.28  2.088003E+02
      4159.16  2.117363E+02
      4162.05  2.070279E+02
      4164.93  2.039508E+02
      4167.82  2.030270E+02
      4170.70  2.001641E+02
      4173.59  1.991124E+02
      4176.47  1.962009E+02
      4179.36  1.930024E+02
      4182.24  1.930784E+02
      4185.13  1.922899E+02
      4188.01  1.929738E+02
      4190.90  1.915594E+02
      4193.78  1.870270E+02
      4196.67  1.809257E+02
      4199.55  1.785567E+02
      4202.44  1.779338E+02
      4205.32  1.799429E+02
      4208.20  1.780173E+02
      4211.09  1.774096E+02
      4213.97  1.739257E+02
      4216.86  1.708947E+02
      4219.74  1.683563E+02
      4222.63  1.664411E+02
      4225.51  1.616995E+02
      4228.40  1.588529E+02
      4231.28  1.572328E+02
      4234.17  1.548939E+02
      4237.05  1.533448E+02
      4239.94  1.518433E+02
      4242.82  1.496168E+02
      4245.71  1.498716E+02
      4248.59  1.493815E+02
      4251.48  1.490114E+02
      4254.36  1.504819E+02
      4257.25  1.517256E+02
      4260.13  1.510606E+02
      4263.02  1.541489E+02
      4265.90  1.561312E+02
      4268.79  1.597154E+02
      4271.67  1.628164E+02
      4274.56  1.666251E+02
      4277.44  1.701045E+02
      4280.33  1.757673E+02
      4283.21  1.805093E+02
      4286.10  1.829035E+02
      4288.98  1.843971E+02
      4291.87  1.880408E+02
      4294.75  1.905484E+02
      4297.64  1.940532E+02
      4300.52  1.959505E+02
      4303.40  1.981054E+02
      4306.29  1.974091E+02
      4309.17  1.976596E+02
      4312.06  2.008000E+02
      4314.94  2.016198E+02
      4317.83  2.037487E+02
      4320.71  2.040363E+02
      4323.60  2.045371E+02
      4326.48  2.056361E+02
      4329.37  2.057417E+02
      4332.25  2.060990E+02
      4335.14  2.049611E+02
      4338.02  2.030005E+02
      4340.91  2.030777E+02
      4343.79  2.022134E+02
      4346.68  2.028177E+02
      4349.56  2.070550E+02
      4352.45  2.074324E+02
      4355.33  2.037338E+02
      4358.22  2.043862E+02
      4361.10  2.024270E+02
      4363.99  1.984747E+02
      4366.87  1.969382E+02
      4369.76  1.953623E+02
      4372.64  1.945279E+02
      4375.53  1.915942E+02
      4378.41  1.885491E+02
      4381.30  1.866069E+02
      4384.18  1.853294E+02
      4387.07  1.854661E+02
      4389.95  1.809072E+02
      4392.84  1.770381E+02
      4395.72  1.756875E+02
      4398.60  1.734292E+02
      4401.49  1.726827E+02
      4404.37  1.700128E+02
      4407.26  1.700706E+02
      4410.14  1.669577E+02
      4413.03  1.655036E+02
      4415.91  1.631818E+02
      4418.80  1.622596E+02
      4421.68  1.634881E+02
      4424.57  1.629238E+02
      4427.45  1.609316E+02
      4430.34  1.596605E+02
      4433.22  1.592567E+02
      4436.11  1.600211E+02
      4438.99  1.584832E+02
      4441.88  1.585006E+02
      4444.76  1.594268E+02
      4447.65  1.582113E+02
      4450.53  1.579606E+02
      4453.42  1.563715E+02
      4456.30  1.576237E+02
      4459.19  1.565350E+02
      4462.07  1.587000E+02
      4464.96  1.576316E+02
      4467.84  1.576386E+02
      4470.73  1.572311E+02
      4473.61  1.572492E+02
      4476.50  1.564267E+02
      4479.38  1.553586E+02
      4482.27  1.573494E+02
      4485.15  1.583591E+02
      4488.04  1.560973E+02
      4490.92  1.553136E+02
      4493.80  1.557133E+02
      4496.69  1.547033E+02
      4499.57  1.553085E+02
      4502.46  1.543455E+02
      4505.34  1.559238E+02
      4508.23  1.571153E+02
      4511.11  1.590113E+02
      4514.00  1.589038E+02
      4516.88  1.579862E+02
      4519.77  1.579427E+02
      4522.65  1.589000E+02
      4525.54  1.582934E+02
      4528.42  1.586579E+02
      4531.31  1.585078E+02
      4534.19  1.584274E+02
      4537.08  1.587074E+02
      4539.96  1.596279E+02
      4542.85  1.598928E+02
      4545.73  1.590669E+02
      4548.62  1.587921E+02
      4551.50  1.589449E+02
      4554.39  1.597762E+02
      4557.27  1.606969E+02
      4560.16  1.608103E+02
      4563.04  1.611158E+02
      4565.93  1.606665E+02
      4568.81  1.603219E+02
      4571.70  1.581016E+02
      4574.58  1.559297E+02
      4577.47  1.554031E+02
      4580.35  1.552969E+02
      4583.24  1.539361E+02
      4586.12  1.554713E+02
      4589.00  1.571315E+02
      4591.89  1.559833E+02
      4594.77  1.557470E+02
      4597.66  1.549381E+02
      4600.54  1.535484E+02
      4603.43  1.530576E+02
      4606.31  1.520438E+02
      4609.20  1.534173E+02
      4612.08  1.532880E+02
      4614.97  1.544373E+02
      4617.85  1.539891E+02
      4620.74  1.528028E+02
      4623.62  1.515273E+02
      4626.51  1.529505E+02
      4629.39  1.527895E+02
      4632.28  1.534863E+02
      4635.16  1.536080E+02
      4638.05  1.527704E+02
      4640.93  1.516666E+02
      4643.82  1.534605E+02
      4646.70  1.514570E+02
      4649.59  1.508575E+02
      4652.47  1.512568E+02
      4655.36  1.512036E+02
      4658.24  1.503970E+02
      4661.13  1.492074E+02
      4664.01  1.487419E+02
      4666.90  1.495334E+02
      4669.78  1.492774E+02
      4672.67  1.478628E+02
      4675.55  1.464447E+02
      4678.44  1.453262E+02
      4681.32  1.458898E+02
      4684.20  1.459127E+02
      4687.09  1.462900E+02
      4689.97  1.450724E+02
      4692.86  1.434178E+02
      4695.74  1.432289E+02
      4698.63  1.398917E+02
      4701.51  1.395997E+02
      4704.40  1.380730E+02
      4707.28  1.380432E+02
      4710.17  1.382614E+02
      4713.05  1.361718E+02
      4715.94  1.357196E+02
      4718.82  1.327160E+02
      4721.71  1.302257E+02
      4724.59  1.292716E+02
      4727.48  1.284271E+02
      4730.36  1.268943E+02
      4733.25  1.242811E+02
      4736.13  1.223119E+02
      4739.02  1.212460E+02
      4741.90  1.195785E+02
      4744.79  1.182381E+02
      4747.67  1.161359E+02
      4750.56  1.147471E+02
      4753.44  1.142288E+02
      4756.33  1.137234E+02
      4759.21  1.140736E+02
      4762.10  1.151889E+02
      4764.98  1.172702E+02
      4767.87  1.193618E+02
      4770.75  1.208327E+02
      4773.64  1.235895E+02
      4776.52  1.280182E+02
      4779.41  1.302190E+02
      4782.29  1.346875E+02
      4785.17  1.384266E+02
      4788.06  1.430644E+02
      4790.94  1.468366E+02
      4793.83  1.509119E+02
      4796.71  1.536567E+02
      4799.60  1.571968E+02
      4802.48  1.603466E+02
      4805.37  1.617235E+02
      4808.25  1.656759E+02
      4811.14  1.671116E+02
      4814.02  1.688072E+02
      4816.91  1.706401E+02
      4819.79  1.727508E+02
      4822.68  1.746552E+02
      4825.56  1.763874E+02
      4828.45  1.785675E+02
      4831.33  1.788450E+02
      4834.22  1.808452E+02
      4837.10  1.848931E+02
      4839.99  1.856266E+02
      4842.87  1.869402E+02
      4845.76  1.871138E+02
      4848.64  1.875171E+02
      4851.53  1.894797E+02
      4854.41  1.885356E+02
      4857.30  1.879624E+02
      4860.18  1.898230E+02
      4863.07  1.897023E+02
      4865.95  1.904009E+02
      4868.84  1.925613E+02
      4871.72  1.994135E+02
      4874.61  1.961483E+02
      4877.49  1.887004E+02
      4880.37  1.845523E+02
      4883.26  1.840333E+02
      4886.14  1.828354E+02
      4889.03  1.808261E+02
      4891.91  1.779558E+02
      4894.80  1.751543E+02
      4897.68  1.730228E+02
      4900.57  1.720309E+02
      4903.45  1.700641E+02
      4906.34  1.676681E+02
      4909.22  1.647306E+02
      4912.11  1.621531E+02
      4914.99  1.599051E+02
      4917.88  1.599998E+02
      4920.76  1.586573E+02
      4923.65  1.576785E+02
      4926.53  1.555517E+02
      4929.42  1.537360E+02
      4932.30  1.530663E+02
      4935.19  1.525809E+02
      4938.07  1.515610E+02
      4940.96  1.507595E+02
      4943.84  1.505653E+02
      4946.73  1.499514E+02
      4949.61  1.494490E+02
      4952.50  1.480670E+02
      4955.38  1.477662E+02
      4958.27  1.457296E+02
      4961.15  1.446859E+02
      4964.04  1.448390E+02
      4966.92  1.485262E+02
      4969.81  1.566846E+02
      4972.69  1.535949E+02
      4975.57  1.441716E+02
      4978.46  1.417695E+02
      4981.34  1.417122E+02
      4984.23  1.406179E+02
      4987.11  1.403179E+02
      4990.00  1.412781E+02
      4992.88  1.389920E+02
      4995.77  1.385038E+02
      4998.65  1.395472E+02
      5001.54  1.396044E+02
      5004.42  1.394601E+02
      5007.31  1.396641E+02
      5010.19  1.397440E+02
      5013.08  1.423040E+02
      5015.96  1.649254E+02
      5018.85  1.904963E+02
      5021.73  1.641324E+02
      5024.62  1.437276E+02
      5027.50  1.402029E+02
      5030.39  1.399716E+02
      5033.27  1.400578E+02
      5036.16  1.375649E+02
      5039.04  1.357038E+02
      5041.93  1.327544E+02
      5044.81  1.309201E+02
      5047.70  1.290000E+02
      5050.58  1.270547E+02
      5053.47  1.263420E+02
      5056.35  1.252625E+02
      5059.24  1.251752E+02
      5062.12  1.251817E+02
      5065.01  1.238045E+02
      5067.89  1.234262E+02
      5070.77  1.238082E+02
      5073.66  1.238013E+02
      5076.54  1.226403E+02
      5079.43  1.224880E+02
      5082.31  1.222649E+02
      5085.20  1.221574E+02
      5088.08  1.224821E+02
      5090.97  1.223189E+02
      5093.85  1.224349E+02
      5096.74  1.227021E+02
      5099.62  1.230390E+02
      5102.51  1.238011E+02
      5105.39  1.240055E+02
      5108.28  1.229051E+02
      5111.16  1.235455E+02
      5114.05  1.230293E+02
      5116.93  1.241888E+02
      5119.82  1.248647E+02
      5122.70  1.250133E+02
      5125.59  1.249566E+02
      5128.47  1.243142E+02
      5131.36  1.248734E+02
      5134.24  1.250443E+02
      5137.13  1.250666E+02
      5140.01  1.249671E+02
      5142.90  1.253623E+02
      5145.78  1.256416E+02
      5148.67  1.249490E+02
      5151.55  1.250414E+02
      5154.44  1.257270E+02
      5157.32  1.253435E+02
      5160.21  1.251151E+02
      5163.09  1.250846E+02
      5165.97  1.258229E+02
      5168.86  1.250067E+02
      5171.74  1.248868E+02
      5174.63  1.240605E+02
      5177.51  1.240073E+02
      5180.40  1.247733E+02
      5183.28  1.228949E+02
      5186.17  1.225093E+02
      5189.05  1.224273E+02
      5191.94  1.223760E+02
      5194.82  1.216281E+02
      5197.71  1.221820E+02
      5200.59  1.228375E+02
      5203.48  1.217249E+02
      5206.36  1.221962E+02
      5209.25  1.213058E+02
      5212.13  1.210525E+02
      5215.02  1.202551E+02
      5217.90  1.200980E+02
      5220.79  1.195172E+02
      5223.67  1.196054E+02
      5226.56  1.197498E+02
      5229.44  1.188593E+02
      5232.33  1.187489E+02
      5235.21  1.186813E+02
      5238.10  1.189401E+02
      5240.98  1.194829E+02
      5243.87  1.194189E+02
      5246.75  1.195937E+02
      5249.64  1.192228E+02
      5252.52  1.187776E+02
      5255.41  1.180557E+02
      5258.29  1.177862E+02
      5261.17  1.174473E+02
      5264.06  1.183383E+02
      5266.94  1.187055E+02
      5269.83  1.182506E+02
      5272.71  1.187208E+02
      5275.60  1.187966E+02
      5278.48  1.170337E+02
      5281.37  1.175403E+02
      5284.25  1.157694E+02
      5287.14  1.162667E+02
      5290.02  1.166869E+02
      5292.91  1.165028E+02
      5295.79  1.162655E+02
      5298.68  1.166129E+02
      5301.56  1.159427E+02
      5304.45  1.163181E+02
      5307.33  1.167852E+02
      5310.22  1.162405E+02
      5313.10  1.165629E+02
      5315.99  1.151885E+02
      5318.87  1.155802E+02
      5321.76  1.142408E+02
      5324.64  1.137247E+02
      5327.53  1.141705E+02
      5330.41  1.144709E+02
      5333.30  1.147569E+02
      5336.18  1.144901E+02
      5339.07  1.145254E+02
      5341.95  1.125090E+02
      5344.84  1.113509E+02
      5347.72  1.110474E+02
      5350.61  1.111808E+02
      5353.49  1.098672E+02
      5356.37  1.108939E+02
      5359.26  1.101835E+02
      5362.14  1.101918E+02
      5365.03  1.103304E+02
      5367.91  1.099675E+02
      5370.80  1.100013E+02
      5373.68  1.086256E+02
      5376.57  1.094635E+02
      5379.45  1.096069E+02
      5382.34  1.089289E+02
      5385.22  1.088137E+02
      5388.11  1.087844E+02
      5390.99  1.092396E+02
      5393.88  1.075502E+02
      5396.76  1.079876E+02
      5399.65  1.076602E+02
      5402.53  1.068883E+02
      5405.42  1.062463E+02
      5408.30  1.071475E+02
      5411.19  1.076887E+02
      5414.07  1.081151E+02
      5416.96  1.066941E+02
      5419.84  1.055686E+02
      5422.73  1.061063E+02
      5425.61  1.058539E+02
      5428.50  1.059869E+02
      5431.38  1.064238E+02
      5434.27  1.076696E+02
      5437.15  1.067135E+02
      5440.04  1.059664E+02
      5442.92  1.062821E+02
      5445.81  1.053489E+02
      5448.69  1.048310E+02
      5451.57  1.049535E+02
      5454.46  1.052555E+02
      5457.34  1.066901E+02
      5460.23  1.056083E+02
      5463.11  1.048960E+02
      5466.00  1.039221E+02
      5468.88  1.039474E+02
      5471.77  1.032115E+02
      5474.65  1.033696E+02
      5477.54  1.046463E+02
      5480.42  1.047468E+02
      5483.31  1.042408E+02
      5486.19  1.045114E+02
      5489.08  1.042386E+02
      5491.96  1.041678E+02
      5494.85  1.044550E+02
      5497.73  1.040356E+02
      5500.62  1.030481E+02
      5503.50  1.025159E+02
      5506.39  1.028954E+02
      5509.27  1.026029E+02
      5512.16  1.031355E+02
      5515.04  1.031026E+02
      5517.93  1.024374E+02
      5520.81  1.023274E+02
      5523.70  1.022945E+02
      5526.58  1.023584E+02
      5529.47  1.013639E+02
      5532.35  1.020691E+02
      5535.24  1.018583E+02
      5538.12  1.016673E+02
      5541.01  1.016084E+02
      5543.89  1.013021E+02
      5546.77  1.008022E+02
      5549.66  1.009275E+02
      5552.54  1.001179E+02
      5555.43  1.009721E+02
      5558.31  1.008551E+02
      5561.20  9.963014E+01
      5564.08  9.896693E+01
      5566.97  9.810473E+01
      5569.85  9.885418E+01
      5572.74  1.022774E+02
      5575.62  1.011864E+02
      5578.51  9.594212E+01
      5581.39  9.911122E+01
      5584.28  9.957687E+01
      5587.16  9.944145E+01
      5590.05  9.966044E+01
      5592.93  1.000633E+02
      5595.82  9.870258E+01
      5598.70  9.803405E+01
      5601.59  9.862692E+01
      5604.47  9.781671E+01
      5607.36  9.816755E+01
      5610.24  9.850977E+01
      5613.13  9.908221E+01
      5616.01  9.933509E+01
      5618.90  9.867099E+01
      5621.78  9.801493E+01
      5624.67  9.721336E+01
      5627.55  9.753762E+01
      5630.44  9.717224E+01
      5633.32  9.604185E+01
      5636.21  9.781222E+01
      5639.09  9.866279E+01
      5641.97  9.881773E+01
      5644.86  9.914744E+01
      5647.74  9.806851E+01
      5650.63  9.764086E+01
      5653.51  9.770270E+01
      5656.40  9.748351E+01
      5659.28  9.780381E+01
      5662.17  9.746247E+01
      5665.05  9.727166E+01
      5667.94  9.594873E+01
      5670.82  9.525997E+01
      5673.71  9.530092E+01
      5676.59  9.483988E+01
      5679.48  9.445764E+01
      5682.36  9.487749E+01
      5685.25  9.511423E+01
      5688.13  9.422752E+01
      5691.02  9.476828E+01
      5693.90  9.496041E+01
      5696.79  9.519370E+01
      5699.67  9.481284E+01
      5702.56  9.517029E+01
      5705.44  9.437659E+01
      5708.33  9.508887E+01
      5711.21  9.481007E+01
      5714.10  9.528501E+01
      5716.98  9.371000E+01
      5719.87  9.391711E+01
      5722.75  9.249193E+01
      5725.64  9.259041E+01
      5728.52  9.296634E+01
      5731.41  9.228014E+01
      5734.29  9.326871E+01
      5737.17  9.253237E+01
      5740.06  9.298495E+01
      5742.94  9.234594E+01
      5745.83  9.286244E+01
      5748.71  9.267607E+01
      5751.60  9.249278E+01
      5754.48  9.310188E+01
      5757.37  9.270780E+01
      5760.25  9.143632E+01
      5763.14  9.040351E+01
      5766.02  9.198048E+01
      5768.91  9.129710E+01
      5771.79  8.965852E+01
      5774.68  9.029380E+01
      5777.56  8.971220E+01
      5780.45  9.032510E+01
      5783.33  9.032337E+01
      5786.22  9.052038E+01
      5789.10  9.030996E+01
      5791.99  9.034837E+01
      5794.87  9.033320E+01
      5797.76  9.066405E+01
      5800.64  9.069486E+01
      5803.53  9.132376E+01
      5806.41  9.052403E+01
      5809.30  9.188759E+01
      5812.18  9.232985E+01
      5815.07  9.318596E+01
      5817.95  9.261296E+01
      5820.84  9.213883E+01
      5823.72  9.297979E+01
      5826.61  9.279758E+01
      5829.49  9.289145E+01
      5832.37  9.332580E+01
      5835.26  9.323635E+01
      5838.14  9.302681E+01
      5841.03  9.361361E+01
      5843.91  9.248058E+01
      5846.80  9.313623E+01
      5849.68  9.372748E+01
      5852.57  9.384555E+01
      5855.45  9.316854E+01
      5858.34  9.378435E+01
      5861.22  9.408278E+01
      5864.11  9.403241E+01
      5866.99  9.276475E+01
      5869.88  9.238563E+01
      5872.76  9.327144E+01
      5875.65  9.207999E+01
      5878.53  9.099847E+01
      5881.42  8.990410E+01
      5884.30  8.953337E+01
      5887.19  8.969656E+01
      5890.07  9.000910E+01
      5892.96  8.921512E+01
      5895.84  8.963094E+01
      5898.73  9.028523E+01
      5901.61  9.147686E+01
      5904.50  8.970342E+01
      5907.38  9.036359E+01
      5910.27  8.979137E+01
      5913.15  9.122043E+01
      5916.04  8.908124E+01
      5918.92  8.900003E+01
      5921.81  8.985509E+01
      5924.69  9.020986E+01
      5927.57  9.078866E+01
      5930.46  9.024905E+01
      5933.34  8.918889E+01
      5936.23  8.950147E+01
      5939.11  8.928200E+01
      5942.00  8.798332E+01
      5944.88  8.722646E+01
      5947.77  8.803346E+01
      5950.65  8.836337E+01
      5953.54  9.071248E+01
      5956.42  8.925423E+01
      5959.31  8.860191E+01
      5962.19  8.823156E+01
      5965.08  8.796365E+01
      5967.96  8.892829E+01
      5970.85  8.828605E+01
      5973.73  8.821541E+01
      5976.62  8.759203E+01
      5979.50  8.718236E+01
      5982.39  8.807476E+01
      5985.27  8.818377E+01
      5988.16  8.763534E+01
      5991.04  8.758593E+01
      5993.93  8.634073E+01
      5996.81  8.683965E+01
      5999.70  8.713589E+01
      6002.58  8.501091E+01
      6005.47  8.573989E+01
      6008.35  8.524829E+01
      6011.24  8.569910E+01
      6014.12  8.539653E+01
      6017.01  8.497579E+01
      6019.89  8.455025E+01
      6022.77  8.488624E+01
      6025.66  8.588917E+01
      6028.54  8.590642E+01
      6031.43  8.515625E+01
      6034.31  8.591623E+01
      6037.20  8.457040E+01
      6040.08  8.408464E+01
      6042.97  8.424210E+01
      6045.85  8.395555E+01
      6048.74  8.450545E+01
      6051.62  8.425154E+01
      6054.51  8.476494E+01
      6057.39  8.414571E+01
      6060.28  8.402810E+01
      6063.16  8.341660E+01
      6066.05  8.380904E+01
      6068.93  8.273398E+01
      6071.82  8.303348E+01
      6074.70  8.302709E+01
      6077.59  8.253885E+01
      6080.47  8.223175E+01
      6083.36  8.275706E+01
      6086.24  8.200701E+01
      6089.13  8.171196E+01
      6092.01  8.127480E+01
      6094.90  8.151655E+01
      6097.78  8.131677E+01
      6100.67  8.120100E+01
      6103.55  8.252791E+01
      6106.44  8.232092E+01
      6109.32  8.229466E+01
      6112.21  8.183626E+01
      6115.09  8.156253E+01
      6117.97  8.147103E+01
      6120.86  8.170127E+01
      6123.74  8.163368E+01
      6126.63  8.138343E+01
      6129.51  8.170510E+01
      6132.40  8.114395E+01
      6135.28  8.108781E+01
      6138.17  8.126269E+01
      6141.05  8.095549E+01
      6143.94  8.120035E+01
      6146.82  7.958333E+01
      6149.71  8.047444E+01
      6152.59  8.110191E+01
      6155.48  8.147538E+01
      6158.36  8.099791E+01
      6161.25  8.092772E+01
      6164.13  7.932810E+01
      6167.02  8.043276E+01
      6169.90  8.102120E+01
      6172.79  8.125921E+01
      6175.67  8.058556E+01
      6178.56  8.029632E+01
      6181.44  7.995535E+01
      6184.33  8.046899E+01
      6187.21  8.023856E+01
      6190.10  8.011868E+01
      6192.98  7.902586E+01
      6195.87  7.942971E+01
      6198.75  7.982128E+01
      6201.64  7.939999E+01
      6204.52  7.902900E+01
      6207.41  7.887939E+01
      6210.29  7.808631E+01
      6213.17  7.733064E+01
      6216.06  7.649394E+01
      6218.94  7.548783E+01
      6221.83  7.544977E+01
      6224.71  7.634945E+01
      6227.60  7.549366E+01
      6230.48  7.521490E+01
      6233.37  7.524501E+01
      6236.25  7.430000E+01
      6239.14  7.390863E+01
      6242.02  7.372886E+01
      6244.91  7.312268E+01
      6247.79  7.182043E+01
      6250.68  7.264449E+01
      6253.56  7.221178E+01
      6256.45  7.215728E+01
      6259.33  7.109579E+01
      6262.22  7.182308E+01
      6265.10  7.133792E+01
      6267.99  7.155509E+01
      6270.87  7.094103E+01
      6273.76  6.996170E+01
      6276.64  6.908207E+01
      6279.53  6.920425E+01
      6282.41  7.120856E+01
      6285.30  7.181280E+01
      6288.18  7.186054E+01
      6291.07  7.151809E+01
      6293.95  7.209285E+01
      6296.84  7.226497E+01
      6299.72  7.258717E+01
      6302.61  7.206004E+01
      6305.49  7.249077E+01
      6308.37  7.272905E+01
      6311.26  7.312400E+01
      6314.14  7.429783E+01
      6317.03  7.356862E+01
      6319.91  7.498059E+01
      6322.80  7.450382E+01
      6325.68  7.536296E+01
      6328.57  7.496124E+01
      6331.45  7.464757E+01
      6334.34  7.501608E+01
      6337.22  7.555044E+01
      6340.11  7.577091E+01
      6342.99  7.553366E+01
      6345.88  7.535912E+01
      6348.76  7.384555E+01
      6351.65  7.391199E+01
      6354.53  7.435252E+01
      6357.42  7.386646E+01
      6360.30  7.342409E+01
      6363.19  7.329445E+01
      6366.07  7.184619E+01
      6368.96  7.204813E+01
      6371.84  7.204589E+01
      6374.73  7.095339E+01
      6377.61  7.093168E+01
      6380.50  6.982251E+01
      6383.38  6.938960E+01
      6386.27  6.929978E+01
      6389.15  6.879898E+01
      6392.04  6.846862E+01
      6394.92  6.706946E+01
      6397.81  6.614982E+01
      6400.69  6.568348E+01
      6403.57  6.653179E+01
      6406.46  6.695338E+01
      6409.34  6.792894E+01
      6412.23  6.784133E+01
      6415.11  6.902237E+01
      6418.00  6.987003E+01
      6420.88  7.062387E+01
      6423.77  7.146535E+01
      6426.65  7.227383E+01
      6429.54  7.377902E+01
      6432.42  7.600476E+01
      6435.31  7.795178E+01
      6438.19  8.055292E+01
      6441.08  8.248206E+01
      6443.96  8.583119E+01
      6446.85  8.853604E+01
      6449.73  9.045095E+01
      6452.62  9.246725E+01
      6455.50  9.543474E+01
      6458.39  9.741466E+01
      6461.27  9.987825E+01
      6464.16  1.017667E+02
      6467.04  1.031931E+02
      6469.93  1.046143E+02
      6472.81  1.067358E+02
      6475.70  1.087836E+02
      6478.58  1.101720E+02
      6481.47  1.118653E+02
      6484.35  1.133804E+02
      6487.24  1.144289E+02
      6490.12  1.165305E+02
      6493.01  1.169362E+02
      6495.89  1.177169E+02
      6498.77  1.189604E+02
      6501.66  1.204511E+02
      6504.54  1.206722E+02
      6507.43  1.214997E+02
      6510.31  1.227191E+02
      6513.20  1.227076E+02
      6516.08  1.235533E+02
      6518.97  1.251215E+02
      6521.85  1.256074E+02
      6524.74  1.263077E+02
      6527.62  1.269680E+02
      6530.51  1.276934E+02
      6533.39  1.282660E+02
      6536.28  1.297824E+02
      6539.16  1.292388E+02
      6542.05  1.291792E+02
      6544.93  1.303199E+02
      6547.82  1.313198E+02
      6550.70  1.307506E+02
      6553.59  1.305726E+02
      6556.47  1.298515E+02
      6559.36  1.304742E+02
      6562.24  1.306199E+02
      6565.13  1.302398E+02
      6568.01  1.301770E+02
      6570.90  1.304639E+02
      6573.78  1.342128E+02
      6576.67  1.544898E+02
      6579.55  1.591485E+02
      6582.44  1.415442E+02
      6585.32  1.291218E+02
      6588.21  1.287411E+02
      6591.09  1.278132E+02
      6593.97  1.254735E+02
      6596.86  1.230494E+02
      6599.74  1.223508E+02
      6602.63  1.189235E+02
      6605.51  1.177341E+02
      6608.40  1.151899E+02
      6611.28  1.154473E+02
      6614.17  1.131049E+02
      6617.05  1.110247E+02
      6619.94  1.105417E+02
      6622.82  1.087596E+02
      6625.71  1.077529E+02
      6628.59  1.064208E+02
      6631.48  1.046485E+02
      6634.36  1.027118E+02
      6637.25  1.010939E+02
      6640.13  1.011045E+02
      6643.02  9.981154E+01
      6645.90  9.905750E+01
      6648.79  9.790632E+01
      6651.67  9.624980E+01
      6654.56  9.594958E+01
      6657.44  9.526447E+01
      6660.33  9.486022E+01
      6663.21  9.304683E+01
      6666.10  9.136308E+01
      6668.98  8.983746E+01
      6671.87  8.918590E+01
      6674.75  8.805693E+01
      6677.64  8.720335E+01
      6680.52  8.692774E+01
      6683.41  8.699196E+01
      6686.29  8.569835E+01
      6689.17  8.426214E+01
      6692.06  8.410078E+01
      6694.94  8.259588E+01
      6697.83  8.178590E+01
      6700.71  8.132519E+01
      6703.60  8.020448E+01
      6706.48  8.007903E+01
      6709.37  7.929686E+01
      6712.25  7.907158E+01
      6715.14  7.772672E+01
      6718.02  7.727755E+01
      6720.91  7.674532E+01
      6723.79  7.614183E+01
      6726.68  7.580694E+01
      6729.56  7.715729E+01
      6732.45  7.840169E+01
      6735.33  7.637781E+01
      6738.22  7.505365E+01
      6741.10  7.446174E+01
      6743.99  7.428120E+01
      6746.87  7.552036E+01
      6749.76  7.311209E+01
      6752.64  7.236120E+01
      6755.53  7.141968E+01
      6758.41  7.166493E+01
      6761.30  7.118676E+01
      6764.18  7.074524E+01
      6767.07  7.104986E+01
      6769.95  7.050153E+01
      6772.84  7.100844E+01
      6775.72  7.083504E+01
      6778.61  6.955682E+01
      6781.49  6.929812E+01
      6784.37  6.897012E+01
      6787.26  6.857240E+01
      6790.14  6.792689E+01
      6793.03  6.740208E+01
      6795.91  6.805080E+01
      6798.80  6.835369E+01
      6801.68  6.782739E+01
      6804.57  6.813638E+01
      6807.45  6.841803E+01
      6810.34  6.774012E+01
      6813.22  6.779531E+01
      6816.11  6.732743E+01
      6818.99  6.771621E+01
      6821.88  6.726815E+01
      6824.76  6.613820E+01
      6827.65  6.631174E+01
      6830.53  6.667066E+01
      6833.42  6.562066E+01
      6836.30  6.554268E+01
      6839.19  6.573050E+01
      6842.07  6.644922E+01
      6844.96  6.562655E+01
      6847.84  6.699033E+01
      6850.73  6.652868E+01
      6853.61  6.547084E+01
      6856.50  6.572791E+01
      6859.38  6.530630E+01
      6862.27  6.310403E+01
      6865.15  5.783685E+01
      6868.04  5.322467E+01
      6870.92  5.331522E+01
      6873.81  5.558784E+01
      6876.69  5.782817E+01
      6879.57  6.062884E+01
      6882.46  6.056696E+01
      6885.34  5.958615E+01
      6888.23  5.881518E+01
      6891.11  5.828677E+01
      6894.00  5.949822E+01
      6896.88  5.939379E+01
      6899.77  5.950378E+01
      6902.65  5.937469E+01
      6905.54  5.967836E+01
      6908.42  5.980404E+01
      6911.31  6.057271E+01
      6914.19  6.179395E+01
      6917.08  6.118046E+01
      6919.96  6.223016E+01
      6922.85  6.218349E+01
      6925.73  6.125928E+01
      6928.62  6.183949E+01
      6931.50  6.228878E+01
      6934.39  6.222095E+01
      6937.27  6.128581E+01
      6940.16  6.108066E+01
      6943.04  6.105846E+01
      6945.93  6.076612E+01
      6948.81  6.078881E+01
      6951.70  5.975811E+01
      6954.58  5.990213E+01
      6957.47  6.006632E+01
      6960.35  6.033734E+01
      6963.24  6.051031E+01
      6966.12  6.092142E+01
      6969.01  6.072609E+01
      6971.89  6.092422E+01
      6974.77  6.082972E+01
      6977.66  6.055682E+01
      6980.54  6.020756E+01
      6983.43  5.976153E+01
      6986.31  5.991638E+01
      6989.20  5.968616E+01
      6992.08  5.957200E+01
      6994.97  5.947114E+01
      6997.85  5.931373E+01
      7000.74  5.913872E+01
      7003.62  5.901969E+01
      7006.51  5.938288E+01
      7009.39  5.966601E+01
      7012.28  5.890636E+01
      7015.16  5.887405E+01
      7018.05  5.870856E+01
      7020.93  5.837435E+01
      7023.82  5.853716E+01
      7026.70  5.802451E+01
      7029.59  5.931373E+01
      7032.47  5.903337E+01
      7035.36  5.846004E+01
      7038.24  5.859455E+01
      7041.13  5.828768E+01
      7044.01  5.876135E+01
      7046.90  5.872661E+01
      7049.78  5.874137E+01
      7052.67  5.953624E+01
      7055.55  5.902003E+01
      7058.44  5.925567E+01
      7061.32  5.858212E+01
      7064.21  5.829469E+01
      7067.09  5.800788E+01
      7069.97  5.895615E+01
      7072.86  5.781568E+01
      7075.74  5.803661E+01
      7078.63  5.794123E+01
      7081.51  5.829450E+01
      7084.40  5.757959E+01
      7087.28  5.773911E+01
      7090.17  5.717306E+01
      7093.05  5.694909E+01
      7095.94  5.730702E+01
      7098.82  5.771438E+01
      7101.71  5.839075E+01
      7104.59  5.853551E+01
      7107.48  5.780278E+01
      7110.36  5.778547E+01
      7113.25  5.752671E+01
      7116.13  5.748468E+01
      7119.02  5.693391E+01
      7121.90  5.697557E+01
      7124.79  5.745596E+01
      7127.67  5.723469E+01
      7130.56  5.705242E+01
      7133.44  5.795412E+01
      7136.33  5.751350E+01
      7139.21  5.793588E+01
      7142.10  5.717455E+01
      7144.98  5.781118E+01
      7147.87  5.763533E+01
      7150.75  5.821380E+01
      7153.64  5.796635E+01
      7156.52  5.703320E+01
      7159.41  5.623530E+01
      7162.29  5.529312E+01
      7165.17  5.679077E+01
      7168.06  5.614900E+01
      7170.94  5.631553E+01
      7173.83  5.540016E+01
      7176.71  5.553074E+01
      7179.60  5.522660E+01
      7182.48  5.407664E+01
      7185.37  5.359511E+01
      7188.25  5.342685E+01
      7191.14  5.378902E+01
      7194.02  5.487604E+01
      7196.91  5.367980E+01
      7199.79  5.354884E+01
      7202.68  5.466753E+01
      7205.56  5.563273E+01
      7208.45  5.736165E+01
      7211.33  5.775865E+01
      7214.22  5.719723E+01
      7217.10  5.703578E+01
      7219.99  5.653494E+01
      7222.87  5.713888E+01
      7225.76  5.756673E+01
      7228.64  5.682893E+01
      7231.53  5.555717E+01
      7234.41  5.637442E+01
      7237.30  5.707283E+01
      7240.18  5.612256E+01
      7243.07  5.547422E+01
      7245.95  5.530234E+01
      7248.84  5.502478E+01
      7251.72  5.515460E+01
      7254.61  5.654319E+01
      7257.49  5.737850E+01
      7260.37  5.690233E+01
      7263.26  5.626044E+01
      7266.14  5.723287E+01
      7269.03  5.818368E+01
      7271.91  5.791333E+01
      7274.80  5.696775E+01
      7277.68  5.665374E+01
      7280.57  5.919613E+01
      7283.45  5.824742E+01
      7286.34  5.621191E+01
      7289.22  5.685910E+01
      7292.11  5.768407E+01
      7294.99  4.767928E+01
      7297.88  4.724389E+01
      7300.76  4.666985E+01
      7303.65  4.609983E+01
      7306.53  4.563582E+01
      7309.42  4.541045E+01
      7312.30  4.538004E+01
      7315.19  4.537838E+01
      7318.07  4.552596E+01
      7320.96  4.612652E+01
      7323.84  4.622443E+01
      7326.73  4.597347E+01
      7329.61  4.553010E+01
      7332.50  4.539950E+01
      7335.38  4.609176E+01
      7338.27  4.644890E+01
      7341.15  4.660942E+01
      7344.04  4.527026E+01
      7346.92  4.397252E+01
      7349.81  4.283565E+01
      7352.69  4.271631E+01
      7355.57  4.310690E+01
      7358.46  4.402896E+01
      7361.34  4.472659E+01
      7364.23  4.503110E+01
      7367.11  4.474168E+01
      7370.00  4.421787E+01
      7372.88  4.382939E+01
      7375.77  4.399767E+01
      7378.65  4.498960E+01
      7381.54  4.460647E+01
      7384.42  4.380733E+01
      7387.31  4.340484E+01
      7390.19  4.302282E+01
      7393.08  4.266651E+01
      7395.96  4.278078E+01
      7398.85  4.296184E+01
      7401.73  4.277355E+01
      7404.62  4.303763E+01
      7407.50  4.378561E+01
      7410.39  4.377136E+01
      7413.27  4.353169E+01
      7416.16  4.296961E+01
      7419.04  4.279459E+01
      7421.93  4.297248E+01
      7424.81  4.234726E+01
      7427.70  4.179512E+01
      7430.58  4.194347E+01
      7433.47  4.157385E+01
      7436.35  4.080216E+01
      7439.24  4.148282E+01
      7442.12  4.226597E+01
      7445.01  4.292782E+01
      7447.89  4.352987E+01
      7450.77  4.409253E+01
      7453.66  4.213567E+01
      7456.54  4.076933E+01
      7459.43  4.112433E+01
      7462.31  4.196683E+01
      7465.20  4.308019E+01
      7468.08  4.299157E+01
      7470.97  4.290989E+01
      7473.85  4.286720E+01
      7476.74  4.260934E+01
      7479.62  4.225101E+01
      7482.51  4.187622E+01
      7485.39  4.163095E+01
      7488.28  4.160063E+01
      7491.16  4.117108E+01
      7494.05  4.065416E+01
      7496.93  4.102153E+01
      7499.82  4.108877E+01
      7502.70  4.073458E+01
      7505.59  4.066255E+01
      7508.47  4.064240E+01
      7511.36  4.032881E+01
      7514.24  4.038690E+01
      7517.13  4.088867E+01
      7520.01  4.156822E+01
      7522.90  4.206835E+01
      7525.78  4.129510E+01
      7528.67  4.059557E+01
      7531.55  3.997102E+01
      7534.44  3.993556E+01
      7537.32  3.996573E+01
      7540.21  3.980473E+01
      7543.09  3.978475E+01
      7545.97  3.988701E+01
      7548.86  3.971890E+01
      7551.74  3.949381E+01
      7554.63  3.919824E+01
      7557.51  3.823289E+01
      7560.40  3.677369E+01
      7563.28  3.779010E+01
      7566.17  3.861410E+01
      7569.05  3.834731E+01
      7571.94  3.795478E+01
      7574.82  3.748371E+01
      7577.71  3.748236E+01
      7580.59  3.729326E+01
      7583.48  3.664251E+01
      7586.36  3.579409E+01
      7589.25  3.484271E+01
      7592.13  3.435924E+01
      7595.02  3.417967E+01
      7597.90  3.456769E+01
      7600.79  3.612120E+01
      7603.67  3.817511E+01
      7606.56  3.999534E+01
      7609.44  4.072949E+01
      7612.33  3.975503E+01
      7615.21  3.894725E+01
      7618.10  3.821200E+01
      7620.98  3.761681E+01
      7623.87  3.678459E+01
      7626.75  3.563626E+01
      7629.64  3.588585E+01
      7632.52  3.657822E+01
      7635.41  3.753985E+01
      7638.29  3.732671E+01
      7641.18  3.578061E+01
      7644.06  3.517342E+01
      7646.94  3.491634E+01
      7649.83  3.536995E+01
      7652.71  3.544989E+01
      7655.60  3.516847E+01
      7658.48  3.539198E+01
      7661.37  3.565066E+01
      7664.25  3.570960E+01
      7667.14  3.577075E+01
      7670.02  3.583372E+01
      7672.91  3.647305E+01
      7675.79  3.680456E+01
      7678.68  3.595712E+01
      7681.56  3.580650E+01
      7684.45  3.614371E+01
      7687.33  3.589508E+01
      7690.22  3.547597E+01
      7693.10  3.472589E+01
      7695.99  3.483044E+01
      7698.87  3.544097E+01
      7701.76  3.522223E+01
      7704.64  3.501663E+01
      7707.53  3.488410E+01
      7710.41  3.523913E+01
      7713.30  3.582394E+01
      7716.18  3.557039E+01
      7719.07  3.535797E+01
      7721.95  3.521824E+01
      7724.84  3.521051E+01
      7727.72  3.525830E+01
      7730.61  3.532468E+01
      7733.49  3.546534E+01
      7736.38  3.571685E+01
      7739.26  3.562485E+01
      7742.14  3.539699E+01
      7745.03  3.497691E+01
      7747.91  3.478042E+01
      7750.80  3.486719E+01
      7753.68  3.556828E+01
      7756.57  3.640186E+01
      7759.45  3.702292E+01
      7762.34  3.711407E+01
      7765.22  3.663356E+01
      7768.11  3.667442E+01
      7770.99  3.683905E+01
      7773.88  3.707583E+01
      7776.76  3.705349E+01
      7779.65  3.679287E+01
      7782.53  3.768812E+01
      7785.42  3.851310E+01
      7788.30  3.843358E+01
      7791.19  3.827908E+01
      7794.07  3.806587E+01
      7796.96  3.818452E+01
      7799.84  3.814845E+01
      7802.73  3.755908E+01
      7805.61  3.762246E+01
      7808.50  3.811955E+01
      7811.38  3.929589E+01
      7814.27  4.014630E+01
      7817.15  4.012393E+01
      7820.04  4.051009E+01
      7822.92  4.112534E+01
      7825.81  4.133743E+01
      7828.69  4.099438E+01
      7831.58  3.955462E+01
      7834.46  3.871326E+01
      7837.34  3.818858E+01
      7840.23  3.894425E+01
      7843.11  3.942516E+01
      7846.00  3.944603E+01
      7848.88  3.884606E+01
      7851.77  3.809933E+01
      7854.65  3.865780E+01
      7857.54  3.920312E+01
      7860.42  3.972982E+01
      7863.31  3.919985E+01
      7866.19  3.839723E+01
      7869.08  3.809631E+01
      7871.96  3.801131E+01
      7874.85  3.818626E+01
      7877.73  3.761839E+01
      7880.62  3.695450E+01
      7883.50  3.680831E+01
      7886.39  3.663317E+01
      7889.27  3.642833E+01
      7892.16  3.601732E+01
      7895.04  3.565320E+01
      7897.93  3.566344E+01
      7900.81  3.555828E+01
      7903.70  3.535225E+01
      7906.58  3.589975E+01
      7909.47  3.621693E+01
      7912.35  3.539968E+01
      7915.24  3.569911E+01
      7918.12  3.682900E+01
      7921.01  3.518580E+01
      7923.89  3.380916E+01
      7926.78  3.382674E+01
      7929.66  3.375038E+01
      7932.54  3.361480E+01
      7935.43  3.344845E+01
      7938.31  3.308876E+01
      7941.20  3.229489E+01
      7944.08  3.233836E+01
      7946.97  3.282614E+01
      7949.85  3.413339E+01
      7952.74  3.478919E+01
      7955.62  3.421689E+01
      7958.51  3.355199E+01
      7961.39  3.287590E+01
      7964.28  3.291652E+01
      7967.16  3.291641E+01
      7970.05  3.285163E+01
      7972.93  3.277431E+01
      7975.82  3.266438E+01
      7978.70  3.223107E+01
      7981.59  3.180347E+01
      7984.47  3.138356E+01
      7987.36  3.175248E+01
      7990.24  3.216607E+01
      7993.13  3.120544E+01
      7996.01  3.086287E+01
      7998.90  3.122757E+01
      8001.78  3.173716E+01
      8004.67  3.217053E+01
      8007.55  3.202716E+01
      8010.44  3.194934E+01
      8013.32  3.193543E+01
      8016.21  3.124463E+01
      8019.09  3.058829E+01
      8021.98  3.053848E+01
      8024.86  3.108431E+01
      8027.74  3.212506E+01
      8030.63  3.186820E+01
      8033.51  3.146333E+01
      8036.40  3.108313E+01
      8039.28  3.092036E+01
      8042.17  3.091114E+01
      8045.05  3.080932E+01
      8047.94  3.078531E+01
      8050.82  3.097923E+01
      8053.71  3.097821E+01
      8056.59  3.086073E+01
      8059.48  3.075168E+01
      8062.36  3.059669E+01
      8065.25  3.034326E+01
      8068.13  3.002900E+01
      8071.02  2.968941E+01
      8073.90  2.975705E+01
      8076.79  2.979303E+01
      8079.67  2.977252E+01
      8082.56  2.946271E+01
      8085.44  2.903697E+01
      8088.33  2.869483E+01
      8091.21  2.847502E+01
      8094.10  2.843937E+01
      8096.98  2.851922E+01
      8099.87  2.858185E+01
      8102.75  2.808850E+01
      8105.64  2.798533E+01
      8108.52  2.838067E+01
      8111.41  2.827921E+01
      8114.29  2.804797E+01
      8117.18  2.785438E+01
      8120.06  2.785285E+01
      8122.94  2.806026E+01
      8125.83  2.795083E+01
      8128.71  2.774478E+01
      8131.60  2.739605E+01
      8134.48  2.734423E+01
      8137.37  2.756771E+01
      8140.25  2.754495E+01
      8143.14  2.714369E+01
      8146.02  2.547890E+01
      8148.91  2.384528E+01
      8151.79  2.223626E+01
      8154.68  2.253792E+01
      8157.56  2.344657E+01
      8160.45  2.556411E+01
      8163.33  2.677694E+01
      8166.22  2.738337E+01
      8169.10  2.980491E+01
