      3723.01  6.501109E-16
      3725.32  8.756657E-16
      3727.62  8.711175E-16
      3729.92  9.987190E-16
      3732.22  8.569268E-16
      3734.52  1.036138E-15
      3736.82  1.131567E-15
      3739.13  1.155424E-15
      3741.43  1.203422E-15
      3743.73  1.298850E-15
      3746.03  1.428641E-15
      3748.33  1.105564E-15
      3750.63  1.113067E-15
      3752.93  8.734274E-16
      3755.24  8.931037E-16
      3757.54  9.490389E-16
      3759.84  1.253091E-15
      3762.14  1.242728E-15
      3764.44  1.032529E-15
      3766.74  1.212015E-15
      3769.04  1.241228E-15
      3771.35  1.197020E-15
      3773.65  1.094131E-15
      3775.95  9.659227E-16
      3778.25  6.922186E-16
      3780.55  7.100161E-16
      3782.85  1.206117E-15
      3785.15  1.244442E-15
      3787.46  1.058431E-15
      3789.76  1.048431E-15
      3792.06  9.319466E-16
      3794.36  8.765723E-16
      3796.66  8.361015E-16
      3798.96  8.023348E-16
      3801.26  7.640562E-16
      3803.57  7.162650E-16
      3805.87  7.223617E-16
      3808.17  1.006209E-15
      3810.47  1.011560E-15
      3812.77  8.064950E-16
      3815.07  9.396215E-16
      3817.38  1.008705E-15
      3819.68  8.940411E-16
      3821.98  9.738868E-16
      3824.28  1.124030E-15
      3826.58  9.442597E-16
      3828.88  9.603367E-16
      3831.18  1.224400E-15
      3833.49  1.035240E-15
      3835.79  1.034306E-15
      3838.09  1.117933E-15
      3840.39  8.665162E-16
      3842.69  9.333619E-16
      3844.99  1.178348E-15
      3847.29  1.147750E-15
      3849.60  1.106187E-15
      3851.90  1.036593E-15
      3854.20  1.012856E-15
      3856.50  1.052938E-15
      3858.80  9.541747E-16
      3861.10  7.253227E-16
      3863.40  7.084820E-16
      3865.71  7.674917E-16
      3868.01  7.613668E-16
      3870.31  6.736867E-16
      3872.61  8.481266E-16
      3874.91  1.025946E-15
      3877.21  1.255962E-15
      3879.51  1.586103E-15
      3881.82  1.601575E-15
      3884.12  1.223042E-15
      3886.42  6.907672E-16
      3888.72  6.903292E-16
      3891.02  7.287080E-16
      3893.32  7.598705E-16
      3895.63  1.105539E-15
      3897.93  1.188090E-15
      3900.23  1.139990E-15
      3902.53  1.138924E-15
      3904.83  9.967761E-16
      3907.13  9.275521E-16
      3909.43  9.795197E-16
      3911.74  7.468341E-16
      3914.04  6.700507E-16
      3916.34  9.783480E-16
      3918.64  1.077177E-15
      3920.94  1.009862E-15
      3923.24  1.037240E-15
      3925.54  1.036662E-15
      3927.85  1.089432E-15
      3930.15  9.001610E-16
      3932.45  9.356849E-16
      3934.75  1.057545E-15
      3937.05  1.160887E-15
      3939.35  1.120162E-15
      3941.65  1.077046E-15
      3943.96  1.226806E-15
      3946.26  1.456862E-15
      3948.56  1.414398E-15
      3950.86  1.524242E-15
      3953.16  1.571480E-15
      3955.46  1.779108E-15
      3957.76  1.997822E-15
      3960.07  1.730759E-15
      3962.37  1.775463E-15
      3964.67  1.998145E-15
      3966.97  1.968300E-15
      3969.27  1.863843E-15
      3971.57  2.074205E-15
      3973.88  2.169071E-15
      3976.18  2.216813E-15
      3978.48  2.538414E-15
      3980.78  2.991045E-15
      3983.08  2.796858E-15
      3985.38  2.558028E-15
      3987.68  2.415820E-15
      3989.99  2.429424E-15
      3992.29  2.335742E-15
      3994.59  2.411973E-15
      3996.89  2.311594E-15
      3999.19  1.903193E-15
      4001.49  1.845189E-15
      4003.79  2.437783E-15
      4006.10  2.573270E-15
      4008.40  2.303041E-15
      4010.70  2.207645E-15
      4013.00  1.987477E-15
      4015.30  2.286347E-15
      4017.60  2.251045E-15
      4019.90  2.138479E-15
      4022.21  2.012234E-15
      4024.51  1.962544E-15
      4026.81  1.993381E-15
      4029.11  2.054266E-15
      4031.41  2.178081E-15
      4033.71  2.177494E-15
      4036.01  2.296193E-15
      4038.32  2.365796E-15
      4040.62  1.761483E-15
      4042.92  1.620276E-15
      4045.22  2.271184E-15
      4047.52  2.088980E-15
      4049.82  1.169271E-15
      4052.13  1.080810E-15
      4054.43  1.410879E-15
      4056.73  1.442260E-15
      4059.03  1.053982E-15
      4061.33  1.047690E-15
      4063.63  9.620139E-16
      4065.93  9.836153E-16
      4068.24  1.133345E-15
      4070.54  1.288621E-15
      4072.84  1.556175E-15
      4075.14  1.734617E-15
      4077.44  2.041956E-15
      4079.74  2.260625E-15
      4082.04  2.611652E-15
      4084.35  2.759529E-15
      4086.65  2.641002E-15
      4088.95  2.600056E-15
      4091.25  2.990997E-15
      4093.55  3.155951E-15
      4095.85  3.200684E-15
      4098.15  3.004853E-15
      4100.46  3.321518E-15
      4102.76  3.397155E-15
      4105.06  3.554432E-15
      4107.36  3.354826E-15
      4109.66  3.226485E-15
      4111.96  3.532070E-15
      4114.26  3.837610E-15
      4116.57  3.467760E-15
      4118.87  2.978501E-15
      4121.17  3.059599E-15
      4123.47  3.238600E-15
      4125.77  3.194870E-15
      4128.07  3.347368E-15
      4130.38  3.237291E-15
      4132.68  3.013573E-15
      4134.98  3.142910E-15
      4137.28  3.049515E-15
      4139.58  2.923450E-15
      4141.88  2.824468E-15
      4144.18  2.647453E-15
      4146.49  2.665778E-15
      4148.79  2.492297E-15
      4151.09  2.423982E-15
      4153.39  2.324825E-15
      4155.69  2.345006E-15
      4157.99  2.526408E-15
      4160.29  2.540993E-15
      4162.60  2.368916E-15
      4164.90  2.346710E-15
      4167.20  2.467195E-15
      4169.50  2.631729E-15
      4171.80  2.848979E-15
      4174.10  2.857461E-15
      4176.40  2.909406E-15
      4178.71  2.803970E-15
      4181.01  2.655885E-15
      4183.31  2.638218E-15
      4185.61  2.239164E-15
      4187.91  1.886663E-15
      4190.21  1.947543E-15
      4192.51  1.929596E-15
      4194.82  1.667402E-15
      4197.12  1.699944E-15
      4199.42  1.643046E-15
      4201.72  1.475234E-15
      4204.02  1.534072E-15
      4206.32  1.733409E-15
      4208.63  2.010292E-15
      4210.93  2.149086E-15
      4213.23  1.860568E-15
      4215.53  1.714696E-15
      4217.83  2.054040E-15
      4220.13  2.242256E-15
      4222.43  2.092019E-15
      4224.74  1.921141E-15
      4227.04  1.905818E-15
      4229.34  2.261973E-15
      4231.64  2.383748E-15
      4233.94  2.276507E-15
      4236.24  2.411635E-15
      4238.54  2.175195E-15
      4240.85  2.117462E-15
      4243.15  2.256830E-15
      4245.45  2.273951E-15
      4247.75  2.310654E-15
      4250.05  2.620798E-15
      4252.35  2.498182E-15
      4254.65  2.295412E-15
      4256.96  2.316806E-15
      4259.26  2.322144E-15
      4261.56  2.140247E-15
      4263.86  1.808879E-15
      4266.16  1.705333E-15
      4268.46  1.618059E-15
      4270.76  1.634932E-15
      4273.07  1.467679E-15
      4275.37  9.235516E-16
      4277.67  9.203776E-16
      4279.97  1.211220E-15
      4282.27  1.212105E-15
      4284.57  1.024607E-15
      4286.88  9.381114E-16
      4289.18  1.224641E-15
      4291.48  1.048794E-15
      4293.78  9.649752E-16
      4296.08  1.074117E-15
      4298.38  9.285096E-16
      4300.68  1.163187E-15
      4302.99  9.117150E-16
      4305.29  9.053508E-16
      4307.59  1.200148E-15
      4309.89  1.287302E-15
      4312.19  1.334598E-15
      4314.49  1.206448E-15
      4316.79  1.589274E-15
      4319.10  1.915624E-15
      4321.40  2.005941E-15
      4323.70  2.062235E-15
      4326.00  2.251583E-15
      4328.30  2.361094E-15
      4330.60  2.257213E-15
      4332.90  2.352246E-15
      4335.21  2.658249E-15
      4337.51  2.452117E-15
      4339.81  2.438984E-15
      4342.11  2.517208E-15
      4344.41  2.507306E-15
      4346.71  2.808916E-15
      4349.02  2.997146E-15
      4351.32  3.381093E-15
      4353.62  3.643805E-15
      4355.92  3.703636E-15
      4358.22  3.670888E-15
      4360.52  1.749749E-15
      4362.82  1.315096E-15
      4365.13  1.470679E-15
      4367.43  1.597752E-15
      4369.73  1.835072E-15
      4372.03  1.899023E-15
      4374.33  1.767147E-15
      4376.63  2.032683E-15
      4378.93  1.954486E-15
      4381.24  1.989945E-15
      4383.54  1.962678E-15
      4385.84  2.052004E-15
      4388.14  2.323723E-15
      4390.44  2.264039E-15
      4392.74  2.367885E-15
      4395.04  2.726754E-15
      4397.35  2.529145E-15
      4399.65  2.440236E-15
      4401.95  2.651182E-15
      4404.25  2.638810E-15
      4406.55  2.692508E-15
      4408.85  2.849610E-15
      4411.15  2.704482E-15
      4413.46  2.642705E-15
      4415.76  2.813076E-15
      4418.06  2.635478E-15
      4420.36  2.271465E-15
      4422.66  2.399445E-15
      4424.96  2.488712E-15
      4427.27  2.362106E-15
      4429.57  2.339191E-15
      4431.87  2.290042E-15
      4434.17  2.355707E-15
      4436.47  2.476172E-15
      4438.77  2.630327E-15
      4441.07  2.803754E-15
      4443.38  2.691978E-15
      4445.68  2.446502E-15
      4447.98  2.481950E-15
      4450.28  2.597719E-15
      4452.58  2.663189E-15
      4454.88  2.735202E-15
      4457.18  2.859476E-15
      4459.49  3.033019E-15
      4461.79  3.081191E-15
      4464.09  3.165678E-15
      4466.39  3.467675E-15
      4468.69  3.421302E-15
      4470.99  3.140567E-15
      4473.29  3.110125E-15
      4475.60  2.914384E-15
      4477.90  2.729089E-15
      4480.20  2.567554E-15
      4482.50  2.554173E-15
      4484.80  2.596052E-15
      4487.10  2.473267E-15
      4489.40  2.483510E-15
      4491.71  2.477138E-15
      4494.01  2.552264E-15
      4496.31  2.523437E-15
      4498.61  2.503783E-15
      4500.91  2.235551E-15
      4503.21  2.146307E-15
      4505.52  2.266448E-15
      4507.82  2.397343E-15
      4510.12  2.281491E-15
      4512.42  2.029911E-15
      4514.72  1.908681E-15
      4517.02  1.934832E-15
      4519.32  1.851368E-15
      4521.63  1.911016E-15
      4523.93  1.854517E-15
      4526.23  1.859949E-15
      4528.53  2.013306E-15
      4530.83  2.045375E-15
      4533.13  1.836244E-15
      4535.43  1.817148E-15
      4537.74  1.870750E-15
      4540.04  1.912689E-15
      4542.34  2.097765E-15
      4544.64  2.123205E-15
      4546.94  2.103824E-15
      4549.24  2.111063E-15
      4551.54  2.291389E-15
      4553.85  2.647765E-15
      4556.15  2.536171E-15
      4558.45  2.671240E-15
      4560.75  2.961026E-15
      4563.05  2.979946E-15
      4565.35  3.159601E-15
      4567.65  3.458059E-15
      4569.96  3.590294E-15
      4572.26  3.734877E-15
      4574.56  3.932638E-15
      4576.86  4.237832E-15
      4579.16  4.382277E-15
      4581.46  4.607235E-15
      4583.77  4.936718E-15
      4586.07  5.384669E-15
      4588.37  5.564300E-15
      4590.67  5.518148E-15
      4592.97  5.523520E-15
      4595.27  5.299646E-15
      4597.57  5.425470E-15
      4599.88  5.637499E-15
      4602.18  5.224071E-15
      4604.48  4.767034E-15
      4606.78  4.630684E-15
      4609.08  4.435672E-15
      4611.38  4.457630E-15
      4613.68  4.313567E-15
      4615.99  4.080073E-15
      4618.29  3.878056E-15
      4620.59  3.978431E-15
      4622.89  4.046256E-15
      4625.19  4.377066E-15
      4627.49  4.347400E-15
      4629.79  4.365349E-15
      4632.10  4.446840E-15
      4634.40  4.624525E-15
      4636.70  4.825098E-15
      4639.00  4.764069E-15
      4641.30  4.572114E-15
      4643.60  4.569224E-15
      4645.90  4.759595E-15
      4648.21  5.041591E-15
      4650.51  4.955577E-15
      4652.81  4.766642E-15
      4655.11  4.714136E-15
      4657.41  4.720337E-15
      4659.71  4.645409E-15
      4662.02  4.885649E-15
      4664.32  4.953357E-15
      4666.62  4.995210E-15
      4668.92  4.966731E-15
      4671.22  4.839042E-15
      4673.52  4.695436E-15
      4675.82  4.868859E-15
      4678.13  4.869633E-15
      4680.43  4.971216E-15
      4682.73  5.206027E-15
      4685.03  5.258583E-15
      4687.33  5.128194E-15
      4689.63  5.163728E-15
      4691.93  5.175666E-15
      4694.24  4.880104E-15
      4696.54  5.028965E-15
      4698.84  5.101926E-15
      4701.14  4.969112E-15
      4703.44  4.915477E-15
      4705.74  4.791303E-15
      4708.04  4.841957E-15
      4710.35  5.022196E-15
      4712.65  4.846796E-15
      4714.95  4.656111E-15
      4717.25  4.675750E-15
      4719.55  4.641015E-15
      4721.85  4.575438E-15
      4724.15  4.593413E-15
      4726.46  4.482649E-15
      4728.76  4.444191E-15
      4731.06  4.600204E-15
      4733.36  4.544962E-15
      4735.66  4.297200E-15
      4737.96  4.024363E-15
      4740.27  4.102709E-15
      4742.57  4.071800E-15
      4744.87  3.909519E-15
      4747.17  3.601061E-15
      4749.47  3.583743E-15
      4751.77  3.569647E-15
      4754.07  3.474800E-15
      4756.38  3.338805E-15
      4758.68  3.236385E-15
      4760.98  3.208025E-15
      4763.28  3.072205E-15
      4765.58  3.136678E-15
      4767.88  3.292006E-15
      4770.18  3.194128E-15
      4772.49  3.266393E-15
      4774.79  3.031806E-15
      4777.09  2.854222E-15
      4779.39  2.743792E-15
      4781.69  2.528996E-15
      4783.99  2.304612E-15
      4786.29  2.271559E-15
      4788.60  2.279487E-15
      4790.90  2.116233E-15
      4793.20  1.972652E-15
      4795.50  1.699005E-15
      4797.80  1.559181E-15
      4800.10  1.559265E-15
      4802.40  1.397444E-15
      4804.71  1.153018E-15
      4807.01  1.046833E-15
      4809.31  8.481732E-16
      4811.61  8.961213E-16
      4813.91  1.131893E-15
      4816.21  1.176025E-15
      4818.52  1.163255E-15
      4820.82  1.108208E-15
      4823.12  1.293293E-15
      4825.42  1.526085E-15
      4827.72  1.645570E-15
      4830.02  2.012493E-15
      4832.32  2.321659E-15
      4834.63  2.692822E-15
      4836.93  2.942649E-15
      4839.23  3.151735E-15
      4841.53  3.314471E-15
      4843.83  3.792581E-15
      4846.13  4.292780E-15
      4848.43  4.651501E-15
      4850.74  5.174960E-15
      4853.04  5.576737E-15
      4855.34  5.989313E-15
      4857.64  6.311587E-15
      4859.94  6.521017E-15
      4862.24  6.702377E-15
      4864.54  6.934112E-15
      4866.85  7.089725E-15
      4869.15  7.296429E-15
      4871.45  7.691545E-15
      4873.75  8.062094E-15
      4876.05  8.055986E-15
      4878.35  7.408626E-15
      4880.65  6.432903E-15
      4882.96  6.057390E-15
      4885.26  5.833425E-15
      4887.56  5.624588E-15
      4889.86  5.446492E-15
      4892.16  5.138458E-15
      4894.46  4.878137E-15
      4896.77  4.625949E-15
      4899.07  4.407508E-15
      4901.37  4.380935E-15
      4903.67  4.175755E-15
      4905.97  4.209461E-15
      4908.27  4.308140E-15
      4910.57  4.333334E-15
      4912.88  4.435184E-15
      4915.18  4.703389E-15
      4917.48  5.109123E-15
      4919.78  5.378990E-15
      4922.08  5.757810E-15
      4924.38  6.227768E-15
      4926.68  6.406327E-15
      4928.99  6.442144E-15
      4931.29  6.490764E-15
      4933.59  6.580760E-15
      4935.89  6.594653E-15
      4938.19  6.817810E-15
      4940.49  6.846797E-15
      4942.79  6.612791E-15
      4945.10  6.596276E-15
      4947.40  6.528437E-15
      4949.70  6.455324E-15
      4952.00  6.296655E-15
      4954.30  6.111349E-15
      4956.60  5.827742E-15
      4958.90  5.699512E-15
      4961.21  5.528814E-15
      4963.51  5.283342E-15
      4965.81  5.185731E-15
      4968.11  5.023305E-15
      4970.41  4.692958E-15
      4972.71  4.472601E-15
      4975.02  4.315097E-15
      4977.32  4.141879E-15
      4979.62  3.886761E-15
      4981.92  3.669734E-15
      4984.22  3.399638E-15
      4986.52  3.114055E-15
      4988.82  2.959046E-15
      4991.13  2.893116E-15
      4993.43  2.804312E-15
      4995.73  2.906573E-15
      4998.03  2.939057E-15
      5000.33  2.896924E-15
      5002.63  3.344325E-15
      5004.93  3.731111E-15
      5007.24  3.868170E-15
      5009.54  4.232735E-15
      5011.84  4.844020E-15
      5014.14  5.458506E-15
      5016.44  5.762940E-15
      5018.74  6.046149E-15
      5021.04  6.424010E-15
      5023.35  6.817210E-15
      5025.65  6.817210E-15
      5027.95  6.914694E-15
      5030.25  6.709783E-15
      5032.55  6.945577E-15
      5034.85  6.833995E-15
      5037.16  6.666125E-15
      5039.46  6.664849E-15
      5041.76  6.535588E-15
      5044.06  6.369402E-15
      5046.36  6.302741E-15
      5048.66  6.262558E-15
      5050.96  6.095497E-15
      5053.27  5.821804E-15
      5055.57  5.621987E-15
      5057.87  5.549372E-15
      5060.17  5.504328E-15
      5062.47  5.259252E-15
      5064.77  5.231451E-15
      5067.07  5.163083E-15
      5069.38  5.174410E-15
      5071.68  5.068865E-15
      5073.98  4.818591E-15
      5076.28  4.812491E-15
      5078.58  4.770358E-15
      5080.88  4.648563E-15
      5083.18  4.649014E-15
      5085.49  4.629024E-15
      5087.79  4.525351E-15
      5090.09  4.526107E-15
      5092.39  4.375552E-15
      5094.69  4.299386E-15
      5096.99  4.371695E-15
      5099.29  4.214016E-15
      5101.60  4.135321E-15
      5103.90  4.102655E-15
      5106.20  4.083909E-15
      5108.50  3.774533E-15
      5110.80  3.525018E-15
      5113.10  3.310701E-15
      5115.41  3.319100E-15
      5117.71  3.299337E-15
      5120.01  3.354739E-15
      5122.31  3.174427E-15
      5124.61  2.805759E-15
      5126.91  2.591663E-15
      5129.21  2.556807E-15
      5131.52  2.393640E-15
      5133.82  2.219189E-15
      5136.12  2.117708E-15
      5138.42  2.009337E-15
      5140.72  1.933753E-15
      5143.02  2.018650E-15
      5145.32  1.966806E-15
      5147.63  1.905307E-15
      5149.93  2.036538E-15
      5152.23  2.263291E-15
      5154.53  2.422882E-15
      5156.83  2.588311E-15
      5159.13  2.706020E-15
      5161.43  2.693604E-15
      5163.74  3.083852E-15
      5166.04  3.324172E-15
      5168.34  3.462132E-15
      5170.64  3.476130E-15
      5172.94  3.574800E-15
      5175.24  3.766650E-15
      5177.54  4.015693E-15
      5179.85  4.191961E-15
      5182.15  4.207673E-15
      5184.45  4.395166E-15
      5186.75  4.697258E-15
      5189.05  4.777780E-15
      5191.35  4.900625E-15
      5193.66  4.949404E-15
      5195.96  4.926624E-15
      5198.26  4.970706E-15
      5200.56  5.184231E-15
      5202.86  5.196613E-15
      5205.16  5.035569E-15
      5207.46  4.953867E-15
      5209.77  4.742005E-15
      5212.07  4.593598E-15
      5214.37  4.676675E-15
      5216.67  4.556378E-15
      5218.97  4.389536E-15
      5221.27  4.633560E-15
      5223.57  4.608972E-15
      5225.88  4.447745E-15
      5228.18  4.494256E-15
      5230.48  4.522178E-15
      5232.78  4.556580E-15
      5235.08  4.441766E-15
      5237.38  4.369823E-15
      5239.68  4.629406E-15
      5241.99  4.776188E-15
      5244.29  4.660149E-15
      5246.59  4.561542E-15
      5248.89  4.721573E-15
      5251.19  4.894792E-15
      5253.49  4.840048E-15
      5255.79  4.578202E-15
      5258.10  4.443750E-15
      5260.40  4.700286E-15
      5262.70  4.890865E-15
      5265.00  4.766713E-15
      5267.30  4.815163E-15
      5269.60  4.871019E-15
      5271.91  5.030565E-15
      5274.21  4.989387E-15
      5276.51  4.833042E-15
      5278.81  5.073940E-15
      5281.11  4.913048E-15
      5283.41  4.621804E-15
      5285.71  4.710238E-15
      5288.02  4.391944E-15
      5290.32  4.181144E-15
      5292.62  4.301404E-15
      5294.92  4.084479E-15
      5297.22  3.701020E-15
      5299.52  3.597495E-15
      5301.82  3.713182E-15
      5304.13  3.865159E-15
      5306.43  4.047161E-15
      5308.73  4.458786E-15
      5311.03  4.675001E-15
      5313.33  4.654957E-15
      5315.63  4.804558E-15
      5317.93  5.087039E-15
      5320.24  5.104912E-15
      5322.54  5.011428E-15
      5324.84  5.031806E-15
      5327.14  5.090689E-15
      5329.44  5.332684E-15
      5331.74  5.363303E-15
      5334.04  5.329924E-15
      5336.35  5.329376E-15
      5338.65  5.290559E-15
      5340.95  5.150148E-15
      5343.25  5.182323E-15
      5345.55  5.353582E-15
      5347.85  5.216914E-15
      5350.16  5.120475E-15
      5352.46  5.168836E-15
      5354.76  5.187707E-15
      5357.06  5.056158E-15
      5359.36  5.029130E-15
      5361.66  5.050240E-15
      5363.96  4.977311E-15
      5366.27  4.762845E-15
      5368.57  5.084412E-15
      5370.87  5.115174E-15
      5373.17  5.097094E-15
      5375.47  5.308236E-15
      5377.77  5.041894E-15
      5380.07  4.924102E-15
      5382.38  5.189795E-15
      5384.68  5.149738E-15
      5386.98  4.981847E-15
      5389.28  4.940790E-15
      5391.58  4.833521E-15
      5393.88  4.644565E-15
      5396.18  4.717293E-15
      5398.49  4.787341E-15
      5400.79  4.613399E-15
      5403.09  4.845716E-15
      5405.39  4.968927E-15
      5407.69  4.916863E-15
      5409.99  5.023808E-15
      5412.29  5.036936E-15
      5414.60  5.092027E-15
      5416.90  5.114507E-15
      5419.20  5.193910E-15
      5421.50  5.466943E-15
      5423.80  5.304494E-15
      5426.10  5.438472E-15
      5428.41  5.609983E-15
      5430.71  5.633349E-15
      5433.01  5.647235E-15
      5435.31  5.566152E-15
      5437.61  5.484535E-15
      5439.91  5.639707E-15
      5442.21  5.658936E-15
      5444.52  5.581627E-15
      5446.82  5.573878E-15
      5449.12  5.416705E-15
      5451.42  5.308957E-15
      5453.72  5.182492E-15
      5456.02  5.085947E-15
      5458.32  5.134157E-15
      5460.63  5.316180E-15
      5462.93  4.828354E-15
      5465.23  4.491631E-15
      5467.53  4.844053E-15
      5469.83  4.838150E-15
      5472.13  4.746534E-15
      5474.43  4.787377E-15
      5476.74  4.776318E-15
      5479.04  4.692990E-15
      5481.34  4.540876E-15
      5483.64  4.576272E-15
      5485.94  4.669437E-15
      5488.24  4.599811E-15
      5490.54  4.521704E-15
      5492.85  4.522474E-15
      5495.15  4.539347E-15
      5497.45  4.491283E-15
      5499.75  4.432387E-15
      5502.05  4.456997E-15
      5504.35  4.435299E-15
      5506.66  4.478214E-15
      5508.96  4.559552E-15
      5511.26  4.396445E-15
      5513.56  4.536805E-15
      5515.86  4.881955E-15
      5518.16  4.934916E-15
      5520.46  4.944553E-15
      5522.77  4.930918E-15
      5525.07  4.941735E-15
      5527.37  5.070823E-15
      5529.67  5.318853E-15
      5531.97  5.480713E-15
      5534.27  5.595574E-15
      5536.57  5.560707E-15
      5538.88  5.634055E-15
      5541.18  5.730932E-15
      5543.48  5.657864E-15
      5545.78  5.499971E-15
      5548.08  5.545359E-15
      5550.38  5.363973E-15
      5552.68  5.482100E-15
      5554.99  5.339093E-15
      5557.29  5.029803E-15
      5559.59  5.150061E-15
      5561.89  5.243561E-15
      5564.19  5.240669E-15
      5566.49  5.108933E-15
      5568.79  4.848329E-15
      5571.10  4.847133E-15
      5573.40  4.961141E-15
      5575.70  4.924367E-15
      5578.00  4.752711E-15
      5580.30  4.753912E-15
      5582.60  4.628034E-15
      5584.91  4.662448E-15
      5587.21  4.808313E-15
      5589.51  4.822631E-15
      5591.81  4.454775E-15
      5594.11  4.461801E-15
      5596.41  4.557912E-15
      5598.71  4.469214E-15
      5601.02  4.377262E-15
      5603.32  4.352424E-15
      5605.62  4.224492E-15
      5607.92  4.105387E-15
      5610.22  4.111175E-15
      5612.52  3.943802E-15
      5614.82  3.865755E-15
      5617.13  3.827276E-15
      5619.43  3.901378E-15
      5621.73  3.989375E-15
      5624.03  3.810700E-15
      5626.33  3.721594E-15
      5628.63  3.734490E-15
      5630.93  3.687336E-15
      5633.24  3.753462E-15
      5635.54  3.732311E-15
      5637.84  3.705097E-15
      5640.14  3.624385E-15
      5642.44  3.574189E-15
      5644.74  3.614359E-15
      5647.05  3.898075E-15
      5649.35  3.782290E-15
      5651.65  3.810003E-15
      5653.95  3.948262E-15
      5656.25  4.130670E-15
      5658.55  4.076889E-15
      5660.85  4.245131E-15
      5663.16  4.238400E-15
      5665.46  4.483692E-15
      5667.76  4.863342E-15
      5670.06  4.939066E-15
      5672.36  4.953404E-15
      5674.66  4.738366E-15
      5676.96  4.665958E-15
      5679.27  4.711559E-15
      5681.57  4.739375E-15
      5683.87  5.126822E-15
      5686.17  5.182123E-15
      5688.47  5.153024E-15
      5690.77  4.726858E-15
      5693.07  4.793197E-15
      5695.38  4.690911E-15
      5697.68  4.772332E-15
      5699.98  4.985958E-15
      5702.28  4.978564E-15
      5704.58  4.669479E-15
      5706.88  4.701035E-15
      5709.18  4.810891E-15
      5711.49  4.561797E-15
      5713.79  4.616465E-15
      5716.09  4.652493E-15
      5718.39  4.676976E-15
      5720.69  4.580105E-15
      5722.99  4.641731E-15
      5725.30  4.718122E-15
      5727.60  4.545685E-15
      5729.90  4.565832E-15
      5732.20  4.637154E-15
      5734.50  4.507340E-15
      5736.80  4.349724E-15
      5739.10  4.479456E-15
      5741.41  4.605667E-15
      5743.71  4.519117E-15
      5746.01  4.417896E-15
      5748.31  4.231360E-15
      5750.61  4.341727E-15
      5752.91  4.448374E-15
      5755.21  4.333921E-15
      5757.52  4.230277E-15
      5759.82  4.280989E-15
      5762.12  4.449966E-15
      5764.42  4.356608E-15
      5766.72  4.318687E-15
      5769.02  4.498404E-15
      5771.32  4.324608E-15
      5773.63  4.043640E-15
      5775.93  4.160475E-15
      5778.23  4.216866E-15
      5780.53  4.051472E-15
      5782.83  4.096232E-15
      5785.13  4.228807E-15
      5787.43  3.917914E-15
      5789.74  3.697468E-15
      5792.04  3.863970E-15
      5794.34  3.844561E-15
      5796.64  3.606624E-15
      5798.94  3.473554E-15
      5801.24  3.528390E-15
      5803.55  3.728668E-15
      5805.85  3.648495E-15
      5808.15  3.345615E-15
      5810.45  3.263701E-15
      5812.75  3.157440E-15
      5815.05  2.838503E-15
      5817.35  2.778480E-15
      5819.66  2.727754E-15
      5821.96  2.440110E-15
      5824.26  2.245356E-15
      5826.56  2.243729E-15
      5828.86  2.305895E-15
      5831.16  1.995527E-15
      5833.46  1.719077E-15
      5835.77  1.837231E-15
      5838.07  2.023727E-15
      5840.37  1.900726E-15
      5842.67  1.748305E-15
      5844.97  1.903952E-15
      5847.27  1.811721E-15
      5849.57  1.599584E-15
      5851.88  2.011162E-15
      5854.18  2.123237E-15
      5856.48  2.186797E-15
      5858.78  2.505770E-15
      5861.08  2.626232E-15
      5863.38  2.683059E-15
      5865.68  2.974985E-15
      5867.99  3.194939E-15
      5870.29  3.302917E-15
      5872.59  3.557474E-15
      5874.89  3.860052E-15
      5877.19  4.110149E-15
      5879.49  4.367703E-15
      5881.80  4.514923E-15
      5884.10  4.507571E-15
      5886.40  4.725175E-15
      5888.70  4.962424E-15
      5891.00  5.060429E-15
      5893.30  4.881655E-15
      5895.60  5.000062E-15
      5897.91  5.265229E-15
      5900.21  5.389338E-15
      5902.51  5.554521E-15
      5904.81  5.795394E-15
      5907.11  5.777028E-15
      5909.41  5.752623E-15
      5911.71  5.730573E-15
      5914.02  5.597284E-15
      5916.32  5.525329E-15
      5918.62  5.680219E-15
      5920.92  5.660830E-15
      5923.22  5.214587E-15
      5925.52  5.245207E-15
      5927.82  5.300257E-15
      5930.13  5.321340E-15
      5932.43  5.487021E-15
      5934.73  5.048997E-15
      5937.03  5.075987E-15
      5939.33  4.848309E-15
      5941.63  4.829355E-15
      5943.93  4.703325E-15
      5946.24  4.761835E-15
      5948.54  4.812255E-15
      5950.84  4.765855E-15
      5953.14  4.673528E-15
      5955.44  4.509949E-15
      5957.74  4.489220E-15
      5960.05  4.705233E-15
      5962.35  4.852689E-15
      5964.65  4.582349E-15
      5966.95  4.315324E-15
      5969.25  4.422195E-15
      5971.55  4.313215E-15
      5973.85  4.379610E-15
      5976.16  4.573201E-15
      5978.46  4.590930E-15
      5980.76  4.538960E-15
      5983.06  4.449517E-15
      5985.36  4.208979E-15
      5987.66  4.271293E-15
      5989.96  4.426557E-15
      5992.27  4.452574E-15
      5994.57  4.686135E-15
      5996.87  4.563004E-15
      5999.17  4.461549E-15
      6001.47  4.490527E-15
      6003.77  4.806453E-15
      6006.07  4.711231E-15
      6008.38  4.501804E-15
      6010.68  4.604259E-15
      6012.98  4.419093E-15
      6015.28  4.121160E-15
      6017.58  4.328480E-15
      6019.88  4.489461E-15
      6022.18  4.620180E-15
      6024.49  4.370835E-15
      6026.79  4.327365E-15
      6029.09  4.175471E-15
      6031.39  4.428918E-15
      6033.69  4.350275E-15
      6035.99  4.422177E-15
      6038.30  4.450918E-15
      6040.60  4.462942E-15
      6042.90  4.356943E-15
      6045.20  4.303249E-15
      6047.50  4.249621E-15
      6049.80  4.114900E-15
      6052.10  4.139603E-15
      6054.41  4.190131E-15
      6056.71  4.315206E-15
      6059.01  4.148075E-15
      6061.31  4.127800E-15
      6063.61  4.151543E-15
      6065.91  4.149820E-15
      6068.21  4.092569E-15
      6070.52  4.277819E-15
      6072.82  4.351652E-15
      6075.12  4.023426E-15
      6077.42  3.883342E-15
      6079.72  4.023480E-15
      6082.02  4.256897E-15
      6084.32  4.292463E-15
      6086.63  4.154891E-15
      6088.93  4.013651E-15
      6091.23  3.969630E-15
      6093.53  4.194852E-15
      6095.83  4.132797E-15
      6098.13  4.045154E-15
      6100.43  4.297669E-15
      6102.74  4.067081E-15
      6105.04  4.062264E-15
      6107.34  4.046098E-15
      6109.64  3.885806E-15
      6111.94  3.724124E-15
      6114.24  3.457041E-15
      6116.55  3.601110E-15
      6118.85  3.546208E-15
      6121.15  3.261812E-15
      6123.45  3.481584E-15
      6125.75  3.500117E-15
      6128.05  3.670613E-15
      6130.35  3.792725E-15
      6132.66  3.896307E-15
      6134.96  4.085159E-15
      6137.26  4.288127E-15
      6139.56  4.341123E-15
      6141.86  4.363998E-15
      6144.16  4.709472E-15
      6146.46  4.836452E-15
      6148.77  4.855012E-15
      6151.07  4.886498E-15
      6153.37  5.029922E-15
      6155.67  5.133572E-15
      6157.97  5.009230E-15
      6160.27  5.189679E-15
      6162.57  5.191254E-15
      6164.88  4.973441E-15
      6167.18  4.934105E-15
      6169.48  4.839220E-15
      6171.78  4.732302E-15
      6174.08  4.756397E-15
      6176.38  4.860549E-15
      6178.68  4.697189E-15
      6180.99  4.535168E-15
      6183.29  4.533217E-15
      6185.59  4.523981E-15
      6187.89  4.489937E-15
      6190.19  4.413560E-15
      6192.49  4.417687E-15
      6194.80  4.377583E-15
      6197.10  4.280583E-15
      6199.40  4.214882E-15
      6201.70  4.045022E-15
      6204.00  3.900024E-15
      6206.30  3.937862E-15
      6208.60  3.831438E-15
      6210.91  3.954124E-15
      6213.21  3.829843E-15
      6215.51  3.919240E-15
      6217.81  3.891606E-15
      6220.11  3.844630E-15
      6222.41  3.860427E-15
      6224.71  3.759198E-15
      6227.02  3.829389E-15
      6229.32  3.888609E-15
      6231.62  3.986092E-15
      6233.92  3.990322E-15
      6236.22  4.176174E-15
      6238.52  4.398269E-15
      6240.82  4.377343E-15
      6243.13  4.285841E-15
      6245.43  4.364009E-15
      6247.73  4.501046E-15
      6250.03  4.460617E-15
      6252.33  4.608720E-15
      6254.63  4.746798E-15
      6256.93  4.691500E-15
      6259.24  4.672747E-15
      6261.54  4.569366E-15
      6263.84  4.472196E-15
      6266.14  4.552275E-15
      6268.44  4.525186E-15
      6270.74  4.381641E-15
      6273.05  4.277929E-15
      6275.35  4.162967E-15
      6277.65  4.012612E-15
      6279.95  4.029622E-15
      6282.25  4.037394E-15
      6284.55  4.155702E-15
      6286.85  4.219390E-15
      6289.16  4.076600E-15
      6291.46  4.183539E-15
      6293.76  4.139443E-15
      6296.06  4.075751E-15
      6298.36  4.091512E-15
      6300.66  4.162948E-15
      6302.96  4.177867E-15
      6305.27  4.216932E-15
      6307.57  4.299220E-15
      6309.87  4.165108E-15
      6312.17  4.091066E-15
      6314.47  4.080671E-15
      6316.77  4.124308E-15
      6319.07  4.202774E-15
      6321.38  4.243227E-15
      6323.68  4.262978E-15
      6325.98  4.342275E-15
      6328.28  4.275414E-15
      6330.58  4.130308E-15
      6332.88  4.186743E-15
      6335.19  4.176091E-15
      6337.49  3.886803E-15
      6339.79  4.014278E-15
      6342.09  3.918932E-15
      6344.39  3.686958E-15
      6346.69  3.945205E-15
      6348.99  4.166485E-15
      6351.30  4.051820E-15
      6353.60  4.003037E-15
      6355.90  4.045143E-15
      6358.20  4.042737E-15
      6360.50  4.071303E-15
      6362.80  3.980435E-15
      6365.10  3.872752E-15
      6367.41  3.878619E-15
      6369.71  3.873354E-15
      6372.01  3.987689E-15
      6374.31  4.000098E-15
      6376.61  3.965361E-15
      6378.91  3.937997E-15
      6381.21  3.913928E-15
      6383.52  3.970279E-15
      6385.82  3.841920E-15
      6388.12  3.592379E-15
      6390.42  3.653684E-15
      6392.72  3.705341E-15
      6395.02  3.682568E-15
      6397.32  3.561763E-15
      6399.63  3.343170E-15
      6401.93  3.339655E-15
      6404.23  3.309311E-15
      6406.53  3.099458E-15
      6408.83  2.923607E-15
      6411.13  2.799541E-15
      6413.44  2.706541E-15
      6415.74  2.590029E-15
      6418.04  2.542822E-15
      6420.34  2.546806E-15
      6422.64  2.358741E-15
      6424.94  2.308613E-15
      6427.24  2.258479E-15
      6429.55  2.182564E-15
      6431.85  2.024481E-15
      6434.15  1.888941E-15
      6436.45  1.863636E-15
      6438.75  1.772614E-15
      6441.05  1.653611E-15
      6443.35  1.671723E-15
      6445.66  1.687049E-15
      6447.96  1.610818E-15
      6450.26  1.595157E-15
      6452.56  1.476579E-15
      6454.86  1.500288E-15
      6457.16  1.580799E-15
      6459.46  1.510296E-15
      6461.77  1.414312E-15
      6464.07  1.423531E-15
      6466.37  1.355723E-15
      6468.67  1.326463E-15
      6470.97  1.292187E-15
      6473.27  1.203544E-15
      6475.57  1.334106E-15
      6477.88  1.409651E-15
      6480.18  1.451303E-15
      6482.48  1.570796E-15
      6484.78  1.670172E-15
      6487.08  1.739556E-15
      6489.38  1.835865E-15
      6491.69  2.020796E-15
      6493.99  2.087703E-15
      6496.29  2.221555E-15
      6498.59  2.320031E-15
      6500.89  2.609583E-15
      6503.19  3.010757E-15
      6505.49  3.310016E-15
      6507.80  3.590036E-15
      6510.10  3.933686E-15
      6512.40  4.233245E-15
      6514.70  4.668326E-15
      6517.00  5.007871E-15
      6519.30  5.432344E-15
      6521.60  6.052253E-15
      6523.91  6.623223E-15
      6526.21  6.995999E-15
      6528.51  7.415897E-15
      6530.81  7.815728E-15
      6533.11  8.059997E-15
      6535.41  8.608237E-15
      6537.71  9.229200E-15
      6540.02  9.805568E-15
      6542.32  1.035803E-14
      6544.62  1.089806E-14
      6546.92  1.148690E-14
      6549.22  1.200876E-14
      6551.52  1.250112E-14
      6553.82  1.281012E-14
      6556.13  1.307246E-14
      6558.43  1.345899E-14
      6560.73  1.372971E-14
      6563.03  1.392239E-14
      6565.33  1.379232E-14
      6567.63  1.395301E-14
      6569.94  1.403783E-14
      6572.24  1.385991E-14
      6574.54  1.385991E-14
      6576.84  1.362803E-14
      6579.14  1.342306E-14
      6581.44  1.322678E-14
      6583.74  1.317337E-14
      6586.05  1.286136E-14
      6588.35  1.273896E-14
      6590.65  1.256856E-14
      6592.95  1.234569E-14
      6595.25  1.204857E-14
      6597.55  1.167530E-14
      6599.85  1.174103E-14
      6602.16  1.157149E-14
      6604.46  1.099717E-14
      6606.76  1.072520E-14
      6609.06  1.061989E-14
      6611.36  1.021727E-14
      6613.66  9.854660E-15
      6615.96  9.771933E-15
      6618.27  9.697616E-15
      6620.57  9.183772E-15
      6622.87  8.968401E-15
      6625.17  8.744298E-15
      6627.47  8.257949E-15
      6629.77  8.303507E-15
      6632.07  8.033220E-15
      6634.38  7.772002E-15
      6636.68  7.627619E-15
      6638.98  7.459887E-15
      6641.28  7.060112E-15
      6643.58  6.715896E-15
      6645.88  6.498689E-15
      6648.19  6.555697E-15
      6650.49  6.485882E-15
      6652.79  6.312057E-15
      6655.09  6.205988E-15
      6657.39  6.180323E-15
      6659.69  6.012078E-15
      6661.99  5.834327E-15
      6664.30  5.682425E-15
      6666.60  5.512770E-15
      6668.90  5.483094E-15
      6671.20  5.362084E-15
      6673.50  5.328466E-15
      6675.80  5.270259E-15
      6678.10  5.142190E-15
      6680.41  4.923688E-15
      6682.71  4.827148E-15
      6685.01  4.762421E-15
      6687.31  4.602013E-15
      6689.61  4.669078E-15
      6691.91  4.714289E-15
      6694.21  4.703179E-15
      6696.52  4.826107E-15
      6698.82  4.607842E-15
      6701.12  4.496794E-15
      6703.42  4.533515E-15
      6705.72  4.541873E-15
      6708.02  4.536522E-15
      6710.32  4.385919E-15
      6712.63  4.218542E-15
      6714.93  4.227816E-15
      6717.23  4.302006E-15
      6719.53  4.299510E-15
      6721.83  4.184070E-15
      6724.13  4.149370E-15
      6726.44  3.992854E-15
      6728.74  3.932057E-15
      6731.04  4.049148E-15
      6733.34  4.325192E-15
      6735.64  4.350667E-15
      6737.94  4.273672E-15
      6740.24  4.035447E-15
      6742.55  3.905059E-15
      6744.85  4.028956E-15
      6747.15  4.213976E-15
      6749.45  4.101973E-15
      6751.75  4.005634E-15
      6754.05  3.868444E-15
      6756.35  3.729427E-15
      6758.66  3.686735E-15
      6760.96  3.781454E-15
      6763.26  3.830019E-15
      6765.56  3.651949E-15
      6767.86  3.718184E-15
      6770.16  3.717046E-15
      6772.46  3.681912E-15
      6774.77  3.728858E-15
      6777.07  3.666232E-15
      6779.37  3.826890E-15
      6781.67  3.788415E-15
      6783.97  3.721503E-15
      6786.27  3.683574E-15
      6788.57  3.685698E-15
      6790.88  3.721242E-15
      6793.18  3.714757E-15
      6795.48  3.656885E-15
      6797.78  3.656778E-15
      6800.08  3.639101E-15
      6802.38  3.472199E-15
      6804.69  3.394588E-15
      6806.99  3.442052E-15
      6809.29  3.460569E-15
      6811.59  3.483976E-15
      6813.89  3.617646E-15
      6816.19  3.758379E-15
      6818.49  3.691759E-15
      6820.80  3.697490E-15
      6823.10  3.682009E-15
      6825.40  3.612290E-15
      6827.70  3.612652E-15
      6830.00  3.750819E-15
      6832.30  3.799781E-15
      6834.60  3.628139E-15
      6836.91  3.638333E-15
      6839.21  3.663437E-15
      6841.51  3.521848E-15
      6843.81  3.550984E-15
      6846.11  3.580031E-15
      6848.41  3.559938E-15
      6850.71  3.502672E-15
      6853.02  3.569713E-15
      6855.32  3.634527E-15
      6857.62  3.599699E-15
      6859.92  3.606113E-15
      6862.22  3.528615E-15
      6864.52  3.396098E-15
      6866.82  3.019836E-15
      6869.13  2.481503E-15
      6871.43  2.262637E-15
      6873.73  2.298137E-15
      6876.03  2.392453E-15
      6878.33  2.658373E-15
      6880.63  3.025321E-15
      6882.94  3.208714E-15
      6885.24  3.104555E-15
      6887.54  2.954730E-15
      6889.84  2.994426E-15
      6892.14  3.105542E-15
      6894.44  3.048708E-15
      6896.74  2.926082E-15
      6899.05  3.003022E-15
      6901.35  3.050172E-15
      6903.65  2.994648E-15
      6905.95  3.064564E-15
      6908.25  3.103451E-15
      6910.55  3.165001E-15
      6912.85  3.129908E-15
      6915.16  3.057310E-15
      6917.46  3.218865E-15
      6919.76  3.360768E-15
      6922.06  3.370388E-15
      6924.36  3.335915E-15
      6926.66  3.298016E-15
      6928.96  3.229541E-15
      6931.27  3.209147E-15
      6933.57  3.190559E-15
      6935.87  3.095454E-15
      6938.17  3.113589E-15
      6940.47  3.277095E-15
      6942.77  3.323620E-15
      6945.08  3.316934E-15
      6947.38  3.404585E-15
      6949.68  3.211383E-15
      6951.98  3.152767E-15
      6954.28  3.192477E-15
      6956.58  3.156496E-15
      6958.88  3.120946E-15
      6961.19  3.069345E-15
      6963.49  3.153943E-15
      6965.79  3.197704E-15
      6968.09  3.160139E-15
      6970.39  3.240013E-15
      6972.69  3.313704E-15
      6974.99  3.343227E-15
      6977.30  3.349598E-15
      6979.60  3.273372E-15
      6981.90  3.289716E-15
      6984.20  3.235270E-15
      6986.50  3.093052E-15
      6988.80  3.078108E-15
      6991.10  3.112159E-15
      6993.41  3.125807E-15
      6995.71  3.305009E-15
      6998.01  3.410713E-15
      7000.31  3.260412E-15
      7002.61  3.098225E-15
      7004.91  3.201983E-15
      7007.21  3.498063E-15
      7009.52  3.478488E-15
      7011.82  3.593884E-15
      7014.12  3.283097E-15
      7016.42  3.111692E-15
      7018.72  3.138337E-15
      7021.02  3.290262E-15
      7023.33  3.148346E-15
      7025.63  3.094362E-15
      7027.93  3.229005E-15
      7030.23  3.197006E-15
      7032.53  3.278837E-15
      7034.83  3.278458E-15
      7037.13  3.243005E-15
      7039.44  3.153996E-15
      7041.74  3.275289E-15
      7044.04  3.317244E-15
      7046.34  3.383584E-15
      7048.64  3.418724E-15
      7050.94  3.291370E-15
      7053.24  3.219235E-15
      7055.55  3.289895E-15
      7057.85  3.305756E-15
      7060.15  3.262394E-15
      7062.45  3.196222E-15
      7064.75  3.292995E-15
      7067.05  3.190685E-15
      7069.35  3.353382E-15
      7071.66  3.318014E-15
      7073.96  3.218466E-15
      7076.26  3.348900E-15
      7078.56  3.386164E-15
      7080.86  3.301242E-15
      7083.16  3.398823E-15
      7085.46  3.388233E-15
      7087.77  3.276335E-15
      7090.07  3.225444E-15
      7092.37  3.277894E-15
      7094.67  3.278435E-15
      7096.97  3.242269E-15
      7099.27  3.196413E-15
      7101.58  3.187123E-15
      7103.88  3.264417E-15
      7106.18  3.242270E-15
      7108.48  3.306621E-15
      7110.78  3.329140E-15
      7113.08  3.256470E-15
      7115.38  3.223304E-15
      7117.69  3.253433E-15
      7119.99  3.299540E-15
      7122.29  3.277561E-15
      7124.59  3.224585E-15
      7126.89  3.140605E-15
      7129.19  3.139117E-15
      7131.49  3.172864E-15
      7133.80  3.266889E-15
      7136.10  3.283639E-15
      7138.40  3.164909E-15
      7140.70  3.151068E-15
      7143.00  3.234479E-15
      7145.30  3.236645E-15
      7147.60  3.119987E-15
      7149.91  3.125546E-15
      7152.21  3.271974E-15
      7154.51  3.390545E-15
      7156.81  3.267611E-15
      7159.11  3.103828E-15
      7161.41  3.075900E-15
      7163.71  3.067817E-15
      7166.02  2.910275E-15
      7168.32  2.868419E-15
      7170.62  2.880995E-15
      7172.92  2.605395E-15
      7175.22  2.504415E-15
      7177.52  2.519031E-15
      7179.83  2.595624E-15
      7182.13  2.671076E-15
      7184.43  2.605240E-15
      7186.73  2.639348E-15
      7189.03  2.557567E-15
      7191.33  2.724068E-15
      7193.63  2.834672E-15
      7195.94  2.763095E-15
      7198.24  2.816472E-15
      7200.54  2.813127E-15
      7202.84  2.720289E-15
      7205.14  2.623035E-15
      7207.44  2.816798E-15
      7209.74  3.126938E-15
      7212.05  3.273418E-15
      7214.35  3.235431E-15
      7216.65  3.262936E-15
      7218.95  3.319575E-15
      7221.25  3.342169E-15
      7223.55  3.318722E-15
      7225.85  3.411580E-15
      7228.16  3.532635E-15
      7230.46  3.348915E-15
      7232.76  3.073761E-15
      7235.06  3.109614E-15
      7237.36  3.158279E-15
      7239.66  3.237946E-15
      7241.96  2.883164E-15
      7244.27  2.857361E-15
      7246.57  3.117829E-15
      7248.87  3.029302E-15
      7251.17  2.892724E-15
      7253.47  3.072971E-15
      7255.77  3.237337E-15
      7258.08  3.267976E-15
      7260.38  3.338218E-15
      7262.68  3.291390E-15
      7264.98  3.209726E-15
      7267.28  3.150569E-15
      7269.58  3.293494E-15
      7271.88  3.303125E-15
      7274.19  3.038603E-15
      7276.49  2.920732E-15
      7278.79  2.917459E-15
      7281.09  2.975029E-15
      7283.39  3.105221E-15
      7285.69  3.171804E-15
      7287.99  3.088657E-15
      7290.30  3.025360E-15
      7292.60  3.127428E-15
      7294.90  3.238102E-15
      7297.20  3.325679E-15
      7299.50  3.437764E-15
      7301.80  3.380284E-15
      7304.10  3.398500E-15
      7306.41  3.499314E-15
      7308.71  3.345830E-15
      7311.01  3.317600E-15
      7313.31  3.309615E-15
      7315.61  3.199983E-15
      7317.91  3.086444E-15
      7320.21  3.101633E-15
      7322.52  3.367778E-15
      7324.82  3.482239E-15
      7327.12  3.419255E-15
      7329.42  3.410435E-15
      7331.72  3.603859E-15
      7334.02  3.557734E-15
      7336.33  3.545309E-15
      7338.63  3.621660E-15
      7340.93  3.513381E-15
      7343.23  3.553944E-15
      7345.53  3.535894E-15
      7347.83  3.442181E-15
      7350.13  3.361319E-15
      7352.44  3.328223E-15
      7354.74  3.308211E-15
      7357.04  3.362778E-15
      7359.34  3.222939E-15
      7361.64  3.210393E-15
      7363.94  3.071638E-15
      7366.24  3.105500E-15
      7368.55  3.105535E-15
      7370.85  3.034565E-15
      7373.15  3.045622E-15
      7375.45  3.081079E-15
      7377.75  3.117542E-15
      7380.05  3.031924E-15
      7382.35  3.113112E-15
      7384.66  3.188575E-15
      7386.96  3.117469E-15
      7389.26  3.122350E-15
      7391.56  3.133474E-15
      7393.86  3.051455E-15
      7396.16  2.987695E-15
      7398.46  2.966938E-15
      7400.77  2.832096E-15
      7403.07  2.841983E-15
      7405.37  2.889703E-15
      7407.67  2.879899E-15
      7409.97  2.778540E-15
      7412.27  2.817737E-15
      7414.58  2.913272E-15
      7416.88  2.912723E-15
      7419.18  2.871052E-15
      7421.48  2.829214E-15
      7423.78  2.774045E-15
      7426.08  2.789844E-15
      7428.38  2.815722E-15
      7430.69  2.903714E-15
      7432.99  2.982139E-15
      7435.29  2.890423E-15
      7437.59  2.886134E-15
      7439.89  3.005053E-15
      7442.19  3.018369E-15
      7444.49  3.035554E-15
      7446.80  3.030502E-15
      7449.10  2.895837E-15
      7451.40  2.846925E-15
      7453.70  2.905642E-15
      7456.00  3.006373E-15
      7458.30  3.007289E-15
      7460.60  2.889612E-15
      7462.91  2.910476E-15
      7465.21  3.062342E-15
      7467.51  3.086426E-15
      7469.81  2.975170E-15
      7472.11  3.151704E-15
      7474.41  3.209311E-15
      7476.71  2.981938E-15
      7479.02  2.863580E-15
      7481.32  2.994218E-15
      7483.62  3.048113E-15
      7485.92  2.954923E-15
      7488.22  2.885653E-15
      7490.52  2.804859E-15
      7492.83  2.896381E-15
      7495.13  2.920641E-15
      7497.43  2.680132E-15
      7499.73  2.727228E-15
      7502.03  2.948577E-15
      7504.33  2.772940E-15
      7506.63  2.886713E-15
      7508.94  3.030465E-15
      7511.24  2.951664E-15
      7513.54  2.855331E-15
      7515.84  2.854709E-15
      7518.14  2.886446E-15
      7520.44  2.794278E-15
      7522.74  2.857134E-15
      7525.05  2.815704E-15
      7527.35  2.684563E-15
      7529.65  2.633371E-15
      7531.95  2.629265E-15
      7534.25  2.726529E-15
      7536.55  2.832122E-15
      7538.85  2.783649E-15
      7541.16  2.833911E-15
      7543.46  2.780347E-15
      7545.76  2.712593E-15
      7548.06  2.636532E-15
      7550.36  2.725044E-15
      7552.66  2.888770E-15
      7554.97  2.996351E-15
      7557.27  2.973413E-15
      7559.57  2.779501E-15
      7561.87  2.749225E-15
      7564.17  2.822885E-15
      7566.47  2.666226E-15
      7568.77  2.579458E-15
      7571.08  2.647819E-15
      7573.38  2.461294E-15
      7575.68  2.278975E-15
      7577.98  2.266287E-15
      7580.28  2.368967E-15
      7582.58  2.434044E-15
      7584.88  2.554721E-15
      7587.19  2.380161E-15
      7589.49  2.170362E-15
      7591.79  2.128370E-15
      7594.09  1.733067E-15
      7596.39  1.148633E-15
      7598.69  7.942561E-16
      7600.99  5.792007E-16
      7603.30  3.948912E-16
      7605.60  2.431329E-16
      7607.90  2.700653E-16
      7610.20  3.598209E-16
      7612.50  4.463156E-16
      7614.80  7.196639E-16
      7617.10  9.996532E-16
      7619.41  1.387146E-15
      7621.71  1.450676E-15
      7624.01  1.060080E-15
      7626.31  8.948824E-16
      7628.61  9.150617E-16
      7630.91  9.143350E-16
      7633.22  9.291410E-16
      7635.52  9.608458E-16
      7637.82  1.009853E-15
      7640.12  1.129029E-15
      7642.42  1.188445E-15
      7644.72  1.316952E-15
      7647.02  1.412569E-15
      7649.33  1.434910E-15
      7651.63  1.485464E-15
      7653.93  1.549478E-15
      7656.23  1.585203E-15
      7658.53  1.732269E-15
      7660.83  1.870974E-15
      7663.13  1.942239E-15
      7665.44  2.087337E-15
      7667.74  2.160672E-15
      7670.04  2.179335E-15
      7672.34  2.260004E-15
      7674.64  2.296543E-15
      7676.94  2.380728E-15
      7679.24  2.523449E-15
      7681.55  2.525603E-15
      7683.85  2.467119E-15
      7686.15  2.475723E-15
      7688.45  2.529781E-15
      7690.75  2.524996E-15
      7693.05  2.480347E-15
      7695.35  2.427602E-15
      7697.66  2.251886E-15
      7699.96  2.213473E-15
      7702.26  2.209886E-15
      7704.56  2.131074E-15
      7706.86  2.072891E-15
      7709.16  1.983466E-15
      7711.47  2.202553E-15
      7713.77  2.134045E-15
      7716.07  2.237390E-15
      7718.37  2.024030E-15
      7720.67  1.986968E-15
      7722.97  1.938204E-15
      7725.27  1.954342E-15
      7727.58  1.904915E-15
      7729.88  1.927673E-15
      7732.18  1.822596E-15
      7734.48  1.736431E-15
      7736.78  1.896505E-15
      7739.08  1.938401E-15
      7741.38  1.965784E-15
      7743.69  2.196596E-15
      7745.99  2.428164E-15
      7748.29  2.554098E-15
      7750.59  2.486208E-15
      7752.89  2.314599E-15
      7755.19  2.258960E-15
      7757.49  2.256006E-15
      7759.80  2.151359E-15
      7762.10  2.143993E-15
      7764.40  2.116030E-15
      7766.70  2.145812E-15
      7769.00  2.142277E-15
      7771.30  2.104740E-15
      7773.60  2.348542E-15
      7775.91  2.502555E-15
      7778.21  2.543687E-15
      7780.51  2.556142E-15
      7782.81  2.587959E-15
      7785.11  2.687931E-15
      7787.41  2.601662E-15
      7789.72  2.478427E-15
      7792.02  2.595018E-15
      7794.32  2.631547E-15
      7796.62  2.589533E-15
      7798.92  2.664865E-15
      7801.22  2.481820E-15
      7803.52  2.382680E-15
      7805.83  2.323831E-15
      7808.13  2.270022E-15
      7810.43  2.358876E-15
      7812.73  2.256253E-15
      7815.03  2.154473E-15
      7817.33  2.150659E-15
      7819.63  2.058616E-15
      7821.94  2.114962E-15
      7824.24  2.154088E-15
      7826.54  2.254838E-15
      7828.84  2.441486E-15
      7831.14  2.454952E-15
      7833.44  2.459650E-15
      7835.74  2.496401E-15
      7838.05  2.508082E-15
      7840.35  2.505775E-15
      7842.65  2.517626E-15
      7844.95  2.350824E-15
      7847.25  2.079490E-15
      7849.55  2.036027E-15
      7851.85  2.144781E-15
      7854.16  2.150657E-15
      7856.46  2.133471E-15
      7858.76  2.355561E-15
      7861.06  2.445436E-15
      7863.36  2.355953E-15
      7865.66  2.458242E-15
      7867.97  2.418558E-15
      7870.27  2.235683E-15
      7872.57  2.085539E-15
      7874.87  2.035097E-15
