      3242.10  2.884732E-14
      3244.29  3.329528E-14
      3246.47  2.746713E-14
      3248.66  3.481768E-14
      3250.84  2.898067E-14
      3253.03  2.892748E-14
      3255.21  3.270803E-14
      3257.40  2.791673E-14
      3259.58  2.948385E-14
      3261.77  2.966198E-14
      3263.95  2.866263E-14
      3266.13  2.482966E-14
      3268.32  3.132117E-14
      3270.50  3.040237E-14
      3272.69  2.869979E-14
      3274.87  3.296997E-14
      3277.06  3.160382E-14
      3279.24  3.404174E-14
      3281.43  3.021378E-14
      3283.61  3.071714E-14
      3285.80  2.929988E-14
      3287.98  3.215074E-14
      3290.17  3.124233E-14
      3292.35  3.287197E-14
      3294.53  3.186606E-14
      3296.72  2.945675E-14
      3298.90  3.055885E-14
      3301.09  3.273779E-14
      3303.27  3.096754E-14
      3305.46  3.277163E-14
      3307.64  3.271325E-14
      3309.83  3.434608E-14
      3312.01  3.298014E-14
      3314.20  3.140964E-14
      3316.38  3.346115E-14
      3318.57  3.145327E-14
      3320.75  3.287048E-14
      3322.93  3.364602E-14
      3325.12  3.407330E-14
      3327.30  3.253278E-14
      3329.49  3.299784E-14
      3331.67  3.252316E-14
      3333.86  3.324660E-14
      3336.04  3.443618E-14
      3338.23  3.402555E-14
      3340.41  3.613131E-14
      3342.60  3.333986E-14
      3344.78  3.497472E-14
      3346.96  3.344849E-14
      3349.15  3.699908E-14
      3351.33  3.555129E-14
      3353.52  3.473422E-14
      3355.70  3.487706E-14
      3357.89  3.504425E-14
      3360.07  3.422138E-14
      3362.26  3.478430E-14
      3364.44  3.375601E-14
      3366.63  3.667204E-14
      3368.81  3.492761E-14
      3371.00  3.415476E-14
      3373.18  3.547745E-14
      3375.36  3.369064E-14
      3377.55  3.434806E-14
      3379.73  3.463008E-14
      3381.92  3.594581E-14
      3384.10  3.446727E-14
      3386.29  3.646901E-14
      3388.47  3.575749E-14
      3390.66  3.514709E-14
      3392.84  3.467962E-14
      3395.03  3.436464E-14
      3397.21  3.571113E-14
      3399.40  3.281644E-14
      3401.58  3.340173E-14
      3403.76  3.403932E-14
      3405.95  3.521462E-14
      3408.13  3.427195E-14
      3410.32  3.398880E-14
      3412.50  3.493274E-14
      3414.69  3.518886E-14
      3416.87  3.326098E-14
      3419.06  3.482309E-14
      3421.24  3.395292E-14
      3423.43  3.492869E-14
      3425.61  3.475853E-14
      3427.80  3.344303E-14
      3429.98  3.386996E-14
      3432.16  3.439899E-14
      3434.35  3.420258E-14
      3436.53  3.370125E-14
      3438.72  3.545872E-14
      3440.90  3.462491E-14
      3443.09  3.422275E-14
      3445.27  3.492026E-14
      3447.46  3.315531E-14
      3449.64  3.388849E-14
      3451.83  3.443509E-14
      3454.01  3.309159E-14
      3456.19  3.341183E-14
      3458.38  3.361669E-14
      3460.56  3.274478E-14
      3462.75  3.315849E-14
      3464.93  3.438964E-14
      3467.12  3.242786E-14
      3469.30  3.242972E-14
      3471.49  3.324522E-14
      3473.67  3.408162E-14
      3475.86  3.312649E-14
      3478.04  3.287575E-14
      3480.23  3.384107E-14
      3482.41  3.469880E-14
      3484.59  3.435394E-14
      3486.78  3.405052E-14
      3488.96  3.430869E-14
      3491.15  3.292741E-14
      3493.33  3.405897E-14
      3495.52  3.335025E-14
      3497.70  3.354066E-14
      3499.89  3.426676E-14
      3502.07  3.251099E-14
      3504.26  3.322486E-14
      3506.44  3.247128E-14
      3508.63  3.416467E-14
      3510.81  3.267831E-14
      3512.99  3.407443E-14
      3515.18  3.320221E-14
      3517.36  3.372027E-14
      3519.55  3.283966E-14
      3521.73  3.404294E-14
      3523.92  3.451128E-14
      3526.10  3.301960E-14
      3528.29  3.307461E-14
      3530.47  3.279356E-14
      3532.66  3.368621E-14
      3534.84  3.317201E-14
      3537.03  3.342984E-14
      3539.21  3.353735E-14
      3541.39  3.354743E-14
      3543.58  3.278102E-14
      3545.76  3.352751E-14
      3547.95  3.348378E-14
      3550.13  3.284778E-14
      3552.32  3.360549E-14
      3554.50  3.297048E-14
      3556.69  3.396240E-14
      3558.87  3.359134E-14
      3561.06  3.339597E-14
      3563.24  3.323888E-14
      3565.42  3.338677E-14
      3567.61  3.331309E-14
      3569.79  3.235676E-14
      3571.98  3.311369E-14
      3574.16  3.182670E-14
      3576.35  3.244805E-14
      3578.53  3.141986E-14
      3580.72  3.172307E-14
      3582.90  3.238348E-14
      3585.09  3.172314E-14
      3587.27  3.158114E-14
      3589.46  3.172869E-14
      3591.64  3.185394E-14
      3593.82  3.101645E-14
      3596.01  3.073267E-14
      3598.19  3.082730E-14
      3600.38  3.157956E-14
      3602.56  2.988126E-14
      3604.75  3.099345E-14
      3606.93  3.099728E-14
      3609.12  3.134802E-14
      3611.30  3.173147E-14
      3613.49  3.056735E-14
      3615.67  3.166632E-14
      3617.86  3.068755E-14
      3620.04  3.094178E-14
      3622.22  3.060260E-14
      3624.41  3.050309E-14
      3626.59  3.030664E-14
      3628.78  3.100528E-14
      3630.96  2.967530E-14
      3633.15  2.999501E-14
      3635.33  3.083240E-14
      3637.52  2.952733E-14
      3639.70  2.985701E-14
      3641.89  2.970134E-14
      3644.07  2.909037E-14
      3646.26  2.950831E-14
      3648.44  2.919157E-14
      3650.62  2.869643E-14
      3652.81  2.910676E-14
      3654.99  2.943785E-14
      3657.18  2.939551E-14
      3659.36  2.909536E-14
      3661.55  2.927362E-14
      3663.73  2.918902E-14
      3665.92  2.979716E-14
      3668.10  2.941162E-14
      3670.29  2.946127E-14
      3672.47  2.890813E-14
      3674.66  2.970455E-14
      3676.84  2.931719E-14
      3679.02  2.982538E-14
      3681.21  2.903604E-14
      3683.39  2.873402E-14
      3685.58  2.887001E-14
      3687.76  2.906477E-14
      3689.95  2.795732E-14
      3692.13  2.829218E-14
      3694.32  2.792989E-14
      3696.50  2.834675E-14
      3698.69  2.869319E-14
      3700.87  2.793583E-14
      3703.05  2.788426E-14
      3705.24  2.873007E-14
      3707.42  2.864598E-14
      3709.61  2.870046E-14
      3711.79  2.878409E-14
      3713.98  2.904612E-14
      3716.16  2.951724E-14
      3718.35  3.013842E-14
      3720.53  2.954064E-14
      3722.72  2.913450E-14
      3724.90  2.889471E-14
      3727.09  2.955025E-14
      3729.27  2.873980E-14
      3731.45  2.926301E-14
      3733.64  2.907286E-14
      3735.82  2.854746E-14
      3738.01  2.853600E-14
      3740.19  2.831708E-14
      3742.38  2.872621E-14
      3744.56  2.853854E-14
      3746.75  2.878688E-14
      3748.93  2.838041E-14
      3751.12  2.842198E-14
      3753.30  2.801825E-14
      3755.49  2.832651E-14
      3757.67  2.793910E-14
      3759.85  2.812688E-14
      3762.04  2.810811E-14
      3764.22  2.821960E-14
      3766.41  2.752985E-14
      3768.59  2.724510E-14
      3770.78  2.734389E-14
      3772.96  2.697108E-14
      3775.15  2.730396E-14
      3777.33  2.779295E-14
      3779.52  2.751090E-14
      3781.70  2.742874E-14
      3783.89  2.739233E-14
      3786.07  2.714710E-14
      3788.25  2.708900E-14
      3790.44  2.654336E-14
      3792.62  2.699821E-14
      3794.81  2.690835E-14
      3796.99  2.685319E-14
      3799.18  2.652753E-14
      3801.36  2.647014E-14
      3803.55  2.608727E-14
      3805.73  2.595427E-14
      3807.92  2.652841E-14
      3810.10  2.673540E-14
      3812.28  2.579802E-14
      3814.47  2.616444E-14
      3816.65  2.641186E-14
      3818.84  2.570083E-14
      3821.02  2.585761E-14
      3823.21  2.567917E-14
      3825.39  2.546200E-14
      3827.58  2.531882E-14
      3829.76  2.567892E-14
      3831.95  2.623502E-14
      3834.13  2.597497E-14
      3836.32  2.624635E-14
      3838.50  2.574071E-14
      3840.68  2.565381E-14
      3842.87  2.567432E-14
      3845.05  2.618757E-14
      3847.24  2.630041E-14
      3849.42  2.633605E-14
      3851.61  2.538548E-14
      3853.79  2.543488E-14
      3855.98  2.496954E-14
      3858.16  2.526726E-14
      3860.35  2.509594E-14
      3862.53  2.500589E-14
      3864.72  2.511862E-14
      3866.90  2.479897E-14
      3869.08  2.513257E-14
      3871.27  2.497991E-14
      3873.45  2.519186E-14
      3875.64  2.503424E-14
      3877.82  2.450789E-14
      3880.01  2.500027E-14
      3882.19  2.418087E-14
      3884.38  2.398504E-14
      3886.56  2.415584E-14
      3888.75  2.416817E-14
      3890.93  2.423937E-14
      3893.12  2.386561E-14
      3895.30  2.412969E-14
      3897.48  2.438175E-14
      3899.67  2.400259E-14
      3901.85  2.435459E-14
      3904.04  2.423707E-14
      3906.22  2.410067E-14
      3908.41  2.358468E-14
      3910.59  2.367530E-14
      3912.78  2.334872E-14
      3914.96  2.374044E-14
      3917.15  2.382359E-14
      3919.33  2.317877E-14
      3921.51  2.341897E-14
      3923.70  2.362711E-14
      3925.88  2.384999E-14
      3928.07  2.359957E-14
      3930.25  2.333662E-14
      3932.44  2.392799E-14
      3934.62  2.329823E-14
      3936.81  2.307638E-14
      3938.99  2.374997E-14
      3941.18  2.306720E-14
      3943.36  2.340952E-14
      3945.55  2.315497E-14
      3947.73  2.302260E-14
      3949.91  2.366025E-14
      3952.10  2.331690E-14
      3954.28  2.344618E-14
      3956.47  2.336439E-14
      3958.65  2.337239E-14
      3960.84  2.365431E-14
      3963.02  2.346635E-14
      3965.21  2.375558E-14
      3967.39  2.391931E-14
      3969.58  2.356731E-14
      3971.76  2.347632E-14
      3973.95  2.346234E-14
      3976.13  2.333723E-14
      3978.31  2.357554E-14
      3980.50  2.355014E-14
      3982.68  2.388871E-14
      3984.87  2.377567E-14
      3987.05  2.330567E-14
      3989.24  2.371375E-14
      3991.42  2.318146E-14
      3993.61  2.337419E-14
      3995.79  2.331548E-14
      3997.98  2.343326E-14
      4000.16  2.352482E-14
      4002.35  2.359370E-14
      4004.53  2.358183E-14
      4006.71  2.327603E-14
      4008.90  2.366212E-14
      4011.08  2.339073E-14
      4013.27  2.357300E-14
      4015.45  2.314195E-14
      4017.64  2.296669E-14
      4019.82  2.264295E-14
      4022.01  2.212828E-14
      4024.19  2.220049E-14
      4026.38  2.227794E-14
      4028.56  2.214112E-14
      4030.74  2.219194E-14
      4032.93  2.200475E-14
      4035.11  2.189298E-14
      4037.30  2.190626E-14
      4039.48  2.153914E-14
      4041.67  2.167213E-14
      4043.85  2.148754E-14
      4046.04  2.173707E-14
      4048.22  2.175332E-14
      4050.41  2.155069E-14
      4052.59  2.110727E-14
      4054.78  2.137942E-14
      4056.96  2.109736E-14
      4059.14  2.071595E-14
      4061.33  2.090114E-14
      4063.51  2.063719E-14
      4065.70  2.111241E-14
      4067.88  2.044071E-14
      4070.07  2.009936E-14
      4072.25  2.045290E-14
      4074.44  2.008241E-14
      4076.62  2.012138E-14
      4078.81  2.006430E-14
      4080.99  1.977628E-14
      4083.18  1.977293E-14
      4085.36  1.947668E-14
      4087.54  1.947684E-14
      4089.73  1.966907E-14
      4091.91  1.949038E-14
      4094.10  1.924667E-14
      4096.28  1.946949E-14
      4098.47  1.991493E-14
      4100.65  1.959194E-14
      4102.84  1.936630E-14
      4105.02  1.960657E-14
      4107.21  1.966756E-14
      4109.39  1.995165E-14
      4111.58  2.035233E-14
      4113.76  1.979051E-14
      4115.94  2.013393E-14
      4118.13  2.002142E-14
      4120.31  2.057509E-14
      4122.50  2.061791E-14
      4124.68  2.023747E-14
      4126.87  2.068315E-14
      4129.05  2.060250E-14
      4131.24  2.054498E-14
      4133.42  2.041138E-14
      4135.61  2.084644E-14
      4137.79  2.087156E-14
      4139.98  2.061107E-14
      4142.16  2.076070E-14
      4144.34  2.054135E-14
      4146.53  2.068252E-14
      4148.71  2.085651E-14
      4150.90  2.083500E-14
      4153.08  2.028720E-14
      4155.27  2.030757E-14
      4157.45  2.016326E-14
      4159.64  2.046607E-14
      4161.82  2.022924E-14
      4164.01  2.044508E-14
      4166.19  2.041182E-14
      4168.37  2.018546E-14
      4170.56  2.056939E-14
      4172.74  2.079290E-14
      4174.93  2.086778E-14
      4177.11  2.108477E-14
      4179.30  2.085380E-14
      4181.48  2.067990E-14
      4183.67  2.085392E-14
      4185.85  2.072166E-14
      4188.04  2.086055E-14
      4190.22  2.041898E-14
      4192.41  2.056783E-14
      4194.59  2.016276E-14
      4196.77  2.049020E-14
      4198.96  2.077750E-14
      4201.14  2.058552E-14
      4203.33  2.084433E-14
      4205.51  2.032406E-14
      4207.70  2.012716E-14
      4209.88  2.019438E-14
      4212.07  2.032750E-14
      4214.25  2.035049E-14
      4216.44  2.021547E-14
      4218.62  2.034782E-14
      4220.81  2.003312E-14
      4222.99  2.002883E-14
      4225.17  2.004003E-14
      4227.36  1.987048E-14
      4229.54  1.997050E-14
      4231.73  1.978181E-14
      4233.91  1.954795E-14
      4236.10  1.968459E-14
      4238.28  1.948705E-14
      4240.47  1.962270E-14
      4242.65  1.953111E-14
      4244.84  1.970213E-14
      4247.02  1.934385E-14
      4249.21  1.931683E-14
      4251.39  1.940550E-14
      4253.57  1.918964E-14
      4255.76  1.918283E-14
      4257.94  1.907243E-14
      4260.13  1.915553E-14
      4262.31  1.905733E-14
      4264.50  1.911615E-14
      4266.68  1.893839E-14
      4268.87  1.892635E-14
      4271.05  1.885475E-14
      4273.24  1.888016E-14
      4275.42  1.879391E-14
      4277.60  1.866014E-14
      4279.79  1.856389E-14
      4281.97  1.867163E-14
      4284.16  1.875726E-14
      4286.34  1.832354E-14
      4288.53  1.843539E-14
      4290.71  1.802885E-14
      4292.90  1.820854E-14
      4295.08  1.829209E-14
      4297.27  1.825217E-14
      4299.45  1.847603E-14
      4301.64  1.817662E-14
      4303.82  1.810310E-14
      4306.00  1.808561E-14
      4308.19  1.788370E-14
      4310.37  1.814668E-14
      4312.56  1.830931E-14
      4314.74  1.810016E-14
      4316.93  1.762577E-14
      4319.11  1.785499E-14
      4321.30  1.746549E-14
      4323.48  1.802620E-14
      4325.67  1.776184E-14
      4327.85  1.775669E-14
      4330.04  1.741295E-14
      4332.22  1.770069E-14
      4334.40  1.754426E-14
      4336.59  1.757335E-14
      4338.77  1.762845E-14
      4340.96  1.773240E-14
      4343.14  1.738050E-14
      4345.33  1.743355E-14
      4347.51  1.766348E-14
      4349.70  1.731278E-14
      4351.88  1.755870E-14
      4354.07  1.751061E-14
      4356.25  1.738293E-14
      4358.44  1.736636E-14
      4360.62  1.741333E-14
      4362.80  1.731887E-14
      4364.99  1.744114E-14
      4367.17  1.727199E-14
      4369.36  1.758620E-14
      4371.54  1.730512E-14
      4373.73  1.721862E-14
      4375.91  1.707833E-14
      4378.10  1.722079E-14
      4380.28  1.706938E-14
      4382.47  1.708974E-14
      4384.65  1.700484E-14
      4386.83  1.700592E-14
      4389.02  1.706867E-14
      4391.20  1.690392E-14
      4393.39  1.706602E-14
      4395.57  1.722836E-14
      4397.76  1.729407E-14
      4399.94  1.698713E-14
      4402.13  1.671944E-14
      4404.31  1.723275E-14
      4406.50  1.713953E-14
      4408.68  1.703572E-14
      4410.87  1.706220E-14
      4413.05  1.699784E-14
      4415.23  1.718823E-14
      4417.42  1.700444E-14
      4419.60  1.682257E-14
      4421.79  1.681379E-14
      4423.97  1.688315E-14
      4426.16  1.691031E-14
      4428.34  1.696216E-14
      4430.53  1.675734E-14
      4432.71  1.662886E-14
      4434.90  1.655251E-14
      4437.08  1.648599E-14
      4439.27  1.634965E-14
      4441.45  1.647329E-14
      4443.63  1.622510E-14
      4445.82  1.618014E-14
      4448.00  1.622892E-14
      4450.19  1.605976E-14
      4452.37  1.592268E-14
      4454.56  1.594126E-14
      4456.74  1.600108E-14
      4458.93  1.583650E-14
      4461.11  1.587550E-14
      4463.30  1.559699E-14
      4465.48  1.562747E-14
      4467.67  1.559236E-14
      4469.85  1.562731E-14
      4472.03  1.546758E-14
      4474.22  1.564009E-14
      4476.40  1.549149E-14
      4478.59  1.557473E-14
      4480.77  1.561021E-14
      4482.96  1.562043E-14
      4485.14  1.563169E-14
      4487.33  1.580288E-14
      4489.51  1.579872E-14
      4491.70  1.591179E-14
      4493.88  1.580874E-14
      4496.06  1.577050E-14
      4498.25  1.580943E-14
      4500.43  1.607218E-14
      4502.62  1.614154E-14
      4504.80  1.603769E-14
      4506.99  1.633968E-14
      4509.17  1.632105E-14
      4511.36  1.625110E-14
      4513.54  1.674111E-14
      4515.73  1.654157E-14
      4517.91  1.657945E-14
      4520.10  1.663029E-14
      4522.28  1.687417E-14
      4524.46  1.678583E-14
      4526.65  1.680457E-14
      4528.83  1.688442E-14
      4531.02  1.695915E-14
      4533.20  1.705612E-14
      4535.39  1.697602E-14
      4537.57  1.702548E-14
      4539.76  1.709261E-14
      4541.94  1.701642E-14
      4544.13  1.695888E-14
      4546.31  1.723399E-14
      4548.50  1.703910E-14
      4550.68  1.699446E-14
      4552.86  1.708328E-14
      4555.05  1.719838E-14
      4557.23  1.708375E-14
      4559.42  1.714394E-14
      4561.60  1.698069E-14
      4563.79  1.716472E-14
      4565.97  1.712153E-14
      4568.16  1.695490E-14
      4570.34  1.703042E-14
      4572.53  1.670170E-14
      4574.71  1.690690E-14
      4576.90  1.690469E-14
      4579.08  1.675383E-14
      4581.26  1.679175E-14
      4583.45  1.693036E-14
      4585.63  1.696056E-14
      4587.82  1.692507E-14
      4590.00  1.666742E-14
      4592.19  1.654057E-14
      4594.37  1.666813E-14
      4596.56  1.670366E-14
      4598.74  1.667148E-14
      4600.93  1.649367E-14
      4603.11  1.641356E-14
      4605.30  1.640522E-14
      4607.48  1.644724E-14
      4609.66  1.642301E-14
      4611.85  1.609589E-14
      4614.03  1.626978E-14
      4616.22  1.597951E-14
      4618.40  1.603820E-14
      4620.59  1.582704E-14
      4622.77  1.583868E-14
      4624.96  1.581187E-14
      4627.14  1.562513E-14
      4629.33  1.576195E-14
      4631.51  1.576275E-14
      4633.69  1.562322E-14
      4635.88  1.565099E-14
      4638.06  1.561337E-14
      4640.25  1.550714E-14
      4642.43  1.534091E-14
      4644.62  1.538806E-14
      4646.80  1.523072E-14
      4648.99  1.517116E-14
      4651.17  1.517896E-14
      4653.36  1.510710E-14
      4655.54  1.506948E-14
      4657.73  1.497868E-14
      4659.91  1.485008E-14
      4662.09  1.498636E-14
      4664.28  1.471092E-14
      4666.46  1.467482E-14
      4668.65  1.468850E-14
      4670.83  1.470073E-14
      4673.02  1.470476E-14
      4675.20  1.442301E-14
      4677.39  1.462870E-14
      4679.57  1.462982E-14
      4681.76  1.428701E-14
      4683.94  1.454292E-14
      4686.13  1.436098E-14
      4688.31  1.408512E-14
      4690.49  1.414427E-14
      4692.68  1.393100E-14
      4694.86  1.419383E-14
      4697.05  1.402881E-14
      4699.23  1.405581E-14
      4701.42  1.399238E-14
      4703.60  1.409208E-14
      4705.79  1.409790E-14
      4707.97  1.416598E-14
      4710.16  1.399912E-14
      4712.34  1.387016E-14
      4714.53  1.383613E-14
      4716.71  1.380862E-14
      4718.89  1.388974E-14
      4721.08  1.383517E-14
      4723.26  1.382574E-14
      4725.45  1.382129E-14
      4727.63  1.388852E-14
      4729.82  1.377893E-14
      4732.00  1.366846E-14
      4734.19  1.354725E-14
      4736.37  1.389260E-14
      4738.56  1.374686E-14
      4740.74  1.353383E-14
      4742.92  1.361812E-14
      4745.11  1.351666E-14
      4747.29  1.355067E-14
      4749.48  1.363193E-14
      4751.66  1.371890E-14
      4753.85  1.333435E-14
      4756.03  1.336821E-14
      4758.22  1.340057E-14
      4760.40  1.333563E-14
      4762.59  1.341510E-14
      4764.77  1.336316E-14
      4766.96  1.339967E-14
      4769.14  1.329880E-14
      4771.32  1.333292E-14
      4773.51  1.324569E-14
      4775.69  1.323110E-14
      4777.88  1.321269E-14
      4780.06  1.315901E-14
      4782.25  1.320562E-14
      4784.43  1.313717E-14
      4786.62  1.311491E-14
      4788.80  1.322813E-14
      4790.99  1.307419E-14
      4793.17  1.307321E-14
      4795.36  1.309896E-14
      4797.54  1.313114E-14
      4799.72  1.305559E-14
      4801.91  1.295948E-14
      4804.09  1.306251E-14
      4806.28  1.303682E-14
      4808.46  1.303705E-14
      4810.65  1.308409E-14
      4812.83  1.306323E-14
      4815.02  1.287552E-14
      4817.20  1.303817E-14
      4819.39  1.295049E-14
      4821.57  1.289890E-14
      4823.76  1.286237E-14
      4825.94  1.303200E-14
      4828.12  1.284516E-14
      4830.31  1.289299E-14
      4832.49  1.257739E-14
      4834.68  1.273052E-14
      4836.86  1.272523E-14
      4839.05  1.267857E-14
      4841.23  1.269045E-14
      4843.42  1.267402E-14
      4845.60  1.263582E-14
      4847.79  1.258201E-14
      4849.97  1.261904E-14
      4852.15  1.258219E-14
      4854.34  1.269246E-14
      4856.52  1.256604E-14
      4858.71  1.256571E-14
      4860.89  1.255846E-14
      4863.08  1.246788E-14
      4865.26  1.235513E-14
      4867.45  1.241172E-14
      4869.63  1.219721E-14
      4871.82  1.216138E-14
      4874.00  1.236789E-14
      4876.19  1.222703E-14
      4878.37  1.226842E-14
      4880.55  1.218073E-14
      4882.74  1.219429E-14
      4884.92  1.219577E-14
      4887.11  1.222754E-14
      4889.29  1.234359E-14
      4891.48  1.213304E-14
      4893.66  1.209559E-14
      4895.85  1.217863E-14
      4898.03  1.210643E-14
      4900.22  1.211844E-14
      4902.40  1.223132E-14
      4904.59  1.215833E-14
      4906.77  1.203347E-14
      4908.95  1.201767E-14
      4911.14  1.197522E-14
      4913.32  1.207575E-14
      4915.51  1.197636E-14
      4917.69  1.196419E-14
      4919.88  1.195868E-14
      4922.06  1.185528E-14
      4924.25  1.188631E-14
      4926.43  1.193164E-14
      4928.62  1.203607E-14
      4930.80  1.202599E-14
      4932.99  1.179705E-14
      4935.17  1.187301E-14
      4937.35  1.175423E-14
      4939.54  1.186206E-14
      4941.72  1.190511E-14
      4943.91  1.190623E-14
      4946.09  1.169176E-14
      4948.28  1.175925E-14
      4950.46  1.180681E-14
      4952.65  1.182694E-14
      4954.83  1.189777E-14
      4957.02  1.182837E-14
      4959.20  1.192063E-14
      4961.38  1.188021E-14
      4963.57  1.166775E-14
      4965.75  1.159999E-14
      4967.94  1.184392E-14
      4970.12  1.173203E-14
      4972.31  1.168502E-14
      4974.49  1.181548E-14
      4976.68  1.172561E-14
      4978.86  1.181779E-14
      4981.05  1.169367E-14
      4983.23  1.156617E-14
      4985.42  1.163060E-14
      4987.60  1.154832E-14
      4989.78  1.153906E-14
      4991.97  1.160583E-14
      4994.15  1.147040E-14
      4996.34  1.140791E-14
      4998.52  1.152719E-14
      5000.71  1.148604E-14
      5002.89  1.149010E-14
      5005.08  1.149047E-14
      5007.26  1.150061E-14
      5009.45  1.157969E-14
      5011.63  1.144180E-14
      5013.82  1.144360E-14
      5016.00  1.124761E-14
      5018.18  1.140137E-14
      5020.37  1.130619E-14
      5022.55  1.133635E-14
      5024.74  1.120722E-14
      5026.92  1.119233E-14
      5029.11  1.127740E-14
      5031.29  1.121818E-14
      5033.48  1.122181E-14
      5035.66  1.123527E-14
      5037.85  1.111283E-14
      5040.03  1.128447E-14
      5042.22  1.125524E-14
      5044.40  1.121377E-14
      5046.58  1.124817E-14
      5048.77  1.116493E-14
      5050.95  1.105336E-14
      5053.14  1.109027E-14
      5055.32  1.099961E-14
      5057.51  1.097520E-14
      5059.69  1.093988E-14
      5061.88  1.097386E-14
      5064.06  1.106718E-14
      5066.25  1.094975E-14
      5068.43  1.102502E-14
      5070.62  1.098451E-14
      5072.80  1.092979E-14
      5074.98  1.094460E-14
      5077.17  1.088297E-14
      5079.35  1.089284E-14
      5081.54  1.091057E-14
      5083.72  1.090820E-14
      5085.91  1.083653E-14
      5088.09  1.097072E-14
      5090.28  1.098565E-14
      5092.46  1.077643E-14
      5094.65  1.082316E-14
      5096.83  1.089678E-14
      5099.01  1.070936E-14
      5101.20  1.079471E-14
      5103.38  1.060598E-14
      5105.57  1.062320E-14
      5107.75  1.059665E-14
      5109.94  1.051046E-14
      5112.12  1.053118E-14
      5114.31  1.056152E-14
      5116.49  1.067681E-14
      5118.68  1.065094E-14
      5120.86  1.044278E-14
      5123.05  1.071674E-14
      5125.23  1.052124E-14
      5127.41  1.049268E-14
      5129.60  1.053855E-14
      5131.78  1.045097E-14
      5133.97  1.040256E-14
      5136.15  1.032496E-14
      5138.34  1.025349E-14
      5140.52  1.041973E-14
      5142.71  1.037264E-14
      5144.89  1.039026E-14
      5147.08  1.031652E-14
      5149.26  1.030449E-14
      5151.45  1.029779E-14
      5153.63  1.008697E-14
      5155.81  9.987218E-15
      5158.00  1.011459E-14
      5160.18  1.022239E-14
      5162.37  1.013403E-14
      5164.55  9.984508E-15
      5166.74  1.003195E-14
      5168.92  1.013916E-14
      5171.11  1.013983E-14
      5173.29  1.002439E-14
      5175.48  1.006572E-14
      5177.66  1.004249E-14
      5179.85  1.005305E-14
      5182.03  1.006939E-14
      5184.21  1.015629E-14
      5186.40  9.987120E-15
      5188.58  9.951866E-15
      5190.77  1.001234E-14
      5192.95  1.006360E-14
      5195.14  1.004880E-14
      5197.32  9.909447E-15
      5199.51  9.971688E-15
      5201.69  9.866588E-15
      5203.88  9.973379E-15
      5206.06  9.859204E-15
      5208.24  1.006422E-14
      5210.43  1.003207E-14
      5212.61  1.005618E-14
      5214.80  1.017547E-14
      5216.98  1.017962E-14
      5219.17  1.006960E-14
      5221.35  1.017690E-14
      5223.54  1.011274E-14
      5225.72  1.026523E-14
      5227.91  1.010445E-14
      5230.09  1.030256E-14
      5232.28  1.026788E-14
      5234.46  1.025727E-14
      5236.64  1.026584E-14
      5238.83  1.025618E-14
      5241.01  1.033226E-14
      5243.20  1.036407E-14
      5245.38  1.044702E-14
      5247.57  1.028464E-14
      5249.75  1.041762E-14
      5251.94  1.045862E-14
      5254.12  1.036581E-14
      5256.31  1.041132E-14
      5258.49  1.038936E-14
      5260.68  1.047971E-14
      5262.86  1.054956E-14
      5265.04  1.057658E-14
      5267.23  1.059374E-14
      5269.41  1.048355E-14
      5271.60  1.057436E-14
      5273.78  1.046253E-14
      5275.97  1.046873E-14
      5278.15  1.047153E-14
      5280.34  1.055385E-14
      5282.52  1.053123E-14
      5284.71  1.051710E-14
      5286.89  1.049270E-14
      5289.08  1.049259E-14
      5291.26  1.049960E-14
      5293.44  1.042023E-14
      5295.63  1.044377E-14
      5297.81  1.032804E-14
      5300.00  1.035097E-14
      5302.18  1.018116E-14
      5304.37  9.963278E-15
      5306.55  9.985616E-15
      5308.74  9.925098E-15
      5310.92  9.833467E-15
      5313.11  1.005250E-14
      5315.29  1.021369E-14
      5317.47  1.028575E-14
      5319.66  1.017938E-14
      5321.84  1.012449E-14
      5324.03  1.022440E-14
      5326.21  1.001943E-14
      5328.40  1.005517E-14
      5330.58  1.013114E-14
      5332.77  1.002653E-14
      5334.95  1.001646E-14
      5337.14  9.911399E-15
      5339.32  9.970595E-15
      5341.51  9.990424E-15
      5343.69  9.934500E-15
      5345.87  9.856677E-15
      5348.06  9.977906E-15
      5350.24  9.742825E-15
      5352.43  9.860881E-15
      5354.61  9.714489E-15
      5356.80  9.699021E-15
      5358.98  9.697117E-15
      5361.17  9.603863E-15
      5363.35  9.611701E-15
      5365.54  9.589414E-15
      5367.72  9.612250E-15
      5369.91  9.608561E-15
      5372.09  9.545010E-15
      5374.27  9.509359E-15
      5376.46  9.542167E-15
      5378.64  9.361575E-15
      5380.83  9.624568E-15
      5383.01  9.349818E-15
      5385.20  9.379341E-15
      5387.38  9.500453E-15
      5389.57  9.327495E-15
      5391.75  9.399916E-15
      5393.94  9.132695E-15
      5396.12  9.332447E-15
      5398.31  9.306427E-15
      5400.49  9.273310E-15
      5402.67  9.251693E-15
      5404.86  9.245138E-15
      5407.04  9.052977E-15
      5409.23  9.290911E-15
      5411.41  9.205095E-15
      5413.60  9.179921E-15
      5415.78  9.090180E-15
      5417.97  9.054677E-15
      5420.15  9.154236E-15
      5422.34  9.068276E-15
      5424.52  9.158566E-15
      5426.71  9.087285E-15
      5428.89  9.071102E-15
      5431.07  8.998123E-15
      5433.26  8.991736E-15
      5435.44  8.964412E-15
      5437.63  8.974056E-15
      5439.81  8.968871E-15
      5442.00  8.950595E-15
      5444.18  8.881238E-15
      5446.37  8.907776E-15
      5448.55  8.806424E-15
      5450.74  8.941497E-15
      5452.92  8.814403E-15
      5455.10  8.865071E-15
      5457.29  8.788778E-15
      5459.47  8.941836E-15
      5461.66  8.930150E-15
      5463.84  8.878384E-15
      5466.03  8.976212E-15
      5468.21  8.887884E-15
      5470.40  8.821061E-15
      5472.58  8.818401E-15
      5474.77  8.805704E-15
      5476.95  8.868493E-15
      5479.14  8.825388E-15
      5481.32  8.809921E-15
      5483.50  8.794102E-15
      5485.69  8.781613E-15
      5487.87  8.850571E-15
      5490.06  8.684466E-15
      5492.24  8.753870E-15
      5494.43  8.744767E-15
      5496.61  8.745450E-15
      5498.80  8.773080E-15
      5500.98  8.547951E-15
      5503.17  8.601793E-15
      5505.35  8.641362E-15
      5507.54  8.730606E-15
      5509.72  8.572100E-15
      5511.90  8.669100E-15
      5514.09  8.659309E-15
      5516.27  8.614182E-15
      5518.46  8.639152E-15
      5520.64  8.558141E-15
      5522.83  8.646212E-15
      5525.01  8.589100E-15
      5527.20  8.480324E-15
      5529.38  8.434079E-15
      5531.57  8.535187E-15
      5533.75  8.398617E-15
      5535.94  8.604173E-15
      5538.12  8.413040E-15
      5540.30  8.463167E-15
      5542.49  8.427119E-15
      5544.67  8.434874E-15
      5546.86  8.366706E-15
      5549.04  8.460312E-15
      5551.23  8.284299E-15
      5553.41  8.355273E-15
      5555.60  8.309577E-15
      5557.78  8.219591E-15
      5559.97  8.190816E-15
      5562.15  8.254671E-15
      5564.33  8.233467E-15
      5566.52  8.261371E-15
      5568.70  8.210829E-15
      5570.89  8.148033E-15
      5573.07  8.154101E-15
      5575.26  7.956982E-15
      5577.44  7.989778E-15
      5579.63  8.101749E-15
      5581.81  7.969104E-15
      5584.00  8.043764E-15
      5586.18  8.086807E-15
      5588.37  8.145339E-15
      5590.55  8.056985E-15
      5592.73  8.010887E-15
      5594.92  7.985938E-15
      5597.10  8.031118E-15
      5599.29  7.893461E-15
      5601.47  7.990785E-15
      5603.66  7.994529E-15
      5605.84  7.969364E-15
      5608.03  7.970936E-15
      5610.21  7.913400E-15
      5612.40  7.930869E-15
      5614.58  7.940903E-15
      5616.77  7.903605E-15
      5618.95  7.866015E-15
      5621.13  7.760156E-15
      5623.32  7.724252E-15
      5625.50  7.816516E-15
      5627.69  7.878488E-15
      5629.87  7.853545E-15
      5632.06  7.837166E-15
      5634.24  7.787302E-15
      5636.43  7.790643E-15
      5638.61  7.832083E-15
      5640.80  7.783924E-15
      5642.98  7.871531E-15
      5645.17  7.931816E-15
      5647.35  7.852127E-15
      5649.53  7.865929E-15
      5651.72  7.808786E-15
      5653.90  7.878895E-15
      5656.09  7.859504E-15
      5658.27  8.128588E-15
      5660.46  8.078956E-15
      5662.64  8.011283E-15
      5664.83  8.212213E-15
      5667.01  8.159363E-15
      5669.20  8.306186E-15
      5671.38  8.301902E-15
      5673.56  8.330213E-15
      5675.75  8.501516E-15
      5677.93  8.331134E-15
      5680.12  8.548788E-15
      5682.30  8.559785E-15
      5684.49  8.602736E-15
      5686.67  8.579539E-15
      5688.86  8.755821E-15
      5691.04  8.709211E-15
      5693.23  8.802295E-15
      5695.41  8.838575E-15
      5697.60  8.846523E-15
      5699.78  8.845020E-15
      5701.96  8.789044E-15
      5704.15  8.768788E-15
      5706.33  8.896613E-15
      5708.52  8.910987E-15
      5710.70  8.987720E-15
      5712.89  8.802101E-15
      5715.07  9.002502E-15
      5717.26  9.014246E-15
      5719.44  8.806191E-15
      5721.63  8.972832E-15
      5723.81  8.948536E-15
      5726.00  9.081624E-15
      5728.18  9.024743E-15
      5730.36  9.059725E-15
      5732.55  9.070255E-15
      5734.73  9.176278E-15
      5736.92  9.048830E-15
      5739.10  9.005436E-15
      5741.29  8.913417E-15
      5743.47  8.937299E-15
      5745.66  8.950277E-15
      5747.84  9.040602E-15
      5750.03  8.971992E-15
      5752.21  9.044282E-15
      5754.40  9.140421E-15
      5756.58  9.196842E-15
      5758.76  9.085575E-15
      5760.95  9.180578E-15
      5763.13  9.341269E-15
      5765.32  9.117409E-15
      5767.50  9.178514E-15
      5769.69  9.045083E-15
      5771.87  9.180778E-15
      5774.06  9.207104E-15
      5776.24  9.317716E-15
      5778.43  9.091908E-15
      5780.61  9.223075E-15
      5782.79  9.073966E-15
      5784.98  9.040772E-15
      5787.16  9.091188E-15
      5789.35  9.006887E-15
      5791.53  9.245218E-15
      5793.72  9.321082E-15
      5795.90  9.285260E-15
      5798.09  8.990257E-15
      5800.27  9.240960E-15
      5802.46  9.076351E-15
      5804.64  9.033520E-15
      5806.83  8.969898E-15
      5809.01  9.113886E-15
      5811.19  9.048845E-15
      5813.38  8.956844E-15
      5815.56  9.010453E-15
      5817.75  8.825846E-15
      5819.93  8.793015E-15
      5822.12  8.739864E-15
      5824.30  8.695168E-15
      5826.49  8.579841E-15
      5828.67  8.555191E-15
      5830.86  8.630583E-15
      5833.04  8.422617E-15
      5835.23  8.486050E-15
      5837.41  8.556321E-15
      5839.59  8.542062E-15
      5841.78  8.253014E-15
      5843.96  8.307591E-15
      5846.15  8.121563E-15
      5848.33  8.171339E-15
      5850.52  8.206677E-15
      5852.70  8.131523E-15
      5854.89  8.067111E-15
      5857.07  7.904530E-15
      5859.26  7.877783E-15
      5861.44  7.965563E-15
      5863.63  7.866155E-15
      5865.81  7.821152E-15
      5867.99  7.860793E-15
      5870.18  7.831894E-15
      5872.36  7.730373E-15
      5874.55  7.774152E-15
      5876.73  7.749703E-15
      5878.92  7.605067E-15
      5881.10  7.558070E-15
      5883.29  7.599914E-15
      5885.47  7.419747E-15
      5887.66  7.522676E-15
      5889.84  7.527537E-15
      5892.03  7.483456E-15
      5894.21  7.350014E-15
      5896.39  7.201392E-15
      5898.58  7.399536E-15
      5900.76  7.310970E-15
      5902.95  7.216077E-15
      5905.13  7.323790E-15
      5907.32  7.220323E-15
      5909.50  7.255259E-15
      5911.69  7.291930E-15
      5913.87  7.126609E-15
      5916.06  7.187285E-15
      5918.24  7.161444E-15
      5920.42  7.081096E-15
      5922.61  7.090623E-15
      5924.79  7.168147E-15
      5926.98  7.150646E-15
      5929.16  7.168462E-15
      5931.35  7.071962E-15
      5933.53  7.059970E-15
      5935.72  6.928607E-15
      5937.90  6.971835E-15
      5940.09  6.961029E-15
      5942.27  6.987434E-15
      5944.46  6.996722E-15
      5946.64  6.889092E-15
      5948.82  6.883278E-15
      5951.01  6.849122E-15
      5953.19  6.857580E-15
      5955.38  6.812590E-15
      5957.56  6.765094E-15
      5959.75  6.766028E-15
      5961.93  6.870071E-15
      5964.12  6.770887E-15
      5966.30  6.699668E-15
      5968.49  6.814495E-15
      5970.67  6.814671E-15
      5972.86  6.727538E-15
      5975.04  6.511227E-15
      5977.22  6.138402E-15
      5979.41  5.721238E-15
      5981.59  5.281277E-15
      5983.78  5.332437E-15
      5985.96  5.644082E-15
      5988.15  5.958472E-15
      5990.33  6.083289E-15
      5992.52  6.018971E-15
      5994.70  5.976978E-15
      5996.89  6.002238E-15
      5999.07  5.852520E-15
      6001.26  6.046055E-15
      6003.44  6.334551E-15
      6005.62  6.350238E-15
      6007.81  6.369828E-15
      6009.99  6.518077E-15
      6012.18  6.482111E-15
      6014.36  6.587839E-15
      6016.55  6.525904E-15
      6018.73  6.589115E-15
      6020.92  6.538194E-15
      6023.10  6.620962E-15
      6025.29  6.637060E-15
      6027.47  6.625714E-15
      6029.65  6.575402E-15
      6031.84  6.651800E-15
      6034.02  6.610030E-15
      6036.21  6.617873E-15
      6038.39  6.659193E-15
      6040.58  6.639359E-15
      6042.76  6.679080E-15
      6044.95  6.665489E-15
      6047.13  6.528877E-15
      6049.32  6.519013E-15
      6051.50  6.679227E-15
      6053.69  6.687209E-15
      6055.87  6.679646E-15
      6058.05  6.689214E-15
      6060.24  6.671724E-15
      6062.42  6.594942E-15
      6064.61  6.606516E-15
      6066.79  6.595244E-15
      6068.98  6.526998E-15
      6071.16  6.539315E-15
      6073.35  6.445391E-15
      6075.53  6.486536E-15
      6077.72  6.403004E-15
      6079.90  6.506369E-15
      6082.09  6.421825E-15
      6084.27  6.532285E-15
      6086.45  6.472086E-15
      6088.64  6.538679E-15
      6090.82  6.462684E-15
      6093.01  6.397033E-15
      6095.19  6.417397E-15
      6097.38  6.445976E-15
      6099.56  6.536135E-15
      6101.75  6.500121E-15
      6103.93  6.382423E-15
      6106.12  6.509221E-15
      6108.30  6.465916E-15
      6110.49  6.534514E-15
      6112.67  6.489853E-15
      6114.85  6.417685E-15
      6117.04  6.479752E-15
      6119.22  6.455285E-15
      6121.41  6.492270E-15
      6123.59  6.375976E-15
      6125.78  6.451631E-15
      6127.96  6.322833E-15
      6130.15  6.426696E-15
      6132.33  6.400051E-15
      6134.52  6.505424E-15
      6136.70  6.361511E-15
      6138.88  6.480614E-15
      6141.07  6.455272E-15
      6143.25  6.323768E-15
      6145.44  6.407878E-15
      6147.62  6.261716E-15
      6149.81  6.211348E-15
      6151.99  6.177857E-15
      6154.18  6.292759E-15
      6156.36  6.245306E-15
      6158.55  6.183881E-15
      6160.73  6.181992E-15
      6162.92  6.197697E-15
      6165.10  6.138745E-15
      6167.28  6.261729E-15
      6169.47  6.196456E-15
      6171.65  6.209327E-15
      6173.84  6.172123E-15
      6176.02  6.220099E-15
      6178.21  6.230492E-15
      6180.39  6.158874E-15
      6182.58  6.110068E-15
      6184.76  6.278730E-15
      6186.95  6.004615E-15
      6189.13  5.985093E-15
      6191.32  5.961862E-15
      6193.50  5.851836E-15
      6195.68  5.809472E-15
      6197.87  5.731091E-15
      6200.05  5.666880E-15
      6202.24  5.923932E-15
      6204.42  5.852863E-15
      6206.61  5.875607E-15
      6208.79  5.861148E-15
      6210.98  6.146481E-15
      6213.16  6.117450E-15
      6215.35  6.220955E-15
      6217.53  6.262555E-15
      6219.72  6.142345E-15
      6221.90  6.015163E-15
      6224.08  5.929409E-15
      6226.27  5.735770E-15
      6228.45  5.742873E-15
      6230.64  5.736456E-15
      6232.82  5.765976E-15
      6235.01  5.826887E-15
      6237.19  5.912116E-15
      6239.38  6.037640E-15
      6241.56  5.923651E-15
      6243.75  5.825305E-15
      6245.93  5.807232E-15
      6248.11  5.813103E-15
      6250.30  5.725575E-15
      6252.48  5.734216E-15
      6254.67  5.682773E-15
      6256.85  5.546806E-15
      6259.04  5.635804E-15
      6261.22  5.692014E-15
      6263.41  5.845101E-15
      6265.59  5.764334E-15
      6267.78  5.785974E-15
      6269.96  5.681518E-15
      6272.15  5.572919E-15
      6274.33  5.681131E-15
      6276.51  5.664811E-15
      6278.70  5.635486E-15
      6280.88  5.562611E-15
      6283.07  5.662848E-15
      6285.25  5.695370E-15
      6287.44  5.553756E-15
      6289.62  5.719970E-15
      6291.81  5.705946E-15
      6293.99  5.762233E-15
      6296.18  5.731478E-15
      6298.36  5.671196E-15
      6300.55  5.813393E-15
      6302.73  5.710218E-15
      6304.91  5.804426E-15
      6307.10  5.728220E-15
      6309.28  5.708958E-15
      6311.47  5.839819E-15
      6313.65  5.870632E-15
      6315.84  5.914181E-15
      6318.02  5.937080E-15
      6320.21  5.891935E-15
      6322.39  5.708335E-15
      6324.58  5.665119E-15
      6326.76  5.621808E-15
      6328.95  5.626633E-15
      6331.13  5.708753E-15
      6333.31  5.570224E-15
      6335.50  5.765863E-15
      6337.68  5.728277E-15
      6339.87  5.837748E-15
      6342.05  5.838311E-15
      6344.24  5.652034E-15
      6346.42  5.682638E-15
      6348.61  5.715767E-15
      6350.79  5.627573E-15
      6352.98  5.629974E-15
      6355.16  5.529280E-15
      6357.35  5.530679E-15
      6359.53  5.627783E-15
      6361.71  5.570523E-15
      6363.90  5.502898E-15
      6366.08  5.515177E-15
      6368.27  5.699852E-15
      6370.45  5.521625E-15
      6372.64  5.481538E-15
      6374.82  5.437755E-15
      6377.01  5.546651E-15
      6379.19  5.434124E-15
      6381.38  5.341380E-15
      6383.56  5.381384E-15
      6385.74  5.387559E-15
      6387.93  5.278915E-15
      6390.11  5.363229E-15
      6392.30  5.270982E-15
      6394.48  5.321521E-15
      6396.67  5.428308E-15
      6398.85  5.331843E-15
      6401.04  5.332611E-15
      6403.22  5.347474E-15
      6405.41  5.239079E-15
      6407.59  5.139740E-15
      6409.78  5.202944E-15
      6411.96  4.999876E-15
      6414.14  5.112520E-15
      6416.33  5.138165E-15
      6418.51  5.173281E-15
      6420.70  5.297981E-15
      6422.88  5.248737E-15
      6425.07  5.052976E-15
      6427.25  5.279462E-15
      6429.44  5.232955E-15
      6431.62  5.237281E-15
      6433.81  5.066088E-15
      6435.99  4.993421E-15
      6438.18  5.011076E-15
      6440.36  4.977986E-15
      6442.54  5.042342E-15
      6444.73  5.162424E-15
      6446.91  5.169577E-15
      6449.10  5.237138E-15
      6451.28  5.366962E-15
      6453.47  5.235892E-15
      6455.65  5.150003E-15
      6457.84  5.234467E-15
      6460.02  5.217860E-15
      6462.21  5.091191E-15
      6464.39  4.950244E-15
      6466.58  4.473527E-15
      6468.76  3.737402E-15
      6470.94  2.861208E-15
      6473.13  2.007100E-15
      6475.31  1.756743E-15
      6477.50  1.550816E-15
      6479.68  2.198389E-15
      6481.87  2.518158E-15
      6484.05  3.118675E-15
      6486.24  3.287664E-15
      6488.42  3.076441E-15
      6490.61  2.724352E-15
      6492.79  2.846275E-15
      6494.97  2.791661E-15
      6497.16  2.901383E-15
      6499.34  3.119930E-15
      6501.53  3.234738E-15
      6503.71  3.409103E-15
      6505.90  3.771353E-15
      6508.08  4.027070E-15
      6510.27  4.110607E-15
      6512.45  4.208415E-15
      6514.64  4.351005E-15
      6516.82  4.408780E-15
      6519.01  4.597496E-15
      6521.19  4.601940E-15
      6523.37  4.705228E-15
      6525.56  4.687347E-15
      6527.74  4.690553E-15
      6529.93  4.794745E-15
      6532.11  4.781016E-15
      6534.30  4.748933E-15
      6536.48  4.914039E-15
      6538.67  4.917673E-15
      6540.85  4.959392E-15
      6543.04  4.960421E-15
      6545.22  4.831787E-15
      6547.41  4.836755E-15
      6549.59  4.794848E-15
      6551.77  4.783497E-15
      6553.96  4.808152E-15
      6556.14  4.755273E-15
      6558.33  4.688436E-15
      6560.51  4.793563E-15
      6562.70  4.888716E-15
      6564.88  4.801397E-15
      6567.07  4.673597E-15
      6569.25  4.787393E-15
      6571.44  4.621896E-15
      6573.62  4.706838E-15
      6575.81  4.843688E-15
      6577.99  4.942479E-15
      6580.17  4.810250E-15
      6582.36  4.611745E-15
      6584.54  4.899259E-15
      6586.73  4.870408E-15
      6588.91  4.690630E-15
      6591.10  4.700439E-15
      6593.28  4.889571E-15
      6595.47  4.857492E-15
      6597.65  5.016754E-15
      6599.84  4.899256E-15
      6602.02  4.933750E-15
      6604.20  4.865854E-15
      6606.39  4.809080E-15
      6608.57  4.803066E-15
      6610.76  4.793597E-15
      6612.94  4.733592E-15
      6615.13  4.607502E-15
      6617.31  4.598316E-15
      6619.50  4.560451E-15
      6621.68  4.598268E-15
      6623.87  4.733343E-15
      6626.05  4.782015E-15
      6628.24  4.862112E-15
      6630.42  4.777273E-15
      6632.60  4.807754E-15
      6634.79  4.786730E-15
      6636.97  4.911450E-15
      6639.16  4.818346E-15
      6641.34  4.639000E-15
      6643.53  4.786353E-15
      6645.71  4.711768E-15
      6647.90  4.731465E-15
      6650.08  4.621353E-15
      6652.27  4.701332E-15
      6654.45  4.584190E-15
      6656.64  4.568340E-15
      6658.82  4.534638E-15
      6661.00  4.579875E-15
      6663.19  4.472045E-15
      6665.37  4.542661E-15
      6667.56  4.540576E-15
      6669.74  4.533237E-15
      6671.93  4.555135E-15
      6674.11  4.472494E-15
      6676.30  4.463887E-15
      6678.48  4.602454E-15
      6680.67  4.455830E-15
      6682.85  4.703418E-15
      6685.04  4.428660E-15
      6687.22  4.502033E-15
      6689.40  4.454292E-15
      6691.59  4.569914E-15
      6693.77  4.536976E-15
      6695.96  4.663766E-15
      6698.14  4.649496E-15
      6700.33  4.426895E-15
      6702.51  4.567697E-15
      6704.70  4.519608E-15
      6706.88  4.464339E-15
      6709.07  4.509741E-15
      6711.25  4.437786E-15
      6713.43  4.422852E-15
      6715.62  4.525865E-15
      6717.80  4.603946E-15
      6719.99  4.508147E-15
      6722.17  4.377507E-15
      6724.36  4.457511E-15
      6726.54  4.627175E-15
      6728.73  4.450024E-15
      6730.91  4.595236E-15
      6733.10  4.498591E-15
      6735.28  4.452661E-15
      6737.47  4.450175E-15
      6739.65  4.422088E-15
      6741.83  4.408017E-15
      6744.02  4.278836E-15
      6746.20  4.243000E-15
      6748.39  4.439949E-15
      6750.57  4.590283E-15
      6752.76  4.455932E-15
      6754.94  4.533703E-15
      6757.13  4.601098E-15
      6759.31  4.542591E-15
      6761.50  4.497520E-15
      6763.68  4.583606E-15
      6765.87  4.537907E-15
      6768.05  4.393559E-15
      6770.23  4.510582E-15
      6772.42  4.340090E-15
      6774.60  4.309145E-15
      6776.79  4.360115E-15
      6778.97  4.305791E-15
      6781.16  4.345666E-15
      6783.34  4.277049E-15
      6785.53  4.318577E-15
      6787.71  4.361773E-15
      6789.90  4.453466E-15
      6792.08  4.355663E-15
      6794.27  4.270310E-15
      6796.45  4.456417E-15
      6798.63  4.402509E-15
      6800.82  4.598104E-15
      6803.00  4.438392E-15
      6805.19  4.601675E-15
      6807.37  4.598403E-15
      6809.56  4.498184E-15
      6811.74  4.574451E-15
      6813.93  4.472178E-15
      6816.11  4.369247E-15
      6818.30  4.383468E-15
      6820.48  4.413674E-15
      6822.67  4.394469E-15
      6824.85  4.380861E-15
      6827.03  4.359347E-15
      6829.22  4.339652E-15
      6831.40  4.277621E-15
      6833.59  4.497255E-15
      6835.77  4.507417E-15
      6837.96  4.382638E-15
      6840.14  4.382030E-15
      6842.33  4.394378E-15
      6844.51  4.293188E-15
      6846.70  4.042322E-15
      6848.88  4.119770E-15
      6851.06  4.027543E-15
      6853.25  4.005651E-15
      6855.43  4.102241E-15
      6857.62  4.168740E-15
      6859.80  4.122680E-15
      6861.99  3.887999E-15
      6864.17  4.068979E-15
      6866.36  4.270663E-15
      6868.54  4.023913E-15
      6870.73  4.224509E-15
      6872.91  4.108307E-15
      6875.10  4.145281E-15
      6877.28  4.339763E-15
      6879.46  4.400986E-15
      6881.65  4.415346E-15
      6883.83  4.066931E-15
      6886.02  3.822345E-15
      6888.20  3.929832E-15
      6890.39  3.823958E-15
      6892.57  3.765980E-15
      6894.76  3.655061E-15
      6896.94  3.964874E-15
      6899.13  3.841393E-15
      6901.31  3.971380E-15
      6903.50  4.026059E-15
      6905.68  4.018483E-15
      6907.86  3.978405E-15
      6910.05  4.098467E-15
      6912.23  4.256274E-15
      6914.42  4.367755E-15
      6916.60  4.219379E-15
      6918.79  4.227926E-15
      6920.97  4.241687E-15
      6923.16  4.191426E-15
      6925.34  4.114693E-15
      6927.53  4.163929E-15
      6929.71  4.181787E-15
      6931.90  4.111817E-15
      6934.08  4.006022E-15
      6936.26  3.898034E-15
      6938.45  3.914406E-15
      6940.63  3.948833E-15
      6942.82  3.903547E-15
      6945.00  3.832119E-15
      6947.19  4.005266E-15
      6949.37  4.058855E-15
      6951.56  4.073505E-15
      6953.74  3.962054E-15
      6955.93  4.141812E-15
      6958.11  4.127130E-15
      6960.29  4.097581E-15
      6962.48  4.081319E-15
      6964.66  4.209454E-15
      6966.85  4.178209E-15
      6969.03  3.997186E-15
      6971.22  3.960848E-15
      6973.40  3.985425E-15
      6975.59  3.857239E-15
      6977.77  3.877827E-15
      6979.96  3.920306E-15
      6982.14  3.882989E-15
      6984.33  3.961308E-15
      6986.51  3.885205E-15
      6988.69  3.938812E-15
      6990.88  3.946535E-15
      6993.06  3.878870E-15
      6995.25  3.863032E-15
      6997.43  3.945852E-15
      6999.62  4.075409E-15
      7001.80  4.157050E-15
      7003.99  3.970355E-15
      7006.17  3.928210E-15
      7008.36  3.907262E-15
      7010.54  3.981721E-15
      7012.73  4.023420E-15
      7014.91  3.795785E-15
      7017.09  3.931174E-15
      7019.28  3.963076E-15
      7021.46  3.922141E-15
      7023.65  3.756038E-15
      7025.83  3.784021E-15
      7028.02  3.743073E-15
      7030.20  3.919287E-15
      7032.39  3.941375E-15
      7034.57  3.863215E-15
      7036.76  3.933154E-15
      7038.94  3.962599E-15
      7041.13  3.912761E-15
      7043.31  3.914998E-15
      7045.49  4.078670E-15
      7047.68  3.952493E-15
      7049.86  3.725730E-15
      7052.05  3.661940E-15
      7054.23  3.735934E-15
      7056.42  3.671474E-15
      7058.60  3.518612E-15
      7060.79  3.624729E-15
      7062.97  3.676225E-15
      7065.16  3.664591E-15
      7067.34  3.713868E-15
      7069.52  3.740994E-15
      7071.71  3.647832E-15
      7073.89  3.779109E-15
      7076.08  3.817103E-15
      7078.26  3.844164E-15
      7080.45  3.702199E-15
      7082.63  3.598192E-15
      7084.82  3.707736E-15
      7087.00  3.498282E-15
      7089.19  3.516689E-15
      7091.37  3.488412E-15
      7093.56  3.391862E-15
      7095.74  3.460313E-15
      7097.92  3.590870E-15
      7100.11  3.564087E-15
      7102.29  3.371334E-15
      7104.48  3.473882E-15
      7106.66  3.512551E-15
      7108.85  3.537710E-15
      7111.03  3.540704E-15
      7113.22  3.583300E-15
      7115.40  3.425956E-15
      7117.59  3.369756E-15
      7119.77  3.289177E-15
      7121.96  3.260568E-15
      7124.14  3.369760E-15
      7126.32  3.458512E-15
      7128.51  3.443057E-15
      7130.69  3.521135E-15
      7132.88  3.569814E-15
      7135.06  3.482036E-15
      7137.25  3.319225E-15
      7139.43  3.338754E-15
      7141.62  3.362700E-15
      7143.80  3.309043E-15
      7145.99  3.407949E-15
      7148.17  3.359965E-15
      7150.36  3.439194E-15
      7152.54  3.435919E-15
      7154.72  3.405890E-15
      7156.91  3.414489E-15
      7159.09  3.317256E-15
      7161.28  3.469730E-15
      7163.46  3.416995E-15
      7165.65  3.337434E-15
      7167.83  3.357515E-15
      7170.02  3.464951E-15
      7172.20  3.376363E-15
      7174.39  3.369183E-15
      7176.57  3.374846E-15
      7178.76  3.300979E-15
      7180.94  3.373851E-15
      7183.12  3.295833E-15
      7185.31  3.385902E-15
      7187.49  3.282007E-15
      7189.68  3.309515E-15
      7191.86  3.311176E-15
      7194.05  3.432099E-15
      7196.23  3.268197E-15
      7198.42  3.254519E-15
      7200.60  3.245506E-15
      7202.79  3.113767E-15
      7204.97  3.132868E-15
      7207.15  3.190017E-15
      7209.34  3.037494E-15
      7211.52  3.112726E-15
      7213.71  2.964133E-15
      7215.89  2.979461E-15
      7218.08  3.143042E-15
      7220.26  3.272385E-15
      7222.45  3.372136E-15
      7224.63  3.397647E-15
      7226.82  3.351903E-15
      7229.00  3.528091E-15
      7231.19  3.490887E-15
      7233.37  3.410960E-15
      7235.55  3.390485E-15
      7237.74  3.265427E-15
      7239.92  3.311570E-15
      7242.11  3.196560E-15
      7244.29  3.232685E-15
      7246.48  3.404312E-15
      7248.66  3.419489E-15
      7250.85  3.222809E-15
      7253.03  3.366900E-15
      7255.22  3.301574E-15
      7257.40  3.235161E-15
      7259.59  3.249294E-15
      7261.77  3.258940E-15
      7263.95  3.318170E-15
      7266.14  3.278099E-15
      7268.32  3.228641E-15
      7270.51  3.302964E-15
      7272.69  3.446169E-15
      7274.88  3.382732E-15
      7277.06  3.326852E-15
      7279.25  3.347838E-15
      7281.43  3.120903E-15
      7283.62  3.320247E-15
      7285.80  3.310061E-15
      7287.99  3.353278E-15
      7290.17  3.571001E-15
      7292.35  3.200381E-15
      7294.54  3.330990E-15
      7296.72  3.171743E-15
      7298.91  3.342225E-15
      7301.09  3.391900E-15
      7303.28  3.464333E-15
      7305.46  3.562552E-15
      7307.65  3.390287E-15
      7309.83  3.521034E-15
      7312.02  3.434017E-15
      7314.20  3.518955E-15
      7316.38  3.408021E-15
      7318.57  3.336745E-15
      7320.75  3.303759E-15
      7322.94  3.224294E-15
      7325.12  3.256246E-15
      7327.31  3.238698E-15
      7329.49  3.092598E-15
      7331.68  3.317387E-15
      7333.86  3.472452E-15
      7336.05  3.490621E-15
      7338.23  3.533863E-15
      7340.42  3.532283E-15
      7342.60  3.511827E-15
      7344.78  3.687865E-15
      7346.97  3.534411E-15
      7349.15  3.569465E-15
      7351.34  3.552907E-15
      7353.52  3.492281E-15
      7355.71  3.566235E-15
      7357.89  3.545812E-15
      7360.08  3.354689E-15
      7362.26  3.281695E-15
      7364.45  3.312519E-15
      7366.63  3.620270E-15
      7368.82  3.207737E-15
      7371.00  3.068830E-15
      7373.18  3.622304E-15
      7375.37  3.269816E-15
      7377.55  3.420484E-15
      7379.74  3.136547E-15
      7381.92  3.344529E-15
      7384.11  3.277393E-15
      7386.29  3.223165E-15
      7388.48  3.087542E-15
      7390.66  3.046797E-15
      7392.85  2.980007E-15
      7395.03  3.096319E-15
      7397.22  3.164790E-15
      7399.40  3.114705E-15
      7401.58  3.040092E-15
      7403.77  3.067517E-15
      7405.95  2.982364E-15
      7408.14  3.165000E-15
      7410.32  3.117832E-15
      7412.51  2.971340E-15
      7414.69  3.251952E-15
      7416.88  3.305260E-15
      7419.06  3.536663E-15
      7421.25  3.307037E-15
      7423.43  3.457427E-15
      7425.61  3.269266E-15
      7427.80  3.086694E-15
      7429.98  3.332502E-15
      7432.17  3.321914E-15
      7434.35  3.124362E-15
      7436.54  3.121252E-15
      7438.72  2.986529E-15
      7440.91  2.966363E-15
      7443.09  2.972007E-15
      7445.28  2.769267E-15
      7447.46  2.659046E-15
      7449.65  2.606884E-15
      7451.83  2.601148E-15
      7454.01  3.117867E-15
      7456.20  2.787272E-15
      7458.38  2.690486E-15
      7460.57  2.736716E-15
      7462.75  2.714817E-15
      7464.94  2.752492E-15
      7467.12  2.844137E-15
      7469.31  2.814970E-15
      7471.49  2.779309E-15
      7473.68  2.705052E-15
      7475.86  2.691896E-15
      7478.05  2.612001E-15
