      3161.14  3.539176E-15
      3163.44  1.800666E-16
      3165.75  6.589669E-16
      3168.05  1.834683E-16
      3170.35 -5.000367E-16
      3172.66  5.715477E-16
      3174.96 -1.933923E-16
      3177.27  8.470880E-16
      3179.57  3.029828E-16
      3181.87 -3.952469E-16
      3184.18 -2.822802E-16
      3186.48  1.271765E-15
      3188.79  1.047410E-15
      3191.09 -1.403078E-15
      3193.39 -1.034209E-15
      3195.70 -4.345447E-16
      3198.00 -9.730412E-16
      3200.30  1.186577E-15
      3202.61  9.314929E-16
      3204.91  1.679800E-15
      3207.22  1.581462E-15
      3209.52  1.909854E-15
      3211.82  1.299947E-15
      3214.13  1.129891E-15
      3216.43  9.314929E-16
      3218.74  1.866881E-16
      3221.04  1.369042E-15
      3223.34  4.772703E-16
      3225.65 -6.107604E-16
      3227.95 -3.688304E-16
      3230.25  1.379948E-15
      3232.56 -4.979489E-16
      3234.86  9.352237E-16
      3237.17  7.495213E-16
      3239.47  1.688217E-15
      3241.77  6.144596E-16
      3244.08  1.011137E-15
      3246.38  1.472370E-15
      3248.69 -6.932632E-17
      3250.99  1.323240E-15
      3253.29  2.157179E-16
      3255.60  1.454324E-15
      3257.90  1.793558E-15
      3260.21  5.898068E-16
      3262.51  1.288499E-15
      3264.81  8.109004E-16
      3267.12  1.705720E-15
      3269.42  2.014353E-15
      3271.72  1.054564E-15
      3274.03  2.347789E-15
      3276.33  2.658771E-15
      3278.64  2.424597E-15
      3280.94  2.189774E-16
      3283.24 -5.096509E-16
      3285.55  2.111496E-15
      3287.85  2.287231E-15
      3290.16  2.448350E-15
      3292.46  2.041855E-15
      3294.76  3.168696E-15
      3297.07  1.576539E-15
      3299.37  2.667200E-15
      3301.67  1.149437E-15
      3303.98  8.485406E-16
      3306.28  2.194153E-15
      3308.59  5.233786E-15
      3310.89  3.210579E-15
      3313.19  1.224561E-15
      3315.50  3.619000E-15
      3317.80  4.271260E-15
      3320.11  2.934582E-15
      3322.41  2.570213E-15
      3324.71  3.898294E-15
      3327.02  4.074224E-15
      3329.32  3.334630E-15
      3331.63  3.524911E-15
      3333.93  5.013371E-15
      3336.23  4.386283E-15
      3338.54  5.148275E-15
      3340.84  3.271127E-15
      3343.14  3.340118E-15
      3345.45  2.785834E-15
      3347.75  2.786321E-15
      3350.06  3.821312E-15
      3352.36  4.685539E-15
      3354.66  4.512572E-15
      3356.97  4.916135E-15
      3359.27  6.840518E-15
      3361.58  6.252117E-15
      3363.88  5.433998E-15
      3366.18  4.719475E-15
      3368.49  6.015114E-15
      3370.79  5.704837E-15
      3373.09  5.149114E-15
      3375.40  7.141870E-15
      3377.70  5.901961E-15
      3380.01  3.613700E-15
      3382.31  5.613711E-15
      3384.61  6.268011E-15
      3386.92  6.818115E-15
      3389.22  5.572336E-15
      3391.53  6.659766E-15
      3393.83  6.618112E-15
      3396.13  8.358699E-15
      3398.44  7.718216E-15
      3400.74  6.940157E-15
      3403.04  5.694743E-15
      3405.35  7.117160E-15
      3407.65  8.227184E-15
      3409.96  6.958368E-15
      3412.26  6.212643E-15
      3414.56  7.423884E-15
      3416.87  7.013140E-15
      3419.17  6.865184E-15
      3421.48  8.620015E-15
      3423.78  8.881526E-15
      3426.08  7.391836E-15
      3428.39  7.246293E-15
      3430.69  7.314296E-15
      3433.00  7.482869E-15
      3435.30  5.654374E-15
      3437.60  8.772714E-15
      3439.91  8.399855E-15
      3442.21  8.602299E-15
      3444.51  9.391016E-15
      3446.82  8.186785E-15
      3449.12  6.928232E-15
      3451.43  7.037842E-15
      3453.73  7.863729E-15
      3456.03  9.155089E-15
      3458.34  9.317773E-15
      3460.64  8.519267E-15
      3462.95  9.407097E-15
      3465.25  1.080212E-14
      3467.55  9.341472E-15
      3469.86  9.350606E-15
      3472.16  1.050129E-14
      3474.46  9.211194E-15
      3476.77  9.541463E-15
      3479.07  1.031471E-14
      3481.38  8.478700E-15
      3483.68  1.027682E-14
      3485.98  9.342171E-15
      3488.29  8.616156E-15
      3490.59  9.655458E-15
      3492.90  8.504882E-15
      3495.20  1.069454E-14
      3497.50  1.043962E-14
      3499.81  1.015068E-14
      3502.11  1.053513E-14
      3504.42  9.029634E-15
      3506.72  8.187897E-15
      3509.02  7.955547E-15
      3511.33  8.818633E-15
      3513.63  8.402160E-15
      3515.93  7.710897E-15
      3518.24  8.533590E-15
      3520.54  1.007327E-14
      3522.85  9.999577E-15
      3525.15  1.001818E-14
      3527.45  7.940734E-15
      3529.76  8.285094E-15
      3532.06  8.287268E-15
      3534.37  7.298543E-15
      3536.67  6.707842E-15
      3538.97  6.798436E-15
      3541.28  7.558172E-15
      3543.58  7.241070E-15
      3545.88  8.878103E-15
      3548.19  7.770831E-15
      3550.49  6.589780E-15
      3552.80  7.713335E-15
      3555.10  7.580882E-15
      3557.40  6.566964E-15
      3559.71  7.399875E-15
      3562.01  7.832471E-15
      3564.32  8.780698E-15
      3566.62  7.116091E-15
      3568.92  7.315182E-15
      3571.23  8.116960E-15
      3573.53  9.106188E-15
      3575.84  7.702592E-15
      3578.14  8.023454E-15
      3580.44  7.371106E-15
      3582.75  7.571226E-15
      3585.05  8.375252E-15
      3587.35  7.878788E-15
      3589.66  7.489571E-15
      3591.96  7.995301E-15
      3594.27  7.451600E-15
      3596.57  6.099996E-15
      3598.87  6.395241E-15
      3601.18  7.352524E-15
      3603.48  7.378602E-15
      3605.79  7.014280E-15
      3608.09  6.748882E-15
      3610.39  6.848018E-15
      3612.70  7.233165E-15
      3615.00  7.841166E-15
      3617.30  6.611946E-15
      3619.61  6.677653E-15
      3621.91  7.214556E-15
      3624.22  6.719810E-15
      3626.52  6.770793E-15
      3628.82  7.381806E-15
      3631.13  8.107999E-15
      3633.43  7.452246E-15
      3635.74  6.137795E-15
      3638.04  6.700683E-15
      3640.34  7.164519E-15
      3642.65  6.166097E-15
      3644.95  5.113011E-15
      3647.26  5.424513E-15
      3649.56  4.995816E-15
      3651.86  6.303637E-15
      3654.17  6.198263E-15
      3656.47  5.931473E-15
      3658.77  4.908080E-15
      3661.08  6.029605E-15
      3663.38  7.156498E-15
      3665.69  6.654678E-15
      3667.99  7.180533E-15
      3670.29  6.487224E-15
      3672.60  6.685283E-15
      3674.90  7.025691E-15
      3677.21  6.610897E-15
      3679.51  6.221452E-15
      3681.81  5.860664E-15
      3684.12  6.323493E-15
      3686.42  6.146582E-15
      3688.72  6.350039E-15
      3691.03  5.724537E-15
      3693.33  6.677771E-15
      3695.64  5.862076E-15
      3697.94  5.128462E-15
      3700.24  5.635985E-15
      3702.55  4.704867E-15
      3704.85  5.312182E-15
      3707.16  5.641726E-15
      3709.46  5.413427E-15
      3711.76  5.057568E-15
      3714.07  5.197325E-15
      3716.37  6.191975E-15
      3718.68  5.945276E-15
      3720.98  5.705527E-15
      3723.28  5.542828E-15
      3725.59  5.526028E-15
      3727.89  6.346410E-15
      3730.19  6.560340E-15
      3732.50  6.818484E-15
      3734.80  7.172379E-15
      3737.11  7.494868E-15
      3739.41  7.366179E-15
      3741.71  7.494868E-15
      3744.02  7.430524E-15
      3746.32  7.340899E-15
      3748.63  7.706334E-15
      3750.93  7.588982E-15
      3753.23  7.080181E-15
      3755.54  7.783365E-15
      3757.84  7.267413E-15
      3760.14  6.992894E-15
      3762.45  6.901525E-15
      3764.75  7.524702E-15
      3767.06  8.156609E-15
      3769.36  8.060795E-15
      3771.66  8.053970E-15
      3773.97  7.222890E-15
      3776.27  6.560919E-15
      3778.58  6.228661E-15
      3780.88  6.333876E-15
      3783.18  6.740216E-15
      3785.49  6.764155E-15
      3787.79  6.722006E-15
      3790.10  6.485491E-15
      3792.40  6.411199E-15
      3794.70  6.119405E-15
      3797.01  5.938682E-15
      3799.31  5.824736E-15
      3801.61  5.813658E-15
      3803.92  5.689696E-15
      3806.22  5.850968E-15
      3808.53  6.031258E-15
      3810.83  6.319058E-15
      3813.13  6.528950E-15
      3815.44  6.809515E-15
      3817.74  6.977215E-15
      3820.05  7.126088E-15
      3822.35  7.469620E-15
      3824.65  7.241120E-15
      3826.96  6.666640E-15
      3829.26  6.501636E-15
      3831.56  6.853727E-15
      3833.87  6.452979E-15
      3836.17  6.194735E-15
      3838.48  6.560531E-15
      3840.78  6.172696E-15
      3843.08  5.674916E-15
      3845.39  6.132242E-15
      3847.69  6.406084E-15
      3850.00  6.107446E-15
      3852.30  5.980279E-15
      3854.60  6.156759E-15
      3856.91  5.743121E-15
      3859.21  5.522039E-15
      3861.52  6.044998E-15
      3863.82  5.959367E-15
      3866.12  5.188236E-15
      3868.43  5.218912E-15
      3870.73  5.627071E-15
      3873.03  6.018006E-15
      3875.34  7.106700E-15
      3877.64  7.645716E-15
      3879.95  7.195650E-15
      3882.25  6.063269E-15
      3884.55  5.164553E-15
      3886.86  5.047118E-15
      3889.16  4.527741E-15
      3891.47  4.522356E-15
      3893.77  4.726486E-15
      3896.07  5.380092E-15
      3898.38  5.671747E-15
      3900.68  5.532945E-15
      3902.98  5.032183E-15
      3905.29  4.907068E-15
      3907.59  4.871959E-15
      3909.90  4.630404E-15
      3912.20  4.948560E-15
      3914.50  5.298414E-15
      3916.81  5.385501E-15
      3919.11  5.604205E-15
      3921.42  5.324379E-15
      3923.72  5.336611E-15
      3926.02  5.567289E-15
      3928.33  5.557822E-15
      3930.63  5.656461E-15
      3932.93  5.551121E-15
      3935.24  5.806717E-15
      3937.54  6.077243E-15
      3939.85  6.492681E-15
      3942.15  6.616337E-15
      3944.45  6.861853E-15
      3946.76  7.342151E-15
      3949.06  7.847628E-15
      3951.37  8.809620E-15
      3953.67  8.915956E-15
      3955.97  9.347319E-15
      3958.28  9.036394E-15
      3960.58  9.222873E-15
      3962.89  9.422267E-15
      3965.19  9.264080E-15
      3967.49  9.600387E-15
      3969.80  1.014908E-14
      3972.10  1.002168E-14
      3974.40  1.054138E-14
      3976.71  1.126462E-14
      3979.01  1.099921E-14
      3981.32  1.113679E-14
      3983.62  1.052200E-14
      3985.92  1.015728E-14
      3988.23  9.901018E-15
      3990.53  9.685016E-15
      3992.84  9.736992E-15
      3995.14  9.636380E-15
      3997.44  9.384889E-15
      3999.75  9.174120E-15
      4002.05  9.360724E-15
      4004.35  9.295404E-15
      4006.66  9.117000E-15
      4008.96  9.177513E-15
      4011.27  8.962052E-15
      4013.57  8.736363E-15
      4015.87  8.857142E-15
      4018.18  9.064723E-15
      4020.48  8.963952E-15
      4022.79  8.663719E-15
      4025.09  8.906363E-15
      4027.39  8.746788E-15
      4029.70  8.564716E-15
      4032.00  8.001955E-15
      4034.31  7.844974E-15
      4036.61  7.667042E-15
      4038.91  6.761377E-15
      4041.22  6.376732E-15
      4043.52  6.868765E-15
      4045.82  6.907320E-15
      4048.13  6.966779E-15
      4050.43  6.580785E-15
      4052.74  6.152689E-15
      4055.04  5.781981E-15
      4057.34  5.560363E-15
      4059.65  5.471613E-15
      4061.95  5.502697E-15
      4064.26  5.339367E-15
      4066.56  5.801032E-15
      4068.86  6.214009E-15
      4071.17  6.666087E-15
      4073.47  7.429039E-15
      4075.77  7.878213E-15
      4078.08  8.386866E-15
      4080.38  8.708186E-15
      4082.69  8.869163E-15
      4084.99  9.152493E-15
      4087.29  9.664144E-15
      4089.60  1.054863E-14
      4091.90  1.080114E-14
      4094.21  1.111704E-14
      4096.51  1.136447E-14
      4098.81  1.158045E-14
      4101.12  1.114889E-14
      4103.42  1.103202E-14
      4105.73  1.139980E-14
      4108.03  1.180766E-14
      4110.33  1.196717E-14
      4112.64  1.191368E-14
      4114.94  1.154019E-14
      4117.24  1.070062E-14
      4119.55  1.051103E-14
      4121.85  1.077026E-14
      4124.16  1.065830E-14
      4126.46  1.029442E-14
      4128.76  1.069757E-14
      4131.07  1.034803E-14
      4133.37  9.949893E-15
      4135.68  9.456033E-15
      4137.98  9.468764E-15
      4140.28  9.307492E-15
      4142.59  8.936773E-15
      4144.89  8.692436E-15
      4147.19  8.476509E-15
      4149.50  8.547905E-15
      4151.80  8.256424E-15
      4154.11  7.888294E-15
      4156.41  8.125873E-15
      4158.71  8.537655E-15
      4161.02  8.774589E-15
      4163.32  9.092545E-15
      4165.63  9.289099E-15
      4167.93  9.565391E-15
      4170.23  9.595740E-15
      4172.54  9.232572E-15
      4174.84  9.157228E-15
      4177.15  9.136177E-15
      4179.45  8.228497E-15
      4181.75  7.694917E-15
      4184.06  7.391442E-15
      4186.36  6.664363E-15
      4188.66  6.247047E-15
      4190.97  5.944491E-15
      4193.27  5.865340E-15
      4195.58  5.805040E-15
      4197.88  5.666393E-15
      4200.18  5.813707E-15
      4202.49  6.036283E-15
      4204.79  6.165777E-15
      4207.10  6.368936E-15
      4209.40  6.513613E-15
      4211.70  6.567434E-15
      4214.01  6.650657E-15
      4216.31  6.627513E-15
      4218.61  6.738563E-15
      4220.92  6.847661E-15
      4223.22  6.964809E-15
      4225.53  6.821957E-15
      4227.83  6.928181E-15
      4230.13  7.146735E-15
      4232.44  7.148324E-15
      4234.74  7.149161E-15
      4237.05  6.765973E-15
      4239.35  6.822566E-15
      4241.65  7.123626E-15
      4243.96  7.625265E-15
      4246.26  7.495864E-15
      4248.57  7.361455E-15
      4250.87  6.979764E-15
      4253.17  6.989321E-15
      4255.48  6.583139E-15
      4257.78  6.429326E-15
      4260.08  6.037955E-15
      4262.39  5.706444E-15
      4264.69  5.245679E-15
      4267.00  4.726115E-15
      4269.30  4.452919E-15
      4271.60  4.171186E-15
      4273.91  4.051750E-15
      4276.21  4.195268E-15
      4278.52  3.972361E-15
      4280.82  3.849647E-15
      4283.12  3.580776E-15
      4285.43  3.641483E-15
      4287.73  3.533698E-15
      4290.03  3.618921E-15
      4292.34  3.515289E-15
      4294.64  3.414417E-15
      4296.95  3.668094E-15
      4299.25  3.884218E-15
      4301.55  3.695752E-15
      4303.86  3.917579E-15
      4306.16  4.195802E-15
      4308.47  4.407847E-15
      4310.77  4.828708E-15
      4313.07  5.160794E-15
      4315.38  5.457874E-15
      4317.68  5.696268E-15
      4319.99  5.762543E-15
      4322.29  5.971564E-15
      4324.59  6.521311E-15
      4326.90  6.847838E-15
      4329.20  7.084644E-15
      4331.50  6.976627E-15
      4333.81  6.971414E-15
      4336.11  6.903228E-15
      4338.42  7.155629E-15
      4340.72  7.242598E-15
      4343.02  7.124810E-15
      4345.33  6.799031E-15
      4347.63  7.743030E-15
      4349.94  8.126272E-15
      4352.24  7.889037E-15
      4354.54  6.079040E-15
      4356.85  5.543354E-15
      4359.15  7.220070E-15
      4361.45  6.853778E-15
      4363.76  5.926038E-15
      4366.06  5.668267E-15
      4368.37  5.517095E-15
      4370.67  5.652171E-15
      4372.97  5.816169E-15
      4375.28  5.527289E-15
      4377.58  5.603086E-15
      4379.89  5.899081E-15
      4382.19  6.218802E-15
      4384.49  6.588181E-15
      4386.80  6.602612E-15
      4389.10  6.307380E-15
      4391.41  6.355321E-15
      4393.71  6.302674E-15
      4396.01  6.650553E-15
      4398.32  6.825723E-15
      4400.62  6.689996E-15
      4402.92  6.702833E-15
      4405.23  6.969692E-15
      4407.53  7.308879E-15
      4409.84  7.216794E-15
      4412.14  6.931040E-15
      4414.44  6.616287E-15
      4416.75  6.470873E-15
      4419.05  6.253706E-15
      4421.36  6.107079E-15
      4423.66  6.012497E-15
      4425.96  6.183035E-15
      4428.27  6.305204E-15
      4430.57  6.238540E-15
      4432.87  6.490699E-15
      4435.18  6.500832E-15
      4437.48  6.517299E-15
      4439.79  6.501100E-15
      4442.09  6.573724E-15
      4444.39  6.842613E-15
      4446.70  6.796048E-15
      4449.00  6.847748E-15
      4451.31  6.838162E-15
      4453.61  7.197045E-15
      4455.91  7.528286E-15
      4458.22  7.815939E-15
      4460.52  7.994279E-15
      4462.82  7.822948E-15
      4465.13  7.797063E-15
      4467.43  7.653814E-15
      4469.74  7.445795E-15
      4472.04  6.952158E-15
      4474.34  6.531976E-15
      4476.65  6.554539E-15
      4478.95  6.267099E-15
      4481.26  6.135451E-15
      4483.56  6.267998E-15
      4485.86  6.155530E-15
      4488.17  5.978542E-15
      4490.47  5.776899E-15
      4492.78  5.840656E-15
      4495.08  5.651774E-15
      4497.38  5.627090E-15
      4499.69  5.537375E-15
      4501.99  5.300963E-15
      4504.29  5.280480E-15
      4506.60  5.217338E-15
      4508.90  4.961225E-15
      4511.21  4.961075E-15
      4513.51  4.961459E-15
      4515.81  4.723643E-15
      4518.12  4.685182E-15
      4520.42  4.800647E-15
      4522.73  4.749668E-15
      4525.03  4.681462E-15
      4527.33  4.801981E-15
      4529.64  4.895760E-15
      4531.94  4.648923E-15
      4534.24  4.964757E-15
      4536.55  5.139591E-15
      4538.85  5.177217E-15
      4541.16  5.132090E-15
      4543.46  5.332263E-15
      4545.76  5.661667E-15
      4548.07  5.754550E-15
      4550.37  6.039350E-15
      4552.68  6.263065E-15
      4554.98  6.360262E-15
      4557.28  6.618124E-15
      4559.59  7.125213E-15
      4561.89  7.433642E-15
      4564.20  7.785124E-15
      4566.50  8.134921E-15
      4568.80  8.741045E-15
      4571.11  9.218271E-15
      4573.41  9.987975E-15
      4575.71  1.039410E-14
      4578.02  1.078491E-14
      4580.32  1.106077E-14
      4582.63  1.139018E-14
      4584.93  1.174110E-14
      4587.23  1.161245E-14
      4589.54  1.162240E-14
      4591.84  1.146660E-14
      4594.15  1.128361E-14
      4596.45  1.129170E-14
      4598.75  1.084580E-14
      4601.06  1.034257E-14
      4603.36  1.012505E-14
      4605.66  9.723070E-15
      4607.97  9.354659E-15
      4610.27  9.038545E-15
      4612.58  8.968204E-15
      4614.88  8.880696E-15
      4617.18  8.886756E-15
      4619.49  9.274609E-15
      4621.79  9.479345E-15
      4624.10  9.552423E-15
      4626.40  9.596057E-15
      4628.70  9.556825E-15
      4631.01  9.686754E-15
      4633.31  9.535097E-15
      4635.62  9.761297E-15
      4637.92  9.840914E-15
      4640.22  9.689027E-15
      4642.53  9.687898E-15
      4644.83  9.831003E-15
      4647.13  9.991858E-15
      4649.44  1.031343E-14
      4651.74  1.016790E-14
      4654.05  1.022683E-14
      4656.35  1.049193E-14
      4658.65  1.034894E-14
      4660.96  1.023429E-14
      4663.26  1.042361E-14
      4665.57  1.047160E-14
      4667.87  1.055939E-14
      4670.17  1.048832E-14
      4672.48  1.020002E-14
      4674.78  1.016839E-14
      4677.08  1.005151E-14
      4679.39  1.001317E-14
      4681.69  1.019274E-14
      4684.00  1.000602E-14
      4686.30  9.994554E-15
      4688.60  9.997143E-15
      4690.91  1.000472E-14
      4693.21  1.035908E-14
      4695.52  1.047287E-14
      4697.82  1.019996E-14
      4700.12  1.011042E-14
      4702.43  1.025001E-14
      4704.73  1.014518E-14
      4707.04  9.972348E-15
      4709.34  9.909538E-15
      4711.64  9.794949E-15
      4713.95  9.534033E-15
      4716.25  9.450000E-15
      4718.55  9.339589E-15
      4720.86  9.299445E-15
      4723.16  9.022990E-15
      4725.47  8.858563E-15
      4727.77  8.940683E-15
      4730.07  8.783164E-15
      4732.38  8.423646E-15
      4734.68  8.384094E-15
      4736.99  8.222391E-15
      4739.29  7.894844E-15
      4741.59  7.577770E-15
      4743.90  7.252427E-15
      4746.20  7.047977E-15
      4748.50  7.095853E-15
      4750.81  7.023154E-15
      4753.11  6.815889E-15
      4755.42  6.772081E-15
      4757.72  6.669265E-15
      4760.02  6.603447E-15
      4762.33  6.517319E-15
      4764.63  6.554027E-15
      4766.94  6.564164E-15
      4769.24  6.422707E-15
      4771.54  6.056084E-15
      4773.85  5.890759E-15
      4776.15  5.624115E-15
      4778.46  5.405325E-15
      4780.76  4.870343E-15
      4783.06  4.758123E-15
      4785.37  4.455311E-15
      4787.67  4.294150E-15
      4789.97  4.053117E-15
      4792.28  3.900766E-15
      4794.58  3.677665E-15
      4796.89  3.272909E-15
      4799.19  2.938638E-15
      4801.49  2.888402E-15
      4803.80  2.944084E-15
      4806.10  2.926924E-15
      4808.41  2.966030E-15
      4810.71  2.718179E-15
      4813.01  2.789112E-15
      4815.32  2.967617E-15
      4817.62  3.156882E-15
      4819.92  3.366724E-15
      4822.23  3.835310E-15
      4824.53  4.152725E-15
      4826.84  4.454652E-15
      4829.14  4.761048E-15
      4831.44  5.294532E-15
      4833.75  5.935614E-15
      4836.05  6.472873E-15
      4838.36  6.897213E-15
      4840.66  7.510420E-15
      4842.96  8.304951E-15
      4845.27  9.034493E-15
      4847.57  9.737011E-15
      4849.88  1.054305E-14
      4852.18  1.146441E-14
      4854.48  1.184053E-14
      4856.79  1.213272E-14
      4859.09  1.214299E-14
      4861.39  1.244123E-14
      4863.70  1.252024E-14
      4866.00  1.229717E-14
      4868.31  1.217199E-14
      4870.61  1.200130E-14
      4872.91  1.176615E-14
      4875.22  1.157470E-14
      4877.52  1.147026E-14
      4879.83  1.119439E-14
      4882.13  1.046174E-14
      4884.43  9.886712E-15
      4886.74  9.600761E-15
      4889.04  9.103258E-15
      4891.34  8.749306E-15
      4893.65  8.567994E-15
      4895.95  8.389777E-15
      4898.26  8.143631E-15
      4900.56  8.029057E-15
      4902.86  8.099508E-15
      4905.17  8.230320E-15
      4907.47  8.548058E-15
      4909.78  8.862005E-15
      4912.08  9.247259E-15
      4914.38  9.595846E-15
      4916.69  1.006257E-14
      4918.99  1.039668E-14
      4921.30  1.064682E-14
      4923.60  1.099570E-14
      4925.90  1.120625E-14
      4928.21  1.161175E-14
      4930.51  1.163337E-14
      4932.81  1.164106E-14
      4935.12  1.178238E-14
      4937.42  1.166753E-14
      4939.73  1.163446E-14
      4942.03  1.146611E-14
      4944.33  1.109240E-14
      4946.64  1.080142E-14
      4948.94  1.075923E-14
      4951.25  1.055112E-14
      4953.55  1.012124E-14
      4955.85  9.753077E-15
      4958.16  9.613848E-15
      4960.46  9.283530E-15
      4962.76  8.763714E-15
      4965.07  8.571841E-15
      4967.37  8.299392E-15
      4969.68  8.079623E-15
      4971.98  7.860487E-15
      4974.28  7.642421E-15
      4976.59  7.338459E-15
      4978.89  6.793139E-15
      4981.20  6.122457E-15
      4983.50  5.763759E-15
      4985.80  5.439465E-15
      4988.11  5.394449E-15
      4990.41  5.449443E-15
      4992.71  5.364889E-15
      4995.02  5.520091E-15
      4997.32  6.017392E-15
      4999.63  6.359827E-15
      5001.93  6.776542E-15
      5004.23  7.420183E-15
      5006.54  8.007797E-15
      5008.84  8.609604E-15
      5011.15  9.888729E-15
      5013.45  1.048873E-14
      5015.75  1.087082E-14
      5018.06  1.107539E-14
      5020.36  1.133853E-14
      5022.67  1.140480E-14
      5024.97  1.143191E-14
      5027.27  1.141993E-14
      5029.58  1.132227E-14
      5031.88  1.131629E-14
      5034.18  1.114177E-14
      5036.49  1.095287E-14
      5038.79  1.070574E-14
      5041.10  1.061311E-14
      5043.40  1.057168E-14
      5045.70  1.023531E-14
      5048.01  1.001870E-14
      5050.31  9.928271E-15
      5052.62  9.719819E-15
      5054.92  9.478444E-15
      5057.22  9.472741E-15
      5059.53  9.276707E-15
      5061.83  9.324732E-15
      5064.13  9.003040E-15
      5066.44  8.881795E-15
      5068.74  8.779999E-15
      5071.05  8.609289E-15
      5073.35  8.554292E-15
      5075.65  8.488708E-15
      5077.96  8.101000E-15
      5080.26  8.206813E-15
      5082.57  8.078159E-15
      5084.87  7.941625E-15
      5087.17  7.785505E-15
      5089.48  7.617132E-15
      5091.78  7.563265E-15
      5094.09  7.508256E-15
      5096.39  7.409740E-15
      5098.69  7.233549E-15
      5101.00  7.040423E-15
      5103.30  6.894727E-15
      5105.60  6.836808E-15
      5107.91  6.555016E-15
      5110.21  6.317056E-15
      5112.52  6.104910E-15
      5114.82  6.013991E-15
      5117.12  5.806311E-15
      5119.43  5.486226E-15
      5121.73  5.328754E-15
      5124.04  4.989860E-15
      5126.34  4.796930E-15
      5128.64  4.602429E-15
      5130.95  4.368986E-15
      5133.25  4.237186E-15
      5135.55  4.013221E-15
      5137.86  3.872012E-15
      5140.16  3.886930E-15
      5142.47  3.778174E-15
      5144.77  3.993396E-15
      5147.07  4.203697E-15
      5149.38  4.426603E-15
      5151.68  4.713028E-15
      5153.99  4.944893E-15
      5156.29  5.116046E-15
      5158.59  5.358235E-15
      5160.90  5.737305E-15
      5163.20  5.898334E-15
      5165.51  6.127775E-15
      5167.81  6.434560E-15
      5170.11  6.426518E-15
      5172.42  6.537150E-15
      5174.72  6.773896E-15
      5177.02  7.016568E-15
      5179.33  7.188166E-15
      5181.63  7.483960E-15
      5183.94  7.642773E-15
      5186.24  7.649326E-15
      5188.54  8.120222E-15
      5190.85  8.186006E-15
      5193.15  8.207771E-15
      5195.46  8.259400E-15
      5197.76  8.223157E-15
      5200.06  8.025950E-15
      5202.37  7.990787E-15
      5204.67  7.907345E-15
      5206.97  7.637975E-15
      5209.28  7.624354E-15
      5211.58  7.635095E-15
      5213.89  7.638446E-15
      5216.19  7.601036E-15
      5218.49  7.467497E-15
      5220.80  7.406172E-15
      5223.10  7.450210E-15
      5225.41  7.627113E-15
      5227.71  7.659483E-15
      5230.01  7.549617E-15
      5232.32  7.505992E-15
      5234.62  7.659202E-15
      5236.93  7.681513E-15
      5239.23  7.648737E-15
      5241.53  7.627349E-15
      5243.84  7.791201E-15
      5246.14  7.700062E-15
      5248.44  7.567697E-15
      5250.75  7.563815E-15
      5253.05  7.678514E-15
      5255.36  7.763656E-15
      5257.66  7.733327E-15
      5259.96  7.868146E-15
      5262.27  7.872286E-15
      5264.57  7.989065E-15
      5266.88  8.125621E-15
      5269.18  8.233614E-15
      5271.48  8.263999E-15
      5273.79  8.333548E-15
      5276.09  8.061407E-15
      5278.39  7.868264E-15
      5280.70  7.649369E-15
      5283.00  7.335562E-15
      5285.31  7.119816E-15
      5287.61  6.806637E-15
      5289.91  6.695053E-15
      5292.22  6.398949E-15
      5294.52  6.351534E-15
      5296.83  6.436217E-15
      5299.13  6.569053E-15
      5301.43  6.771483E-15
      5303.74  6.889110E-15
      5306.04  7.053066E-15
      5308.35  7.422527E-15
      5310.65  7.602528E-15
      5312.95  7.929463E-15
      5315.26  8.036722E-15
      5317.56  8.092714E-15
      5319.86  8.203381E-15
      5322.17  8.525250E-15
      5324.47  8.573656E-15
      5326.78  8.421147E-15
      5329.08  8.328195E-15
      5331.38  8.413865E-15
      5333.69  8.292878E-15
      5335.99  8.171399E-15
      5338.30  8.036632E-15
      5340.60  8.168723E-15
      5342.90  8.049799E-15
      5345.21  7.971293E-15
      5347.51  8.060191E-15
      5349.81  7.990830E-15
      5352.12  8.257917E-15
      5354.42  8.167942E-15
      5356.73  8.189029E-15
      5359.03  8.020184E-15
      5361.33  7.890019E-15
      5363.64  7.845534E-15
      5365.94  8.035371E-15
      5368.25  8.031975E-15
      5370.55  7.844526E-15
      5372.85  8.058544E-15
      5375.16  8.121342E-15
      5377.46  8.003989E-15
      5379.77  7.940650E-15
      5382.07  7.891685E-15
      5384.37  7.865699E-15
      5386.68  7.811041E-15
      5388.98  7.728353E-15
      5391.28  7.735071E-15
      5393.59  7.669288E-15
      5395.89  7.590621E-15
      5398.20  7.601985E-15
      5400.50  7.502400E-15
      5402.80  7.703502E-15
      5405.11  7.710445E-15
      5407.41  7.810939E-15
      5409.72  7.933483E-15
      5412.02  8.022373E-15
      5414.32  8.187337E-15
      5416.63  8.190637E-15
      5418.93  8.154618E-15
      5421.23  8.351022E-15
      5423.54  8.424878E-15
      5425.84  8.454286E-15
      5428.15  8.382837E-15
      5430.45  8.497062E-15
      5432.75  8.672149E-15
      5435.06  8.686441E-15
      5437.36  8.497128E-15
      5439.67  8.354380E-15
      5441.97  8.280419E-15
      5444.27  8.149046E-15
      5446.58  8.082194E-15
      5448.88  7.913036E-15
      5451.19  7.732443E-15
      5453.49  7.731478E-15
      5455.79  7.598428E-15
      5458.10  7.324656E-15
      5460.40  7.556494E-15
      5462.70  7.789075E-15
      5465.01  7.994867E-15
      5467.31  7.738323E-15
      5469.62  7.363540E-15
      5471.92  7.223288E-15
      5474.22  7.161210E-15
      5476.53  7.201754E-15
      5478.83  6.943921E-15
      5481.14  6.933854E-15
      5483.44  6.899513E-15
      5485.74  6.856904E-15
      5488.05  6.943536E-15
      5490.35  6.793330E-15
      5492.65  6.649412E-15
      5494.96  6.650363E-15
      5497.26  6.785605E-15
      5499.57  6.923739E-15
      5501.87  6.917024E-15
      5504.17  7.101964E-15
      5506.48  7.116419E-15
      5508.78  7.214488E-15
      5511.09  7.634415E-15
      5513.39  7.499628E-15
      5515.69  7.435818E-15
      5518.00  7.683155E-15
      5520.30  7.793526E-15
      5522.60  8.006498E-15
      5524.91  8.101538E-15
      5527.21  8.250120E-15
      5529.52  8.227188E-15
      5531.82  8.224711E-15
      5534.12  8.432921E-15
      5536.43  8.610489E-15
      5538.73  8.477569E-15
      5541.04  8.288462E-15
      5543.34  8.462432E-15
      5545.64  8.332948E-15
      5547.95  8.177053E-15
      5550.25  8.236386E-15
      5552.56  8.172619E-15
      5554.86  7.953681E-15
      5557.16  7.806202E-15
      5559.47  7.803912E-15
      5561.77  7.770089E-15
      5564.07  7.720639E-15
      5566.38  7.557675E-15
      5568.68  7.548228E-15
      5570.99  7.526906E-15
      5573.29  7.019023E-15
      5575.59  7.184577E-15
      5577.90  7.253157E-15
      5580.20  8.059464E-15
      5582.51  8.064418E-15
      5584.81  7.391549E-15
      5587.11  7.118817E-15
      5589.42  7.057883E-15
      5591.72  6.960668E-15
      5594.02  6.867644E-15
      5596.33  6.820593E-15
      5598.63  6.546370E-15
      5600.94  6.551373E-15
      5603.24  6.415051E-15
      5605.54  6.320214E-15
      5607.85  6.157577E-15
      5610.15  6.096651E-15
      5612.46  5.926516E-15
      5614.76  5.860064E-15
      5617.06  5.870980E-15
      5619.37  5.791823E-15
      5621.67  5.730182E-15
      5623.98  5.711668E-15
      5626.28  5.581077E-15
      5628.58  5.579521E-15
      5630.89  5.761198E-15
      5633.19  5.782573E-15
      5635.49  5.675526E-15
      5637.80  5.501525E-15
      5640.10  5.872642E-15
      5642.41  5.821228E-15
      5644.71  5.832076E-15
      5647.01  5.961420E-15
      5649.32  6.179144E-15
      5651.62  6.387498E-15
      5653.93  6.545322E-15
      5656.23  6.628028E-15
      5658.53  6.909581E-15
      5660.84  6.889485E-15
      5663.14  7.054618E-15
      5665.44  6.992031E-15
      5667.75  7.095362E-15
      5670.05  7.434408E-15
      5672.36  7.341525E-15
      5674.66  7.435162E-15
      5676.96  7.360082E-15
      5679.27  7.384002E-15
      5681.57  7.552158E-15
      5683.88  7.371644E-15
      5686.18  7.255711E-15
      5688.48  7.513010E-15
      5690.79  7.398953E-15
      5693.09  7.453002E-15
      5695.40  7.434015E-15
      5697.70  7.264831E-15
      5700.00  7.208104E-15
      5702.31  7.334714E-15
      5704.61  7.291513E-15
      5706.91  7.067147E-15
      5709.22  7.161489E-15
      5711.52  7.145607E-15
      5713.83  6.949182E-15
      5716.13  6.957536E-15
      5718.43  6.971763E-15
      5720.74  6.795126E-15
      5723.04  6.740561E-15
      5725.35  6.929451E-15
      5727.65  6.902145E-15
      5729.95  6.850791E-15
      5732.26  6.833741E-15
      5734.56  6.902611E-15
      5736.86  6.789174E-15
      5739.17  6.711178E-15
      5741.47  6.727338E-15
      5743.78  6.656843E-15
      5746.08  6.531596E-15
      5748.38  6.570087E-15
      5750.69  6.526475E-15
      5752.99  6.486170E-15
      5755.30  6.506800E-15
      5757.60  6.575261E-15
      5759.90  6.496020E-15
      5762.21  6.514889E-15
      5764.51  6.529054E-15
      5766.82  6.487085E-15
      5769.12  6.649653E-15
      5771.42  6.676998E-15
      5773.73  6.774673E-15
      5776.03  6.598936E-15
      5778.33  6.355544E-15
      5780.64  6.351318E-15
      5782.94  6.235071E-15
      5785.25  6.161493E-15
      5787.55  6.228081E-15
      5789.85  6.323410E-15
      5792.16  6.280608E-15
      5794.46  6.056261E-15
      5796.77  5.963443E-15
      5799.07  5.810876E-15
      5801.37  5.704389E-15
      5803.68  5.605484E-15
      5805.98  5.340932E-15
      5808.28  5.228951E-15
      5810.59  5.043794E-15
      5812.89  4.804861E-15
      5815.20  4.613239E-15
      5817.50  4.421922E-15
      5819.80  4.195462E-15
      5822.11  4.093019E-15
      5824.41  3.868169E-15
      5826.72  3.822002E-15
      5829.02  3.810042E-15
      5831.32  3.618590E-15
      5833.63  3.405711E-15
      5835.93  3.385560E-15
      5838.24  3.469567E-15
      5840.54  3.608399E-15
      5842.84  3.682782E-15
      5845.15  3.461136E-15
      5847.45  3.459784E-15
      5849.75  3.819754E-15
      5852.06  4.062588E-15
      5854.36  4.194129E-15
      5856.67  4.153027E-15
      5858.97  4.482055E-15
      5861.27  4.881108E-15
      5863.58  5.087024E-15
      5865.88  5.446291E-15
      5868.19  5.361502E-15
      5870.49  5.555893E-15
      5872.79  5.885588E-15
      5875.10  6.076869E-15
      5877.40  6.427280E-15
      5879.70  6.634285E-15
      5882.01  6.761262E-15
      5884.31  6.840716E-15
      5886.62  7.049488E-15
      5888.92  7.068951E-15
      5891.22  7.295718E-15
      5893.53  7.525930E-15
      5895.83  7.609702E-15
      5898.14  7.569405E-15
      5900.44  7.499526E-15
      5902.74  7.668326E-15
      5905.05  7.706450E-15
      5907.35  7.625899E-15
      5909.66  7.491509E-15
      5911.96  7.652514E-15
      5914.26  7.692270E-15
      5916.57  7.696700E-15
      5918.87  7.533397E-15
      5921.17  7.532093E-15
      5923.48  7.493685E-15
      5925.78  7.374105E-15
      5928.09  7.289266E-15
      5930.39  7.228484E-15
      5932.69  7.380487E-15
      5935.00  7.380633E-15
      5937.30  7.152281E-15
      5939.61  7.190678E-15
      5941.91  7.055453E-15
      5944.21  7.053202E-15
      5946.52  7.004986E-15
      5948.82  7.043735E-15
      5951.12  6.774325E-15
      5953.43  6.711070E-15
      5955.73  6.662513E-15
      5958.04  6.778421E-15
      5960.34  6.745165E-15
      5962.64  6.742140E-15
      5964.95  6.661788E-15
      5967.25  6.650544E-15
      5969.56  6.463242E-15
      5971.86  6.472728E-15
      5974.16  6.623301E-15
      5976.47  6.523948E-15
      5978.77  6.487687E-15
      5981.08  6.510381E-15
      5983.38  6.483205E-15
      5985.68  6.345531E-15
      5987.99  6.513514E-15
      5990.29  6.587746E-15
      5992.59  6.426721E-15
      5994.90  6.500968E-15
      5997.20  6.415113E-15
      5999.51  6.585039E-15
      6001.81  6.489219E-15
      6004.11  6.406651E-15
      6006.42  6.577281E-15
      6008.72  6.461388E-15
      6011.03  6.265397E-15
      6013.33  6.480177E-15
      6015.63  6.406772E-15
      6017.94  6.411408E-15
      6020.24  6.477151E-15
      6022.54  6.538495E-15
      6024.85  6.430741E-15
      6027.15  6.505547E-15
      6029.46  6.382702E-15
      6031.76  6.225457E-15
      6034.06  6.353289E-15
      6036.37  6.309369E-15
      6038.67  6.248151E-15
      6040.98  6.184206E-15
      6043.28  6.304437E-15
      6045.58  6.416049E-15
      6047.89  6.192959E-15
      6050.19  6.238416E-15
      6052.49  5.999311E-15
      6054.80  6.022900E-15
      6057.10  6.046485E-15
      6059.41  6.018126E-15
      6061.71  5.997696E-15
      6064.01  5.870039E-15
      6066.32  6.111085E-15
      6068.62  6.073081E-15
      6070.93  6.027830E-15
      6073.23  5.973563E-15
      6075.53  5.953396E-15
      6077.84  6.099130E-15
      6080.14  5.984094E-15
      6082.45  5.876156E-15
      6084.75  5.991932E-15
      6087.05  6.149779E-15
      6089.36  6.021682E-15
      6091.66  5.866454E-15
      6093.96  5.855925E-15
      6096.27  5.876868E-15
      6098.57  5.891771E-15
      6100.88  5.973927E-15
      6103.18  5.624436E-15
      6105.48  5.498891E-15
      6107.79  5.351426E-15
      6110.09  5.227579E-15
      6112.40  5.138932E-15
      6114.70  4.912587E-15
      6117.00  5.254312E-15
      6119.31  5.210296E-15
      6121.61  5.259992E-15
      6123.91  5.352320E-15
      6126.22  5.341395E-15
      6128.52  5.498789E-15
      6130.83  5.598338E-15
      6133.13  5.755898E-15
      6135.43  5.973431E-15
      6137.74  6.169572E-15
      6140.04  6.358587E-15
      6142.35  6.405075E-15
      6144.65  6.499875E-15
      6146.95  6.496481E-15
      6149.26  6.562417E-15
      6151.56  6.684258E-15
      6153.87  6.706867E-15
      6156.17  6.731984E-15
      6158.47  6.704063E-15
      6160.78  6.643062E-15
      6163.08  6.784865E-15
      6165.38  6.785849E-15
      6167.69  6.710443E-15
      6169.99  6.592415E-15
      6172.30  6.563405E-15
      6174.60  6.309119E-15
      6176.90  6.284067E-15
      6179.21  6.153730E-15
      6181.51  6.246326E-15
      6183.82  6.064045E-15
      6186.12  5.892534E-15
      6188.42  5.919103E-15
      6190.73  5.826831E-15
      6193.03  5.719456E-15
      6195.33  5.603508E-15
      6197.64  5.646418E-15
      6199.94  5.448806E-15
      6202.25  5.373327E-15
      6204.55  5.314371E-15
      6206.85  5.379742E-15
      6209.16  5.356684E-15
      6211.46  5.407043E-15
      6213.77  5.241107E-15
      6216.07  5.278580E-15
      6218.37  5.262553E-15
      6220.68  5.273929E-15
      6222.98  5.385552E-15
      6225.29  5.316374E-15
      6227.59  5.607211E-15
      6229.89  5.639542E-15
      6232.20  5.629145E-15
      6234.50  5.694608E-15
      6236.80  5.730013E-15
      6239.11  5.889115E-15
      6241.41  5.777917E-15
      6243.72  5.850930E-15
      6246.02  5.867399E-15
      6248.32  5.853745E-15
      6250.63  6.040218E-15
      6252.93  6.028271E-15
      6255.24  6.000274E-15
      6257.54  6.023703E-15
      6259.84  6.085613E-15
      6262.15  6.093176E-15
      6264.45  6.008183E-15
      6266.75  5.980331E-15
      6269.06  5.950118E-15
      6271.36  5.847076E-15
      6273.67  5.853902E-15
      6275.97  5.735081E-15
      6278.27  5.552062E-15
      6280.58  5.511455E-15
      6282.88  5.412674E-15
      6285.19  5.507265E-15
      6287.49  5.695288E-15
      6289.79  5.784172E-15
      6292.10  5.670222E-15
      6294.40  5.659181E-15
      6296.71  5.715733E-15
      6299.01  5.757526E-15
      6301.31  5.618373E-15
      6303.62  5.850352E-15
      6305.92  6.049448E-15
      6308.22  5.864170E-15
      6310.53  5.772048E-15
      6312.83  5.723815E-15
      6315.14  5.765026E-15
      6317.44  5.698598E-15
      6319.74  5.795288E-15
      6322.05  5.658359E-15
      6324.35  5.518218E-15
      6326.66  5.603842E-15
      6328.96  5.632900E-15
      6331.26  5.597484E-15
      6333.57  5.651471E-15
      6335.87  5.520132E-15
      6338.17  5.522990E-15
      6340.48  5.656015E-15
      6342.78  5.502467E-15
      6345.09  5.510280E-15
      6347.39  5.547387E-15
      6349.69  5.583671E-15
      6352.00  5.550843E-15
      6354.30  5.410997E-15
      6356.61  5.456414E-15
      6358.91  5.574068E-15
      6361.21  5.535608E-15
      6363.52  5.443713E-15
      6365.82  5.483774E-15
      6368.13  5.621633E-15
      6370.43  5.543790E-15
      6372.73  5.402017E-15
      6375.04  5.453484E-15
      6377.34  5.356384E-15
      6379.64  5.404862E-15
      6381.95  5.248444E-15
      6384.25  5.273515E-15
      6386.56  5.123383E-15
      6388.86  5.165016E-15
      6391.16  4.871151E-15
      6393.47  4.880984E-15
      6395.77  4.898415E-15
      6398.08  4.585455E-15
      6400.38  4.463031E-15
      6402.68  4.282388E-15
      6404.99  4.214761E-15
      6407.29  3.816810E-15
      6409.59  3.701392E-15
      6411.90  3.672504E-15
      6414.20  3.595845E-15
      6416.51  3.493929E-15
      6418.81  3.326806E-15
      6421.11  3.201302E-15
      6423.42  3.133291E-15
      6425.72  3.043512E-15
      6428.03  2.891130E-15
      6430.33  2.810683E-15
      6432.63  2.724532E-15
      6434.94  2.600185E-15
      6437.24  2.635996E-15
      6439.55  2.558896E-15
      6441.85  2.485443E-15
      6444.15  2.427121E-15
      6446.46  2.355070E-15
      6448.76  2.187148E-15
      6451.06  2.200129E-15
      6453.37  2.137157E-15
      6455.67  2.023405E-15
      6457.98  2.027347E-15
      6460.28  2.076261E-15
      6462.58  2.076828E-15
      6464.89  2.025576E-15
      6467.19  1.912243E-15
      6469.50  2.015260E-15
      6471.80  2.044605E-15
      6474.10  2.208218E-15
      6476.41  2.540683E-15
      6478.71  2.723167E-15
      6481.01  2.427980E-15
      6483.32  2.452046E-15
      6485.62  2.512350E-15
      6487.93  2.732070E-15
      6490.23  2.949300E-15
      6492.53  3.033347E-15
      6494.84  3.247740E-15
      6497.14  3.320822E-15
      6499.45  3.690243E-15
      6501.75  4.030624E-15
      6504.05  4.326361E-15
      6506.36  4.721257E-15
      6508.66  5.072055E-15
      6510.97  5.494286E-15
      6513.27  5.939173E-15
      6515.57  6.361244E-15
      6517.88  6.769487E-15
      6520.18  7.428561E-15
      6522.48  7.815975E-15
      6524.79  8.284983E-15
      6527.09  8.965906E-15
      6529.40  9.448654E-15
      6531.70  1.000350E-14
      6534.00  1.062965E-14
      6536.31  1.137182E-14
      6538.61  1.195351E-14
      6540.92  1.248650E-14
      6543.22  1.310690E-14
      6545.52  1.356987E-14
      6547.83  1.406081E-14
      6550.13  1.444082E-14
      6552.43  1.482892E-14
      6554.74  1.519007E-14
      6557.04  1.523534E-14
      6559.35  1.564218E-14
      6561.65  1.590011E-14
      6563.95  1.585529E-14
      6566.26  1.598821E-14
      6568.56  1.585626E-14
      6570.87  1.566004E-14
      6573.17  1.559313E-14
      6575.47  1.559258E-14
      6577.78  1.535716E-14
      6580.08  1.527905E-14
      6582.38  1.512265E-14
      6584.69  1.496574E-14
      6586.99  1.492767E-14
      6589.30  1.467215E-14
      6591.60  1.444982E-14
      6593.90  1.415431E-14
      6596.21  1.379925E-14
      6598.51  1.375257E-14
      6600.82  1.368711E-14
      6603.12  1.350718E-14
      6605.42  1.333051E-14
      6607.73  1.273328E-14
      6610.03  1.232127E-14
      6612.34  1.196665E-14
      6614.64  1.180865E-14
      6616.94  1.152640E-14
      6619.25  1.123966E-14
      6621.55  1.104011E-14
      6623.85  1.079840E-14
      6626.16  1.041542E-14
      6628.46  1.013900E-14
      6630.77  9.813603E-15
      6633.07  9.581431E-15
      6635.37  9.442844E-15
      6637.68  9.056226E-15
      6639.98  8.874024E-15
      6642.29  8.731154E-15
      6644.59  8.513356E-15
      6646.89  8.254791E-15
      6649.20  8.081413E-15
      6651.50  7.905911E-15
      6653.80  7.832044E-15
      6656.11  7.736015E-15
      6658.41  7.471884E-15
      6660.72  7.384972E-15
      6663.02  7.436290E-15
      6665.32  7.316920E-15
      6667.63  7.116474E-15
      6669.93  6.990318E-15
      6672.24  6.931088E-15
      6674.54  6.783068E-15
      6676.84  6.570141E-15
      6679.15  6.493637E-15
      6681.45  6.461299E-15
      6683.76  6.267890E-15
      6686.06  6.292032E-15
      6688.36  6.265927E-15
      6690.67  6.075639E-15
      6692.97  5.969843E-15
      6695.27  5.910742E-15
      6697.58  5.932427E-15
      6699.88  5.957395E-15
      6702.19  5.898778E-15
      6704.49  5.762291E-15
      6706.79  5.706347E-15
      6709.10  5.708884E-15
      6711.40  5.554522E-15
      6713.71  5.551769E-15
      6716.01  5.505377E-15
      6718.31  5.454562E-15
      6720.62  5.466756E-15
      6722.92  5.390369E-15
      6725.22  5.435846E-15
      6727.53  5.265192E-15
      6729.83  5.280739E-15
      6732.14  5.278167E-15
      6734.44  5.248919E-15
      6736.74  5.229304E-15
      6739.05  5.180556E-15
      6741.35  5.141441E-15
      6743.66  5.141441E-15
      6745.96  5.131692E-15
      6748.26  5.029206E-15
      6750.57  5.019456E-15
      6752.87  4.990091E-15
      6755.18  4.921729E-15
      6757.48  4.911979E-15
      6759.78  4.902229E-15
      6762.09  4.794123E-15
      6764.39  4.772716E-15
      6766.69  4.767078E-15
      6769.00  4.741853E-15
      6771.30  4.763293E-15
      6773.61  4.717942E-15
      6775.91  4.708061E-15
      6778.21  4.721455E-15
      6780.52  4.756575E-15
      6782.82  4.786704E-15
      6785.13  4.812340E-15
      6787.43  4.730180E-15
      6789.73  4.629304E-15
      6792.04  4.719188E-15
      6794.34  4.682489E-15
      6796.64  4.647272E-15
      6798.95  4.768844E-15
      6801.25  4.705341E-15
      6803.56  4.586192E-15
      6805.86  4.591812E-15
      6808.16  4.632555E-15
      6810.47  4.611151E-15
      6812.77  4.630132E-15
      6815.08  4.714937E-15
      6817.38  4.709202E-15
      6819.68  4.574920E-15
      6821.99  4.625364E-15
      6824.29  4.682936E-15
      6826.60  4.662844E-15
      6828.90  4.564500E-15
      6831.20  4.692099E-15
      6833.51  4.746403E-15
      6835.81  4.743432E-15
      6838.11  4.581721E-15
      6840.42  4.606736E-15
      6842.72  4.553710E-15
      6845.03  4.593904E-15
      6847.33  4.701048E-15
      6849.63  4.680519E-15
      6851.94  4.594343E-15
      6854.24  4.567864E-15
      6856.55  4.620750E-15
      6858.85  4.617148E-15
      6861.15  4.647706E-15
      6863.46  4.602023E-15
      6865.76  4.331387E-15
      6868.06  3.806150E-15
      6870.37  3.414502E-15
      6872.67  3.214820E-15
      6874.98  3.267126E-15
      6877.28  3.590447E-15
      6879.58  3.874172E-15
      6881.89  3.930546E-15
      6884.19  4.097746E-15
      6886.50  4.015756E-15
      6888.80  4.016922E-15
      6891.10  4.001887E-15
      6893.41  3.915143E-15
      6895.71  3.911192E-15
      6898.02  3.908953E-15
      6900.32  4.055269E-15
      6902.62  4.060330E-15
      6904.93  4.033336E-15
      6907.23  4.114772E-15
      6909.53  4.117969E-15
      6911.84  4.175482E-15
      6914.14  4.283769E-15
      6916.45  4.366453E-15
      6918.75  4.261064E-15
      6921.05  4.209424E-15
      6923.36  4.336605E-15
      6925.66  4.335296E-15
      6927.97  4.219446E-15
      6930.27  4.372059E-15
      6932.57  4.271942E-15
      6934.88  4.222553E-15
      6937.18  4.146541E-15
      6939.48  4.102494E-15
      6941.79  4.066532E-15
      6944.09  4.057036E-15
      6946.40  4.119992E-15
      6948.70  4.104558E-15
      6951.00  4.015194E-15
      6953.31  4.125092E-15
      6955.61  4.199128E-15
      6957.92  4.156078E-15
      6960.22  4.156108E-15
      6962.52  4.145893E-15
      6964.83  4.147042E-15
      6967.13  4.106068E-15
      6969.44  4.113125E-15
      6971.74  4.083793E-15
      6974.04  4.126462E-15
      6976.35  4.185991E-15
      6978.65  4.195774E-15
      6980.95  4.262947E-15
      6983.26  4.293967E-15
      6985.56  4.280113E-15
      6987.87  4.365666E-15
      6990.17  4.445826E-15
      6992.47  4.310596E-15
      6994.78  4.265058E-15
      6997.08  4.368178E-15
      6999.39  4.322908E-15
      7001.69  4.253700E-15
      7003.99  4.349311E-15
      7006.30  4.363623E-15
      7008.60  4.246793E-15
      7010.90  4.242188E-15
      7013.21  4.304355E-15
      7015.51  4.228922E-15
      7017.82  4.184310E-15
      7020.12  4.237407E-15
      7022.42  4.176125E-15
      7024.73  4.149559E-15
      7027.03  4.192454E-15
      7029.34  4.273365E-15
      7031.64  4.341126E-15
      7033.94  4.354161E-15
      7036.25  4.384974E-15
      7038.55  4.311645E-15
      7040.86  4.367528E-15
      7043.16  4.371418E-15
      7045.46  4.306933E-15
      7047.77  4.379085E-15
      7050.07  4.345999E-15
      7052.37  4.296857E-15
      7054.68  4.223219E-15
      7056.98  4.172783E-15
      7059.29  4.270256E-15
      7061.59  4.310071E-15
      7063.89  4.260829E-15
      7066.20  4.262887E-15
      7068.50  4.253475E-15
      7070.81  4.277323E-15
      7073.11  4.401644E-15
      7075.41  4.613469E-15
      7077.72  4.628741E-15
      7080.02  4.472694E-15
      7082.32  4.283942E-15
      7084.63  4.212355E-15
      7086.93  4.207089E-15
      7089.24  4.059604E-15
      7091.54  4.074269E-15
      7093.84  4.089779E-15
      7096.15  4.152179E-15
      7098.45  4.078456E-15
      7100.76  4.121833E-15
      7103.06  4.188754E-15
      7105.36  4.135207E-15
      7107.67  4.173908E-15
      7109.97  4.124339E-15
      7112.27  4.203607E-15
      7114.58  4.226917E-15
      7116.88  4.222502E-15
      7119.19  4.119244E-15
      7121.49  4.162502E-15
      7123.79  4.182903E-15
      7126.10  4.165382E-15
      7128.40  4.266386E-15
      7130.71  4.142564E-15
      7133.01  4.189510E-15
      7135.31  4.216305E-15
      7137.62  4.094040E-15
      7139.92  4.159957E-15
      7142.23  4.228919E-15
      7144.53  4.175674E-15
      7146.83  4.114171E-15
      7149.14  4.148831E-15
      7151.44  4.068282E-15
      7153.74  4.181732E-15
      7156.05  4.261834E-15
      7158.35  4.314885E-15
      7160.66  4.273382E-15
      7162.96  4.024702E-15
      7165.26  3.892962E-15
      7167.57  3.839867E-15
      7169.87  3.777599E-15
      7172.18  3.675768E-15
      7174.48  3.748039E-15
      7176.78  3.646665E-15
      7179.09  3.607132E-15
      7181.39  3.732449E-15
      7183.69  3.740981E-15
      7186.00  3.608541E-15
      7188.30  3.511662E-15
      7190.61  3.591833E-15
      7192.91  3.741943E-15
      7195.21  3.754455E-15
      7197.52  3.733694E-15
      7199.82  3.796212E-15
      7202.13  3.759272E-15
      7204.43  3.698795E-15
      7206.73  3.764960E-15
      7209.04  4.055089E-15
      7211.34  4.291199E-15
      7213.65  4.216271E-15
      7215.95  4.210587E-15
      7218.25  4.311266E-15
      7220.56  4.340837E-15
      7222.86  4.260858E-15
      7225.16  4.544927E-15
      7227.47  4.742781E-15
      7229.77  4.229720E-15
      7232.08  4.064414E-15
      7234.38  4.065651E-15
      7236.68  3.972186E-15
      7238.99  3.973793E-15
      7241.29  4.032206E-15
      7243.60  3.887905E-15
      7245.90  3.908518E-15
      7248.20  4.023978E-15
      7250.51  4.154477E-15
      7252.81  4.066196E-15
      7255.11  4.000516E-15
      7257.42  4.088743E-15
      7259.72  4.124851E-15
      7262.03  4.127460E-15
      7264.33  4.084515E-15
      7266.63  4.091063E-15
      7268.94  4.142521E-15
      7271.24  4.188616E-15
      7273.55  4.206757E-15
      7275.85  3.961269E-15
      7278.15  3.919276E-15
      7280.46  3.866671E-15
      7282.76  4.073072E-15
      7285.07  4.213099E-15
      7287.37  4.271672E-15
      7289.67  4.370049E-15
      7291.98  4.127376E-15
      7294.28  4.027887E-15
      7296.58  4.153626E-15
      7298.89  4.237607E-15
      7301.19  4.384116E-15
      7303.50  4.523571E-15
      7305.80  4.434661E-15
      7308.10  4.205087E-15
      7310.41  4.206478E-15
      7312.71  4.060300E-15
      7315.02  3.986543E-15
      7317.32  4.030542E-15
      7319.62  4.272180E-15
      7321.93  4.384293E-15
      7324.23  4.320441E-15
      7326.53  4.297794E-15
      7328.84  4.287276E-15
      7331.14  4.250928E-15
      7333.45  4.333997E-15
      7335.75  4.312854E-15
      7338.05  4.344241E-15
      7340.36  4.496471E-15
      7342.66  4.403053E-15
      7344.97  4.316117E-15
      7347.27  4.347512E-15
      7349.57  4.314358E-15
      7351.88  4.251811E-15
      7354.18  4.179144E-15
      7356.49  4.170970E-15
      7358.79  4.184854E-15
      7361.09  4.081190E-15
      7363.40  4.039634E-15
      7365.70  4.077938E-15
      7368.00  3.963351E-15
      7370.31  3.982342E-15
      7372.61  4.068142E-15
      7374.92  4.123323E-15
      7377.22  4.146654E-15
      7379.52  3.955637E-15
      7381.83  3.930928E-15
      7384.13  4.048701E-15
      7386.44  3.999744E-15
      7388.74  4.009543E-15
      7391.04  4.024670E-15
      7393.35  3.898075E-15
      7395.65  3.803529E-15
      7397.95  3.852446E-15
      7400.26  3.850669E-15
      7402.56  3.917775E-15
      7404.87  3.877695E-15
      7407.17  3.837092E-15
      7409.47  3.780656E-15
      7411.78  3.874620E-15
      7414.08  3.828441E-15
      7416.39  3.740831E-15
      7418.69  3.846077E-15
      7420.99  3.927337E-15
      7423.30  3.822340E-15
      7425.60  3.755371E-15
      7427.91  3.837201E-15
      7430.21  3.809075E-15
      7432.51  3.732045E-15
      7434.82  3.776994E-15
      7437.12  3.759957E-15
      7439.42  3.850331E-15
      7441.73  3.795073E-15
      7444.03  3.824992E-15
      7446.34  3.839610E-15
      7448.64  3.784789E-15
      7450.94  3.870102E-15
      7453.25  4.073608E-15
      7455.55  4.086912E-15
      7457.86  4.069137E-15
      7460.16  4.095059E-15
      7462.46  4.157414E-15
      7464.77  4.013800E-15
      7467.07  3.932023E-15
      7469.37  3.973149E-15
      7471.68  3.911768E-15
      7473.98  3.836805E-15
      7476.29  3.880537E-15
      7478.59  3.915857E-15
      7480.89  3.869748E-15
      7483.20  3.875403E-15
      7485.50  3.813527E-15
      7487.81  3.871901E-15
      7490.11  3.885933E-15
      7492.41  3.889428E-15
      7494.72  3.834427E-15
      7497.02  3.831616E-15
      7499.33  3.775503E-15
      7501.63  3.732269E-15
      7503.93  3.844374E-15
      7506.24  3.721212E-15
      7508.54  3.717324E-15
      7510.84  3.731139E-15
      7513.15  3.778519E-15
      7515.45  3.815185E-15
      7517.76  3.782615E-15
      7520.06  3.610570E-15
      7522.36  3.652261E-15
      7524.67  3.731853E-15
      7526.97  3.681825E-15
      7529.28  3.647259E-15
      7531.58  3.606826E-15
      7533.88  3.583451E-15
      7536.19  3.688697E-15
      7538.49  3.510351E-15
      7540.79  3.672031E-15
      7543.10  3.632088E-15
      7545.40  3.654811E-15
      7547.71  3.592719E-15
      7550.01  3.628973E-15
      7552.31  3.575176E-15
      7554.62  3.594230E-15
      7556.92  3.556403E-15
      7559.23  3.589310E-15
      7561.53  3.561307E-15
      7563.83  3.731142E-15
      7566.14  3.803800E-15
      7568.44  3.649782E-15
      7570.75  3.670787E-15
      7573.05  3.612024E-15
      7575.35  3.468828E-15
      7577.66  3.436070E-15
      7579.96  3.442347E-15
      7582.26  3.489336E-15
      7584.57  3.403917E-15
      7586.87  3.285981E-15
      7589.18  3.269961E-15
      7591.48  3.186926E-15
      7593.78  2.955119E-15
      7596.09  2.405994E-15
      7598.39  1.731499E-15
      7600.70  1.185095E-15
      7603.00  8.399665E-16
      7605.30  7.360201E-16
      7607.61  6.072985E-16
      7609.91  6.136272E-16
      7612.21  8.098403E-16
      7614.52  9.800564E-16
      7616.82  1.329946E-15
      7619.13  1.831799E-15
      7621.43  2.190847E-15
      7623.73  2.131546E-15
      7626.04  1.833705E-15
      7628.34  1.613594E-15
      7630.65  1.348703E-15
      7632.95  1.331566E-15
      7635.25  1.493859E-15
      7637.56  1.552042E-15
      7639.86  1.604265E-15
      7642.16  1.605678E-15
      7644.47  1.800430E-15
      7646.77  1.951470E-15
      7649.08  2.002304E-15
      7651.38  2.273746E-15
      7653.68  2.264107E-15
      7655.99  2.339726E-15
      7658.29  2.603376E-15
      7660.60  2.596402E-15
      7662.90  2.650083E-15
      7665.20  2.725945E-15
      7667.51  2.815833E-15
      7669.81  3.008838E-15
      7672.12  3.206002E-15
      7674.42  3.219881E-15
      7676.72  3.142176E-15
      7679.03  3.203348E-15
      7681.33  3.271139E-15
      7683.63  3.273382E-15
      7685.94  3.277065E-15
      7688.24  3.232551E-15
      7690.55  3.189937E-15
      7692.85  3.119019E-15
      7695.15  3.042872E-15
      7697.46  3.037155E-15
      7699.76  2.991720E-15
      7702.07  3.008337E-15
      7704.37  2.973381E-15
      7706.67  2.886288E-15
      7708.98  2.743438E-15
      7711.28  2.665011E-15
      7713.58  2.611232E-15
      7715.89  2.585374E-15
      7718.19  2.554925E-15
      7720.50  2.522055E-15
      7722.80  2.553311E-15
      7725.10  2.650229E-15
      7727.41  2.630311E-15
      7729.71  2.541387E-15
      7732.02  2.652872E-15
      7734.32  2.790733E-15
      7736.62  2.804903E-15
      7738.93  2.910715E-15
      7741.23  2.969753E-15
      7743.54  2.875356E-15
      7745.84  2.863016E-15
      7748.14  2.758503E-15
      7750.45  2.768798E-15
      7752.75  2.933892E-15
      7755.05  3.061239E-15
      7757.36  3.126889E-15
      7759.66  3.157846E-15
      7761.97  3.121171E-15
      7764.27  3.199884E-15
      7766.57  3.244197E-15
      7768.88  3.328256E-15
      7771.18  3.383180E-15
      7773.49  3.357348E-15
      7775.79  3.359640E-15
      7778.09  3.411136E-15
      7780.40  3.418921E-15
      7782.70  3.356298E-15
      7785.00  3.422728E-15
      7787.31  3.425283E-15
      7789.61  3.479769E-15
      7791.92  3.430548E-15
