      3466.00  1.655340E-01
      3468.00 -9.730670E-02
      3470.00  1.672640E-01
      3472.00  8.791600E-02
      3474.00  6.750630E-02
      3476.00  5.648960E-02
      3478.00 -9.780650E-02
      3480.00 -8.297660E-02
      3482.00  7.593410E-02
      3484.00 -3.833100E-02
      3486.00  3.517170E-02
      3488.00 -5.892590E-02
      3490.00 -4.666800E-02
      3492.00 -3.441000E-02
      3494.00 -2.215200E-02
      3496.00 -2.215200E-02
      3498.00 -3.922180E-02
      3500.00  5.295950E-02
      3502.00 -2.495650E-02
      3504.00 -9.934760E-02
      3506.00 -6.591430E-02
      3508.00  8.788240E-04
      3510.00  6.790540E-02
      3512.00 -5.729410E-02
      3514.00 -4.279700E-02
      3516.00 -4.884780E-02
      3518.00  2.919560E-03
      3520.00  3.371370E-02
      3522.00  8.697500E-02
      3524.00  1.719690E-01
      3526.00  1.372810E-02
      3528.00  2.495430E-01
      3530.00 -5.805290E-02
      3532.00  1.851080E-01
      3534.00  1.429570E-01
      3536.00 -9.890600E-02
      3538.00  2.324070E-02
      3540.00  4.477720E-02
      3542.00  5.399350E-02
      3544.00  1.544040E-01
      3546.00  1.535280E-01
      3548.00  1.371020E-01
      3550.00  4.455380E-02
      3552.00  1.218350E-02
      3554.00  8.866960E-02
      3556.00  3.935660E-03
      3558.00  1.389450E-01
      3560.00  2.890110E-02
      3562.00  7.825050E-02
      3564.00  1.744480E-01
      3566.00 -3.333980E-02
      3568.00  1.828780E-01
      3570.00 -5.600460E-03
      3572.00 -1.018880E-01
      3574.00  2.294420E-02
      3576.00  1.280010E-02
      3578.00 -8.387220E-02
      3580.00  4.117130E-02
      3582.00  4.707800E-02
      3584.00 -3.052550E-02
      3586.00  5.581750E-03
      3588.00  5.130470E-02
      3590.00  1.185170E-01
      3592.00 -1.549450E-01
      3594.00 -4.361710E-02
      3596.00  3.513600E-02
      3598.00 -1.796550E-02
      3600.00 -1.400890E-02
      3602.00 -1.309540E-01
      3604.00 -1.071300E-01
      3606.00  4.717130E-02
      3608.00  1.006540E-01
      3610.00 -1.885400E-01
      3612.00 -1.248390E-01
      3614.00 -9.923900E-02
      3616.00 -1.029970E-01
      3618.00  5.550760E-02
      3620.00  1.638400E-02
      3622.00  4.752330E-02
      3624.00 -8.460530E-02
      3626.00  4.355680E-02
      3628.00  1.492120E-01
      3630.00  1.665840E-01
      3632.00  8.752230E-03
      3634.00  1.118880E-02
      3636.00 -2.928440E-02
      3638.00  4.198900E-02
      3640.00  7.655230E-02
      3642.00  1.159820E-01
      3644.00  2.274480E-01
      3646.00 -1.204320E-02
      3648.00  1.662870E-01
      3650.00  2.586240E-01
      3652.00  7.257990E-02
      3654.00  9.251050E-03
      3656.00 -3.726060E-02
      3658.00 -1.807790E-02
      3660.00  3.340830E-02
      3662.00  1.341370E-01
      3664.00  1.245330E-01
      3666.00 -5.025270E-02
      3668.00  3.003820E-02
      3670.00 -1.190290E-01
      3672.00  8.894040E-02
      3674.00 -6.155880E-02
      3676.00 -4.600250E-02
      3678.00 -7.272770E-02
      3680.00  9.903580E-02
      3682.00 -2.211840E-02
      3684.00 -9.485070E-02
      3686.00 -1.522080E-02
      3688.00 -1.368580E-02
      3690.00  7.205740E-02
      3692.00  4.452200E-02
      3694.00 -5.097380E-02
      3696.00  4.023090E-02
      3698.00 -6.747420E-02
      3700.00  2.148200E-02
      3702.00  6.815340E-02
      3704.00  8.632090E-03
      3706.00  6.192430E-03
      3708.00  5.088870E-02
      3710.00 -7.458160E-02
      3712.00 -8.831890E-02
      3714.00 -2.136600E-02
      3716.00  9.143290E-02
      3718.00  6.550190E-03
      3720.00 -1.398830E-02
      3722.00  4.847660E-03
      3724.00  2.799520E-02
      3726.00 -2.246150E-02
      3728.00  1.446030E-01
      3730.00  4.924950E-02
      3732.00 -5.246550E-02
      3734.00 -2.190000E-02
      3736.00  1.562380E-02
      3738.00  8.729800E-02
      3740.00  3.372160E-02
      3742.00 -2.945870E-02
      3744.00  4.124000E-02
      3746.00 -1.105820E-02
      3748.00 -6.215990E-03
      3750.00 -2.137010E-03
      3752.00 -3.515560E-02
      3754.00 -1.379630E-02
      3756.00 -1.464100E-02
      3758.00  1.479110E-02
      3760.00  8.087250E-04
      3762.00 -3.348830E-02
      3764.00 -1.705680E-02
      3766.00 -6.253310E-04
      3768.00  1.580620E-02
      3770.00  1.580620E-02
      3772.00 -1.268450E-03
      3774.00  1.208890E-02
      3776.00 -1.198390E-02
      3778.00 -1.529960E-03
      3780.00 -1.820110E-02
      3782.00 -7.226480E-03
      3784.00  2.580920E-03
      3786.00 -2.793290E-03
      3788.00  6.811380E-03
      3790.00 -1.064360E-02
      3792.00  1.147680E-02
      3794.00 -5.338610E-02
      3796.00  2.043600E-02
      3798.00 -4.663480E-02
      3800.00 -6.117910E-03
      3802.00  3.834790E-02
      3804.00 -3.090410E-02
      3806.00 -4.628470E-02
      3808.00  1.692890E-02
      3810.00  7.600440E-02
      3812.00  3.410350E-03
      3814.00 -7.201570E-02
      3816.00  7.286940E-03
      3818.00  1.841720E-04
      3820.00 -3.908560E-03
      3822.00 -3.197760E-02
      3824.00  1.872860E-03
      3826.00 -1.280430E-02
      3828.00 -8.835510E-03
      3830.00 -4.866680E-03
      3832.00 -8.978410E-04
      3834.00  3.070990E-03
      3836.00  3.070990E-03
      3838.00  1.379400E-02
      3840.00 -3.662490E-02
      3842.00 -8.070820E-02
      3844.00 -5.951280E-02
      3846.00  1.312810E-03
      3848.00  4.917780E-02
      3850.00 -4.085690E-02
      3852.00 -2.846790E-02
      3854.00  6.859450E-02
      3856.00 -2.833540E-02
      3858.00 -5.173990E-03
      3860.00  3.847010E-02
      3862.00  9.777530E-04
      3864.00 -5.600680E-02
      3866.00 -1.821470E-03
      3868.00  5.537390E-02
      3870.00  1.348100E-02
      3872.00  3.974130E-02
      3874.00  7.247900E-02
      3876.00  1.355020E-02
      3878.00 -3.194890E-02
      3880.00 -4.338580E-03
      3882.00 -6.552740E-02
      3884.00  7.208900E-02
      3886.00  3.164550E-03
      3888.00  5.606910E-02
      3890.00  2.835440E-02
      3892.00  6.806810E-02
      3894.00  2.575290E-02
      3896.00  2.262650E-02
      3898.00 -1.076670E-02
      3900.00 -3.753480E-02
      3902.00 -5.612640E-03
      3904.00  3.436520E-02
      3906.00  3.890850E-02
      3908.00  4.060250E-02
      3910.00  1.236540E-01
      3912.00 -7.266700E-02
      3914.00 -5.162890E-02
      3916.00  1.539810E-02
      3918.00  3.536980E-02
      3920.00  1.069760E-01
      3922.00  4.161670E-02
      3924.00 -5.742470E-02
      3926.00  9.796780E-03
      3928.00  2.684420E-02
      3930.00  3.011310E-02
      3932.00  7.747730E-02
      3934.00 -7.767360E-02
      3936.00  7.996570E-02
      3938.00 -3.188800E-02
      3940.00  3.059480E-02
      3942.00  3.780430E-02
      3944.00  8.421370E-02
      3946.00  2.079740E-02
      3948.00 -6.048170E-02
      3950.00  4.504760E-02
      3952.00 -4.734660E-02
      3954.00 -9.451740E-03
      3956.00  2.909350E-02
      3958.00 -5.477210E-02
      3960.00 -6.803330E-02
      3962.00 -8.516390E-03
      3964.00  9.937440E-03
      3966.00  2.978740E-02
      3968.00  5.633380E-02
      3970.00 -4.284720E-02
      3972.00 -2.403050E-03
      3974.00 -1.977770E-02
      3976.00 -3.792130E-02
      3978.00 -5.805390E-02
      3980.00  3.965500E-02
      3982.00 -5.581130E-03
      3984.00 -6.590970E-03
      3986.00 -1.717440E-02
      3988.00  1.416760E-02
      3990.00  4.217970E-04
      3992.00  5.600740E-02
      3994.00  7.097250E-03
      3996.00 -2.766180E-02
      3998.00  4.459900E-02
      4000.00  1.963750E-02
      4002.00 -4.561910E-02
      4004.00  6.170310E-03
      4006.00 -4.250180E-02
      4008.00  2.783120E-02
      4010.00  2.731410E-02
      4012.00 -2.358410E-02
      4014.00 -2.337050E-03
      4016.00 -3.568810E-02
      4018.00  2.385540E-02
      4020.00  5.200550E-02
      4022.00 -1.957620E-04
      4024.00  1.156290E-02
      4026.00  2.395200E-02
      4028.00  5.677090E-03
      4030.00  1.489870E-02
      4032.00  5.454750E-03
      4034.00 -4.900020E-02
      4036.00 -9.811880E-03
      4038.00  1.952510E-02
      4040.00  9.535480E-02
      4042.00  5.640640E-02
      4044.00  1.745790E-02
      4046.00 -2.149050E-02
      4048.00 -2.149050E-02
      4050.00  4.073620E-02
      4052.00 -1.238610E-02
      4054.00  2.552370E-02
      4056.00  1.765290E-02
      4058.00 -3.901310E-02
      4060.00  5.312910E-04
      4062.00 -1.235180E-02
      4064.00  2.171980E-02
      4066.00  7.332650E-03
      4068.00 -8.409760E-03
      4070.00 -5.218120E-02
      4072.00 -2.572260E-03
      4074.00  6.405960E-02
      4076.00 -2.863040E-02
      4078.00 -7.627880E-02
      4080.00 -2.247650E-02
      4082.00 -3.339410E-02
      4084.00  3.827700E-02
      4086.00  8.187610E-02
      4088.00 -2.171700E-02
      4090.00  3.464740E-02
      4092.00  5.208130E-02
      4094.00 -9.383340E-03
      4096.00 -3.412360E-04
      4098.00 -6.765160E-03
      4100.00  2.133860E-02
      4102.00  4.165180E-04
      4104.00  5.072910E-02
      4106.00  1.614990E-02
      4108.00 -2.244250E-02
      4110.00  1.915420E-03
      4112.00  1.191030E-02
      4114.00  2.617000E-02
      4116.00  2.125410E-02
      4118.00 -1.118440E-02
      4120.00 -4.576020E-04
      4122.00  1.061980E-02
      4124.00 -5.080430E-02
      4126.00 -2.520240E-02
      4128.00 -8.568210E-04
      4130.00 -1.821760E-02
      4132.00  6.542150E-02
      4134.00  1.773960E-02
      4136.00 -2.504150E-03
      4138.00 -2.877840E-03
      4140.00  1.226380E-02
      4142.00 -2.111520E-02
      4144.00  2.511200E-02
      4146.00  2.708830E-02
      4148.00  4.391460E-02
      4150.00  4.887910E-02
      4152.00  3.236070E-02
      4154.00 -1.259840E-03
      4156.00 -7.833710E-02
      4158.00  4.503530E-02
      4160.00 -1.036080E-02
      4162.00  6.923340E-02
      4164.00 -9.386450E-03
      4166.00  3.627910E-02
      4168.00 -1.747810E-02
      4170.00 -4.760640E-02
      4172.00 -1.835420E-02
      4174.00 -4.913710E-02
      4176.00  1.475560E-03
      4178.00  5.678220E-03
      4180.00  5.002770E-05
      4182.00  7.106510E-04
      4184.00  5.548380E-02
      4186.00  1.465950E-02
      4188.00  1.333860E-02
      4190.00  1.201780E-02
      4192.00  1.069690E-02
      4194.00  1.069690E-02
      4196.00  1.506750E-02
      4198.00  2.662650E-02
      4200.00  6.566720E-02
      4202.00  1.536250E-02
      4204.00  6.844490E-02
      4206.00  1.416420E-02
      4208.00 -7.983610E-03
      4210.00 -1.370490E-02
      4212.00 -1.668400E-02
      4214.00  1.956300E-03
      4216.00  7.377960E-03
      4218.00  1.279960E-02
      4220.00  1.822130E-02
      4222.00  2.364290E-02
      4224.00  2.364290E-02
      4226.00  1.432380E-02
      4228.00  4.284960E-02
      4230.00 -4.333650E-02
      4232.00  2.352050E-02
      4234.00  5.566190E-02
      4236.00  1.902720E-02
      4238.00 -2.076570E-02
      4240.00  4.244710E-02
      4242.00  1.745990E-02
      4244.00  1.140890E-02
      4246.00 -5.813460E-04
      4248.00  1.083630E-01
      4250.00 -4.076720E-02
      4252.00 -4.683120E-03
      4254.00  2.777580E-02
      4256.00 -1.182040E-02
      4258.00  1.098400E-01
      4260.00  3.212810E-02
      4262.00  8.101760E-02
      4264.00  1.527430E-02
      4266.00  5.006150E-02
      4268.00  1.950580E-02
      4270.00 -1.770780E-02
      4272.00  5.800770E-02
      4274.00  3.798200E-02
      4276.00  2.094090E-02
      4278.00  2.683240E-03
      4280.00  7.206800E-03
      4282.00  4.285270E-02
      4284.00  4.335550E-02
      4286.00  5.141920E-02
      4288.00  8.076060E-02
      4290.00 -1.414920E-02
      4292.00  6.399930E-02
      4294.00  5.590880E-02
      4296.00 -7.570000E-03
      4298.00 -3.931960E-02
      4300.00 -2.967920E-02
      4302.00  1.164520E-02
      4304.00  5.319400E-02
      4306.00  1.353000E-02
      4308.00  5.533530E-02
      4310.00 -4.914390E-02
      4312.00  1.387550E-02
      4314.00  7.140740E-02
      4316.00 -1.347160E-02
      4318.00  2.137650E-02
      4320.00 -4.340080E-02
      4322.00 -2.712430E-02
      4324.00 -6.324680E-04
      4326.00  2.878370E-02
      4328.00  2.323010E-02
      4330.00  1.430300E-03
      4332.00 -2.317890E-03
      4334.00  4.737890E-02
      4336.00 -3.518190E-02
      4338.00 -2.485960E-02
      4340.00 -1.781970E-02
      4342.00 -1.885600E-03
      4344.00  4.183270E-02
      4346.00  3.474590E-02
      4348.00  2.891500E-02
      4350.00  3.508930E-02
      4352.00 -2.775060E-02
      4354.00  1.058870E-01
      4356.00  4.115880E-02
      4358.00 -5.327400E-02
      4360.00 -5.584870E-02
      4362.00  9.303620E-02
      4364.00 -1.244750E-02
      4366.00  1.371710E-01
      4368.00  5.494670E-02
      4370.00  6.071460E-02
      4372.00  5.267940E-02
      4374.00  3.302630E-02
      4376.00 -6.515740E-02
      4378.00  4.073850E-03
      4380.00  4.123020E-02
      4382.00  2.111430E-02
      4384.00  1.044360E-02
      4386.00  3.972050E-05
      4388.00 -2.398030E-02
      4390.00 -5.684790E-02
      4392.00  5.836330E-02
      4394.00  4.237740E-02
      4396.00 -3.338590E-02
      4398.00  6.822680E-02
      4400.00  5.598830E-02
      4402.00 -1.319320E-02
      4404.00 -3.189680E-05
      4406.00  6.884410E-02
      4408.00 -6.630350E-03
      4410.00  7.775290E-02
      4412.00  1.132800E-01
      4414.00 -3.444120E-02
      4416.00  4.244040E-03
      4418.00  3.003580E-02
      4420.00  3.389970E-02
      4422.00  3.097060E-02
      4424.00  5.839650E-02
      4426.00  2.179630E-02
      4428.00  3.342630E-02
      4430.00 -2.212380E-02
      4432.00 -3.403830E-02
      4434.00  4.006480E-02
      4436.00  5.686870E-02
      4438.00  4.997940E-02
      4440.00 -1.400500E-02
      4442.00 -4.438550E-03
      4444.00 -4.376400E-02
      4446.00 -1.559420E-02
      4448.00 -2.013260E-02
      4450.00 -6.837220E-02
      4452.00  1.806780E-02
      4454.00 -1.715120E-04
      4456.00 -6.050030E-02
      4458.00 -3.059840E-02
      4460.00  4.005430E-02
      4462.00  7.624980E-02
      4464.00 -3.551460E-02
      4466.00  2.031950E-02
      4468.00  1.263580E-02
      4470.00 -1.375500E-03
      4472.00  5.105330E-02
      4474.00 -1.259020E-02
      4476.00 -8.497170E-03
      4478.00  1.076740E-01
      4480.00  4.933650E-02
      4482.00  6.832570E-02
      4484.00  2.705490E-02
      4486.00  1.191660E-02
      4488.00 -7.849760E-03
      4490.00 -1.822710E-02
      4492.00 -1.408810E-02
      4494.00  7.750260E-03
      4496.00  4.559540E-02
      4498.00  2.717410E-02
      4500.00 -2.184590E-02
      4502.00 -4.879550E-03
      4504.00  4.770600E-02
      4506.00 -3.323760E-02
      4508.00 -1.208330E-02
      4510.00  5.169630E-02
      4512.00 -3.332900E-02
      4514.00  9.781930E-03
      4516.00 -8.106300E-04
      4518.00  8.918690E-03
      4520.00  1.579460E-02
      4522.00 -2.266350E-02
      4524.00 -3.108950E-02
      4526.00  1.472670E-02
      4528.00  3.708640E-03
      4530.00  5.324880E-02
      4532.00  7.105490E-03
      4534.00  7.155240E-02
      4536.00  4.884430E-02
      4538.00 -4.688860E-02
      4540.00  9.220660E-03
      4542.00  2.345510E-02
      4544.00  1.118580E-02
      4546.00 -1.252820E-02
      4548.00  3.481960E-02
      4550.00  1.803220E-03
      4552.00 -2.901200E-03
      4554.00  3.960300E-02
      4556.00  2.628830E-02
      4558.00  6.766460E-02
      4560.00 -1.871080E-02
      4562.00  3.762230E-02
      4564.00 -6.757510E-03
      4566.00  4.175180E-02
      4568.00 -1.376710E-02
      4570.00 -3.310980E-02
      4572.00  3.618880E-02
      4574.00  5.331280E-02
      4576.00  7.787430E-02
      4578.00  2.168080E-02
      4580.00 -1.769480E-02
      4582.00  3.088270E-02
      4584.00  5.354230E-02
      4586.00 -2.175090E-02
      4588.00  3.160420E-02
      4590.00  1.849220E-02
      4592.00  3.418320E-02
      4594.00  4.129480E-02
      4596.00  3.871240E-02
      4598.00  9.411850E-03
      4600.00  2.313530E-02
      4602.00  2.214470E-03
      4604.00  1.717720E-02
      4606.00  4.784580E-02
      4608.00  1.881210E-02
      4610.00  6.268550E-02
      4612.00  2.860700E-02
      4614.00 -8.067890E-03
      4616.00  9.672480E-02
      4618.00 -2.819010E-03
      4620.00  3.277180E-02
      4622.00 -3.399520E-02
      4624.00  2.560220E-02
      4626.00  7.350350E-02
      4628.00 -2.285500E-02
      4630.00  4.005060E-02
      4632.00  4.719140E-02
      4634.00  2.565460E-02
      4636.00 -2.317650E-02
      4638.00  1.954430E-02
      4640.00  3.238010E-02
      4642.00  8.538210E-02
      4644.00 -1.457770E-02
      4646.00  5.328450E-02
      4648.00  1.142620E-01
      4650.00  5.051950E-02
      4652.00  4.594870E-02
      4654.00  3.721480E-02
      4656.00  7.202770E-02
      4658.00  5.058020E-02
      4660.00  3.832750E-02
      4662.00  5.630470E-02
      4664.00 -1.864880E-02
      4666.00  7.363920E-02
      4668.00  9.139410E-02
      4670.00  1.413610E-01
      4672.00  5.077610E-04
      4674.00  1.278810E-02
      4676.00  4.560340E-03
      4678.00  2.561510E-02
      4680.00  5.132930E-02
      4682.00  6.034120E-02
      4684.00  3.698160E-02
      4686.00 -7.821400E-03
      4688.00  3.389200E-02
      4690.00  2.107310E-02
      4692.00  5.355780E-02
      4694.00  2.940280E-02
      4696.00  2.280990E-02
      4698.00  3.160000E-02
      4700.00  5.839570E-02
      4702.00  2.294330E-02
      4704.00  4.869010E-02
      4706.00 -1.869060E-02
      4708.00  4.258810E-02
      4710.00  3.069670E-02
      4712.00  7.841990E-03
      4714.00  4.045800E-02
      4716.00  6.544870E-02
      4718.00  1.953990E-02
      4720.00  4.517230E-02
      4722.00  4.939880E-02
      4724.00 -1.621880E-02
      4726.00  1.091280E-02
      4728.00 -5.039150E-02
      4730.00 -3.023460E-02
      4732.00 -1.175200E-02
      4734.00 -1.178460E-02
      4736.00  1.043620E-02
      4738.00 -1.116690E-02
      4740.00  5.942030E-03
      4742.00 -8.356260E-02
      4744.00 -1.511650E-02
      4746.00  6.659080E-02
      4748.00 -1.135310E-03
      4750.00 -1.398620E-02
      4752.00  7.000260E-02
      4754.00  6.961990E-02
      4756.00  8.209180E-02
      4758.00  1.442310E-02
      4760.00  3.361480E-03
      4762.00  4.421540E-02
      4764.00  9.614850E-03
      4766.00  1.700350E-02
      4768.00 -2.555170E-03
      4770.00  4.761090E-02
      4772.00  4.232340E-02
      4774.00  8.755310E-03
      4776.00 -3.565100E-03
      4778.00  6.816650E-02
      4780.00  2.085060E-02
      4782.00  6.673660E-02
      4784.00  2.093510E-02
      4786.00  7.259610E-02
      4788.00  6.949320E-02
      4790.00  5.170850E-02
      4792.00  1.156540E-02
      4794.00  8.527010E-02
      4796.00  5.055790E-02
      4798.00  2.397250E-02
      4800.00  1.455690E-02
      4802.00  6.123430E-02
      4804.00  4.268590E-02
      4806.00  2.413750E-02
      4808.00  5.589060E-03
      4810.00  5.589060E-03
      4812.00  1.868110E-02
      4814.00  2.196620E-02
      4816.00  3.999230E-02
      4818.00  1.764920E-02
      4820.00  3.805930E-02
      4822.00 -1.506720E-02
      4824.00 -4.999170E-03
      4826.00  1.844700E-02
      4828.00  7.378460E-02
      4830.00 -1.888930E-02
      4832.00  3.094550E-02
      4834.00  2.347780E-02
      4836.00  4.902000E-03
      4838.00 -5.102150E-02
      4840.00 -2.819060E-02
      4842.00  8.590700E-02
      4844.00 -1.591330E-02
      4846.00 -2.048420E-02
      4848.00  1.556770E-02
      4850.00  1.167910E-02
      4852.00  3.779860E-02
      4854.00  2.746410E-02
      4856.00  5.570120E-02
      4858.00  5.988930E-02
      4860.00  2.912670E-02
      4862.00  6.505080E-02
      4864.00  3.827110E-02
      4866.00  1.400810E-02
      4868.00  1.058740E-01
      4870.00  6.685780E-02
      4872.00  5.164350E-02
      4874.00  5.239040E-02
      4876.00  6.476370E-02
      4878.00  3.767390E-02
      4880.00  4.099220E-02
      4882.00  4.396960E-02
      4884.00  4.219740E-02
      4886.00  8.031350E-02
      4888.00  6.277020E-02
      4890.00  3.384610E-02
      4892.00  4.105960E-02
      4894.00  9.452740E-02
      4896.00  4.887460E-02
      4898.00  2.957240E-02
      4900.00  2.006630E-03
      4902.00  5.001740E-02
      4904.00  2.946450E-02
      4906.00  1.038920E-01
      4908.00  4.305010E-02
      4910.00  1.934760E-02
      4912.00  5.614310E-02
      4914.00  9.321370E-02
      4916.00  5.376390E-02
      4918.00  9.597430E-02
      4920.00  6.020420E-02
      4922.00  5.786270E-02
      4924.00  2.737640E-02
      4926.00  7.215740E-02
      4928.00  1.496470E-02
      4930.00  3.565670E-02
      4932.00  7.129840E-02
      4934.00  6.695270E-02
      4936.00  2.892230E-02
      4938.00  5.124810E-02
      4940.00  2.488770E-02
      4942.00  5.713170E-02
      4944.00  6.808720E-02
      4946.00  6.459990E-02
      4948.00  6.307360E-02
      4950.00  7.024350E-02
      4952.00  3.788800E-02
      4954.00  4.582270E-02
      4956.00  5.922330E-02
      4958.00  8.281800E-02
      4960.00  5.925040E-02
      4962.00  3.761290E-02
      4964.00  5.335820E-02
      4966.00 -1.411880E-02
      4968.00 -1.051270E-02
      4970.00  8.695790E-02
      4972.00  6.679640E-02
      4974.00  1.662600E-02
      4976.00  9.591030E-02
      4978.00  7.489400E-03
      4980.00  1.991260E-02
      4982.00  4.507830E-02
      4984.00 -1.967870E-03
      4986.00  1.057090E-02
      4988.00  1.040210E-01
      4990.00  1.716510E-02
      4992.00  6.643300E-02
      4994.00  9.007090E-02
      4996.00  8.870890E-02
      4998.00  5.942490E-02
      5000.00  6.640220E-02
      5002.00  6.578140E-02
      5004.00  5.739190E-02
      5006.00  1.039830E-01
      5008.00  8.345400E-02
      5010.00  8.010350E-02
      5012.00  1.039340E-01
      5014.00  8.861650E-02
      5016.00  9.723650E-02
      5018.00  9.860740E-02
      5020.00  6.127990E-02
      5022.00  2.243470E-02
      5024.00  6.709600E-02
      5026.00  9.115630E-02
      5028.00  1.068470E-01
      5030.00  8.355220E-02
      5032.00  1.017460E-01
      5034.00  6.207570E-02
      5036.00  8.295030E-02
      5038.00  5.224410E-02
      5040.00  7.424770E-02
      5042.00  8.734550E-02
      5044.00  8.061430E-02
      5046.00  8.770030E-02
      5048.00  6.970440E-02
      5050.00  4.969990E-02
      5052.00  5.723330E-02
      5054.00  5.908780E-02
      5056.00  4.727680E-02
      5058.00  9.065800E-02
      5060.00  8.176690E-02
      5062.00  5.845870E-02
      5064.00  4.112670E-02
      5066.00  9.554990E-02
      5068.00  8.901180E-02
      5070.00  2.757080E-02
      5072.00  8.873460E-02
      5074.00  2.316900E-02
      5076.00  1.052810E-01
      5078.00  4.506280E-02
      5080.00 -3.503740E-03
      5082.00 -2.363340E-02
      5084.00 -1.432200E-02
      5086.00  4.812260E-02
      5088.00  1.969970E-02
      5090.00  3.241550E-02
      5092.00  7.014890E-02
      5094.00  1.872020E-02
      5096.00  5.994630E-03
      5098.00  2.669930E-02
      5100.00  2.784280E-02
      5102.00  8.799400E-02
      5104.00  2.326090E-02
      5106.00  5.329760E-02
      5108.00  2.381090E-02
      5110.00  4.654300E-02
      5112.00  2.278970E-02
      5114.00  6.077270E-02
      5116.00  4.189270E-02
      5118.00  5.273670E-02
      5120.00  1.422660E-02
      5122.00  3.002290E-02
      5124.00  2.925550E-02
      5126.00  4.832430E-02
      5128.00  3.699830E-02
      5130.00  7.579070E-02
      5132.00  4.854290E-02
      5134.00  4.448360E-02
      5136.00  2.941610E-02
      5138.00  8.770280E-02
      5140.00  8.629430E-02
      5142.00  5.520910E-02
      5144.00  7.485170E-02
      5146.00  4.051600E-02
      5148.00  1.883060E-02
      5150.00  5.315830E-02
      5152.00  7.668090E-02
      5154.00  9.610730E-02
      5156.00  4.501590E-02
      5158.00  6.019890E-02
      5160.00  5.576410E-02
      5162.00  3.868330E-02
      5164.00  3.076450E-02
      5166.00  5.712710E-02
      5168.00  5.613860E-02
      5170.00  4.743570E-02
      5172.00  6.590000E-02
      5174.00  6.261280E-02
      5176.00  8.293260E-02
      5178.00  7.708280E-02
      5180.00  5.347280E-02
      5182.00  7.703680E-02
      5184.00  7.955360E-02
      5186.00  5.480740E-02
      5188.00  6.814800E-02
      5190.00  4.062800E-02
      5192.00  5.938480E-02
      5194.00  4.402400E-02
      5196.00  7.176420E-02
      5198.00  1.245410E-01
      5200.00  6.887960E-02
      5202.00  8.724050E-02
      5204.00  2.851290E-02
      5206.00  7.141200E-02
      5208.00  8.074620E-02
      5210.00  9.228570E-02
      5212.00  6.699350E-02
      5214.00  9.016090E-02
      5216.00  9.276820E-02
      5218.00  8.172780E-02
      5220.00  1.222490E-01
      5222.00  1.021200E-01
      5224.00  3.976730E-02
      5226.00  8.440620E-02
      5228.00  4.698650E-02
      5230.00  6.095060E-02
      5232.00  4.830590E-02
      5234.00  1.140560E-01
      5236.00  7.466480E-02
      5238.00  4.220210E-02
      5240.00  2.444230E-02
      5242.00  5.724730E-02
      5244.00  5.091260E-02
      5246.00  9.611470E-02
      5248.00  8.971520E-02
      5250.00  5.301190E-02
      5252.00  6.682530E-02
      5254.00  1.101130E-01
      5256.00  1.121280E-01
      5258.00  7.632040E-02
      5260.00  4.803660E-02
      5262.00  1.248460E-01
      5264.00  9.042490E-02
      5266.00  8.048430E-02
      5268.00  7.690410E-02
      5270.00  9.096400E-02
      5272.00  8.181990E-02
      5274.00  8.253460E-02
      5276.00  8.559210E-02
      5278.00  8.719480E-02
      5280.00  5.768590E-02
      5282.00  1.284080E-01
      5284.00  8.798950E-02
      5286.00  8.828340E-02
      5288.00  4.684370E-02
      5290.00  1.029280E-01
      5292.00  7.708710E-02
      5294.00  5.337370E-02
      5296.00  6.929630E-02
      5298.00  9.270970E-02
      5300.00  9.390210E-02
      5302.00  1.098390E-01
      5304.00  9.666140E-02
      5306.00  8.523150E-02
      5308.00  1.097450E-01
      5310.00  5.000670E-02
      5312.00  1.116350E-01
      5314.00  7.476470E-02
      5316.00  8.840350E-02
      5318.00  9.422180E-02
      5320.00  9.046320E-02
      5322.00  1.258950E-01
      5324.00  1.221140E-01
      5326.00  7.513840E-02
      5328.00  7.674410E-02
      5330.00  1.216660E-01
      5332.00  1.338480E-01
      5334.00  1.409770E-01
      5336.00  9.718350E-02
      5338.00  1.290080E-01
      5340.00  1.026050E-01
      5342.00  1.560470E-01
      5344.00  8.729510E-02
      5346.00  1.650930E-01
      5348.00  1.077770E-01
      5350.00  1.357720E-01
      5352.00  1.290290E-01
      5354.00  1.213280E-01
      5356.00  1.446880E-01
      5358.00  8.090280E-02
      5360.00  8.695680E-02
      5362.00  5.867160E-02
      5364.00  1.100610E-01
      5366.00  8.900720E-02
      5368.00  9.689860E-02
      5370.00  1.200070E-01
      5372.00  7.367010E-02
      5374.00  4.935130E-02
      5376.00  7.593690E-02
      5378.00  1.729250E-01
      5380.00  1.755530E-01
      5382.00  1.005560E-01
      5384.00  1.164590E-01
      5386.00  1.359120E-01
      5388.00  1.353740E-01
      5390.00  1.497270E-01
      5392.00  1.215360E-01
      5394.00  1.266350E-01
      5396.00  1.109370E-01
      5398.00  1.085040E-01
      5400.00  1.073760E-01
      5402.00  8.926450E-02
      5404.00  1.149350E-01
      5406.00  8.010420E-02
      5408.00  1.012750E-01
      5410.00  7.161160E-02
      5412.00  1.008600E-01
      5414.00  1.257520E-01
      5416.00  9.620600E-02
      5418.00  1.405510E-01
      5420.00  1.535260E-01
      5422.00  1.437420E-01
      5424.00  8.660500E-02
      5426.00  1.108420E-01
      5428.00  1.106030E-01
      5430.00  1.255360E-01
      5432.00  1.278870E-01
      5434.00  1.157700E-01
      5436.00  7.177140E-02
      5438.00  1.070390E-01
      5440.00  6.357830E-02
      5442.00  1.319760E-01
      5444.00  1.098560E-01
      5446.00  1.343810E-01
      5448.00  5.485730E-02
      5450.00  1.139180E-01
      5452.00  1.570510E-01
      5454.00  1.644060E-01
      5456.00  1.546700E-01
      5458.00  1.738660E-01
      5460.00  1.540140E-01
      5462.00  2.221280E-01
      5464.00  2.159670E-01
      5466.00  2.577610E-01
      5468.00  1.923260E-01
      5470.00  1.972760E-01
      5472.00  1.348460E-01
      5474.00  1.507300E-01
      5476.00  1.158240E-01
      5478.00  1.272700E-01
      5480.00  9.355640E-02
      5482.00  1.019040E-01
      5484.00  1.419920E-01
      5486.00  1.621630E-01
      5488.00  1.789490E-01
      5490.00  1.834350E-01
      5492.00  1.679540E-01
      5494.00  1.434480E-01
      5496.00  1.301200E-01
      5498.00  1.173780E-01
      5500.00  1.194000E-01
      5502.00  1.408490E-01
      5504.00  1.539180E-01
      5506.00  1.604080E-01
      5508.00  1.627600E-01
      5510.00  1.598360E-01
      5512.00  1.521290E-01
      5514.00  1.497130E-01
      5516.00  1.470780E-01
      5518.00  1.511340E-01
      5520.00  1.680380E-01
      5522.00  1.759100E-01
      5524.00  1.657740E-01
      5526.00  1.486480E-01
      5528.00  1.404380E-01
      5530.00  1.367290E-01
      5532.00  1.279950E-01
      5534.00  1.086870E-01
      5536.00  1.049770E-01
      5538.00  1.226670E-01
      5540.00  1.416110E-01
      5542.00  1.471840E-01
      5544.00  1.465060E-01
      5546.00  1.458880E-01
      5548.00  1.380360E-01
      5550.00  1.401700E-01
      5552.00  1.547060E-01
      5554.00  1.624680E-01
      5556.00  1.576130E-01
      5558.00  1.466430E-01
      5560.00  1.343320E-01
      5562.00  1.115780E-01
      5564.00  1.174470E-01
      5566.00  1.558120E-01
      5568.00  1.772020E-01
      5570.00  1.900450E-01
      5572.00  1.874600E-01
      5574.00  1.537740E-01
      5576.00  9.696730E-02
      5578.00  7.559420E-02
      5580.00  7.128050E-02
      5582.00  7.804720E-02
      5584.00  1.099850E-01
      5586.00  1.325090E-01
      5588.00  1.369870E-01
      5590.00  1.322270E-01
      5592.00  1.222740E-01
      5594.00  1.000790E-01
      5596.00  9.573430E-02
      5598.00  1.042470E-01
      5600.00  1.119930E-01
      5602.00  1.210020E-01
      5604.00  1.301980E-01
      5606.00  1.398800E-01
      5608.00  1.497570E-01
      5610.00  1.460020E-01
      5612.00  1.255960E-01
      5614.00  1.148000E-01
      5616.00  1.048260E-01
      5618.00  1.004210E-01
      5620.00  1.058190E-01
      5622.00  1.144140E-01
      5624.00  1.136530E-01
      5626.00  1.053360E-01
      5628.00  1.072770E-01
      5630.00  1.193740E-01
      5632.00  1.246740E-01
      5634.00  1.252060E-01
      5636.00  1.209800E-01
      5638.00  1.071550E-01
      5640.00  8.660110E-02
      5642.00  8.843650E-02
      5644.00  1.127580E-01
      5646.00  1.252100E-01
      5648.00  1.359330E-01
      5650.00  1.427720E-01
      5652.00  1.445680E-01
      5654.00  1.429870E-01
      5656.00  1.405720E-01
      5658.00  1.365630E-01
      5660.00  1.295150E-01
      5662.00  1.151330E-01
      5664.00  1.081470E-01
      5666.00  1.086250E-01
      5668.00  1.120340E-01
      5670.00  1.164290E-01
      5672.00  1.227160E-01
      5674.00  1.275950E-01
      5676.00  1.355680E-01
      5678.00  1.352700E-01
      5680.00  1.272870E-01
      5682.00  1.187300E-01
      5684.00  1.075540E-01
      5686.00  9.852440E-02
      5688.00  1.047500E-01
      5690.00  1.261730E-01
      5692.00  1.323920E-01
      5694.00  1.301130E-01
      5696.00  1.282160E-01
      5698.00  1.238260E-01
      5700.00  1.211060E-01
      5702.00  1.247210E-01
      5704.00  1.320390E-01
      5706.00  1.329320E-01
      5708.00  1.282520E-01
      5710.00  1.270540E-01
      5712.00  1.260990E-01
      5714.00  1.273930E-01
      5716.00  1.342620E-01
      5718.00  1.409550E-01
      5720.00  1.363510E-01
      5722.00  1.219850E-01
      5724.00  1.154090E-01
      5726.00  1.120430E-01
      5728.00  1.089180E-01
      5730.00  1.049200E-01
      5732.00  1.036820E-01
      5734.00  1.102250E-01
      5736.00  1.213660E-01
      5738.00  1.178540E-01
      5740.00  1.003490E-01
      5742.00  8.941760E-02
      5744.00  7.788650E-02
      5746.00  6.963550E-02
      5748.00  6.565210E-02
      5750.00  6.466120E-02
      5752.00  6.627800E-02
      5754.00  7.285540E-02
      5756.00  7.083140E-02
      5758.00  5.656960E-02
      5760.00  5.480410E-02
      5762.00  7.134600E-02
      5764.00  8.392440E-02
      5766.00  7.609740E-02
      5768.00  5.715130E-02
      5770.00  4.893580E-02
      5772.00  4.316460E-02
      5774.00  4.202960E-02
      5776.00  5.132860E-02
      5778.00  5.297260E-02
      5780.00  3.938830E-02
      5782.00  2.234240E-02
      5784.00  1.814060E-02
      5786.00  2.160410E-02
      5788.00  2.387990E-02
      5790.00  3.384820E-02
      5792.00  3.248810E-02
      5794.00  1.281740E-02
      5796.00 -1.654090E-03
      5798.00  7.490510E-03
      5800.00  2.939080E-02
      5802.00  3.405740E-02
      5804.00  2.073100E-02
      5806.00  2.787370E-02
      5808.00  5.679510E-02
      5810.00  7.255190E-02
      5812.00  6.344990E-02
      5814.00  4.732300E-02
      5816.00  4.689910E-02
      5818.00  5.639760E-02
      5820.00  5.357910E-02
      5822.00  3.998230E-02
      5824.00  3.291060E-02
      5826.00  2.886170E-02
      5828.00  3.026220E-02
      5830.00  4.191550E-02
      5832.00  6.044710E-02
      5834.00  6.836640E-02
      5836.00  7.245420E-02
      5838.00  7.056120E-02
      5840.00  5.941150E-02
      5842.00  5.005480E-02
      5844.00  3.974520E-02
      5846.00  3.484920E-02
      5848.00  5.186180E-02
      5850.00  9.099830E-02
      5852.00  1.061200E-01
      5854.00  1.057190E-01
      5856.00  1.092140E-01
      5858.00  1.125400E-01
      5860.00  1.185690E-01
      5862.00  1.325840E-01
      5864.00  1.507780E-01
      5866.00  1.546080E-01
      5868.00  1.421640E-01
      5870.00  1.424590E-01
      5872.00  1.395700E-01
      5874.00  1.546220E-01
      5876.00  2.076240E-01
      5878.00  2.624740E-01
      5880.00  2.661880E-01
      5882.00  2.433140E-01
      5884.00  2.433040E-01
      5886.00  2.432940E-01
      5888.00  2.432850E-01
      5890.00  2.432750E-01
      5892.00  2.432650E-01
      5894.00  2.432560E-01
      5896.00  2.432460E-01
      5898.00  2.432360E-01
      5900.00  2.432270E-01
      5902.00  2.432170E-01
      5904.00  2.432070E-01
      5906.00  2.431980E-01
      5908.00  2.431880E-01
      5910.00  2.431780E-01
      5912.00  2.431690E-01
      5914.00  2.431690E-01
      5916.00  2.480900E-01
      5918.00  2.279130E-01
      5920.00  2.209450E-01
      5922.00  2.239210E-01
      5924.00  2.300270E-01
      5926.00  2.385360E-01
      5928.00  2.490650E-01
      5930.00  2.498870E-01
      5932.00  2.388200E-01
      5934.00  2.380870E-01
      5936.00  2.457460E-01
      5938.00  2.486970E-01
      5940.00  2.431520E-01
      5942.00  2.354560E-01
      5944.00  2.336920E-01
      5946.00  2.369280E-01
      5948.00  2.277480E-01
      5950.00  2.035340E-01
      5952.00  1.902050E-01
      5954.00  1.865150E-01
      5956.00  1.851860E-01
      5958.00  1.829380E-01
      5960.00  1.815890E-01
      5962.00  1.817430E-01
      5964.00  1.905060E-01
      5966.00  1.819600E-01
      5968.00  1.497230E-01
      5970.00  1.339250E-01
      5972.00  1.454520E-01
      5974.00  1.656670E-01
      5976.00  1.754190E-01
      5978.00  1.835630E-01
      5980.00  1.832170E-01
      5982.00  1.676600E-01
      5984.00  1.652020E-01
      5986.00  1.742360E-01
      5988.00  1.871150E-01
      5990.00  2.032150E-01
      5992.00  2.216340E-01
      5994.00  2.264280E-01
      5996.00  2.219430E-01
      5998.00  2.129830E-01
      6000.00  1.889150E-01
      6002.00  1.762160E-01
      6004.00  1.838050E-01
      6006.00  1.955670E-01
      6008.00  1.920620E-01
      6010.00  1.794850E-01
      6012.00  1.724690E-01
      6014.00  1.649800E-01
      6016.00  1.612400E-01
      6018.00  1.632180E-01
      6020.00  1.641900E-01
      6022.00  1.589550E-01
      6024.00  1.512930E-01
      6026.00  1.520530E-01
      6028.00  1.624900E-01
      6030.00  1.640150E-01
      6032.00  1.609250E-01
      6034.00  1.566600E-01
      6036.00  1.505810E-01
      6038.00  1.441140E-01
      6040.00  1.393780E-01
      6042.00  1.343620E-01
      6044.00  1.380470E-01
      6046.00  1.568990E-01
      6048.00  1.611150E-01
      6050.00  1.471590E-01
      6052.00  1.368900E-01
      6054.00  1.436690E-01
      6056.00  1.584310E-01
      6058.00  1.634830E-01
      6060.00  1.653480E-01
      6062.00  1.633910E-01
      6064.00  1.566290E-01
      6066.00  1.484420E-01
      6068.00  1.377150E-01
      6070.00  1.267960E-01
      6072.00  1.192300E-01
      6074.00  1.128220E-01
      6076.00  1.133980E-01
      6078.00  1.228260E-01
      6080.00  1.291410E-01
      6082.00  1.353210E-01
      6084.00  1.391790E-01
      6086.00  1.372900E-01
      6088.00  1.327140E-01
      6090.00  1.374420E-01
      6092.00  1.549800E-01
      6094.00  1.563940E-01
      6096.00  1.441220E-01
      6098.00  1.359480E-01
      6100.00  1.343840E-01
      6102.00  1.347810E-01
      6104.00  1.338390E-01
      6106.00  1.326950E-01
      6108.00  1.335450E-01
      6110.00  1.348730E-01
      6112.00  1.392530E-01
      6114.00  1.474500E-01
      6116.00  1.563450E-01
      6118.00  1.664850E-01
      6120.00  1.764240E-01
      6122.00  1.746250E-01
      6124.00  1.554370E-01
      6126.00  1.555870E-01
      6128.00  1.722000E-01
      6130.00  1.819450E-01
      6132.00  1.810230E-01
      6134.00  1.768590E-01
      6136.00  1.758210E-01
      6138.00  1.759160E-01
      6140.00  1.708370E-01
      6142.00  1.561730E-01
      6144.00  1.526160E-01
      6146.00  1.604370E-01
      6148.00  1.692400E-01
      6150.00  1.757870E-01
      6152.00  1.812520E-01
      6154.00  1.790400E-01
      6156.00  1.686510E-01
      6158.00  1.610180E-01
      6160.00  1.467680E-01
      6162.00  1.437130E-01
      6164.00  1.590810E-01
      6166.00  1.781030E-01
      6168.00  1.839340E-01
      6170.00  1.831570E-01
      6172.00  1.813050E-01
      6174.00  1.733460E-01
      6176.00  1.696640E-01
      6178.00  1.687760E-01
      6180.00  1.694850E-01
      6182.00  1.728500E-01
      6184.00  1.773920E-01
      6186.00  1.754490E-01
      6188.00  1.675100E-01
      6190.00  1.623620E-01
      6192.00  1.513160E-01
      6194.00  1.520900E-01
      6196.00  1.722520E-01
      6198.00  1.960270E-01
      6200.00  2.061620E-01
      6202.00  2.101930E-01
      6204.00  2.067260E-01
      6206.00  1.880690E-01
      6208.00  1.804370E-01
      6210.00  1.791020E-01
      6212.00  1.833150E-01
      6214.00  1.964660E-01
      6216.00  2.144920E-01
      6218.00  2.200770E-01
      6220.00  2.172130E-01
      6222.00  2.148900E-01
      6224.00  2.051830E-01
      6226.00  2.034220E-01
      6228.00  2.147110E-01
      6230.00  2.281340E-01
      6232.00  2.318970E-01
      6234.00  2.304780E-01
      6236.00  2.299360E-01
      6238.00  2.227950E-01
      6240.00  2.267820E-01
      6242.00  2.446870E-01
      6244.00  2.604070E-01
      6246.00  2.670990E-01
      6248.00  2.690220E-01
      6250.00  2.675310E-01
      6252.00  2.630310E-01
      6254.00  2.519840E-01
      6256.00  2.257650E-01
      6258.00  2.127870E-01
      6260.00  2.185940E-01
      6262.00  2.307050E-01
      6264.00  2.383730E-01
      6266.00  2.465620E-01
      6268.00  2.519820E-01
      6270.00  2.523850E-01
      6272.00  2.585190E-01
      6274.00  2.714790E-01
      6276.00  2.829080E-01
      6278.00  2.894390E-01
      6280.00  2.931570E-01
      6282.00  2.942330E-01
      6284.00  2.900840E-01
      6286.00  2.907290E-01
      6288.00  2.940750E-01
      6290.00  2.974360E-01
      6292.00  3.008630E-01
      6294.00  3.043620E-01
      6296.00  3.077960E-01
      6298.00  3.114690E-01
      6300.00  3.126720E-01
      6302.00  3.136280E-01
      6304.00  3.100160E-01
      6306.00  2.993800E-01
      6308.00  2.903670E-01
      6310.00  2.871690E-01
      6312.00  2.866850E-01
      6314.00  2.850920E-01
      6316.00  2.840320E-01
      6318.00  2.825560E-01
      6320.00  2.818790E-01
      6322.00  2.792570E-01
      6324.00  2.742750E-01
      6326.00  2.679610E-01
      6328.00  2.610190E-01
      6330.00  2.530240E-01
      6332.00  2.453390E-01
      6334.00  2.342760E-01
      6336.00  2.303480E-01
      6338.00  2.332540E-01
      6340.00  2.381320E-01
      6342.00  2.433470E-01
      6344.00  2.498260E-01
      6346.00  2.574660E-01
      6348.00  2.724990E-01
      6350.00  2.696610E-01
      6352.00  2.452770E-01
      6354.00  2.327070E-01
      6356.00  2.368480E-01
      6358.00  2.450910E-01
      6360.00  2.470480E-01
      6362.00  2.469270E-01
      6364.00  2.491850E-01
      6366.00  2.542300E-01
      6368.00  2.559560E-01
      6370.00  2.569300E-01
      6372.00  2.537850E-01
      6374.00  2.435970E-01
      6376.00  2.293540E-01
      6378.00  2.185790E-01
      6380.00  2.072690E-01
      6382.00  2.004590E-01
      6384.00  1.983610E-01
      6386.00  1.958420E-01
      6388.00  1.902860E-01
      6390.00  1.877010E-01
      6392.00  1.962950E-01
      6394.00  2.142240E-01
      6396.00  2.180750E-01
      6398.00  2.134160E-01
      6400.00  2.073160E-01
      6402.00  1.964640E-01
      6404.00  1.855950E-01
      6406.00  1.761790E-01
      6408.00  1.675550E-01
      6410.00  1.615090E-01
      6412.00  1.575060E-01
      6414.00  1.550120E-01
      6416.00  1.561560E-01
      6418.00  1.550920E-01
      6420.00  1.507820E-01
      6422.00  1.459800E-01
      6424.00  1.421280E-01
      6426.00  1.379570E-01
      6428.00  1.422380E-01
      6430.00  1.640500E-01
      6432.00  1.642670E-01
      6434.00  1.404290E-01
      6436.00  1.213260E-01
      6438.00  1.193040E-01
      6440.00  1.244540E-01
      6442.00  1.252120E-01
      6444.00  1.278040E-01
      6446.00  1.240820E-01
      6448.00  1.112800E-01
      6450.00  1.049920E-01
      6452.00  1.070320E-01
      6454.00  1.119170E-01
      6456.00  1.151040E-01
      6458.00  1.182620E-01
      6460.00  1.267900E-01
      6462.00  1.433480E-01
      6464.00  1.533700E-01
      6466.00  1.554070E-01
      6468.00  1.617610E-01
      6470.00  1.781760E-01
      6472.00  1.996030E-01
      6474.00  2.182830E-01
      6476.00  2.354520E-01
      6478.00  2.582910E-01
      6480.00  2.832940E-01
      6482.00  3.144170E-01
      6484.00  3.540490E-01
      6486.00  3.965220E-01
      6488.00  4.362440E-01
      6490.00  4.756160E-01
      6492.00  5.164870E-01
      6494.00  5.573520E-01
      6496.00  6.011250E-01
      6498.00  6.476460E-01
      6500.00  6.956080E-01
      6502.00  7.444380E-01
      6504.00  7.946470E-01
      6506.00  8.473970E-01
      6508.00  9.057670E-01
      6510.00  9.543810E-01
      6512.00  9.954440E-01
      6514.00  1.036360E+00
      6516.00  1.075080E+00
      6518.00  1.115210E+00
      6520.00  1.161830E+00
      6522.00  1.213020E+00
      6524.00  1.261870E+00
      6526.00  1.313540E+00
      6528.00  1.358650E+00
      6530.00  1.398310E+00
      6532.00  1.435240E+00
      6534.00  1.469590E+00
      6536.00  1.501780E+00
      6538.00  1.534200E+00
      6540.00  1.562790E+00
      6542.00  1.601580E+00
      6544.00  1.652780E+00
      6546.00  1.696940E+00
      6548.00  1.734380E+00
      6550.00  1.766950E+00
      6552.00  1.792730E+00
      6554.00  1.811680E+00
      6556.00  1.841200E+00
      6558.00  1.896160E+00
      6560.00  1.908480E+00
      6562.00  1.878560E+00
      6564.00  1.847190E+00
      6566.00  1.826450E+00
      6568.00  1.808180E+00
      6570.00  1.793740E+00
      6572.00  1.786630E+00
      6574.00  1.768810E+00
      6576.00  1.744560E+00
      6578.00  1.717570E+00
      6580.00  1.684920E+00
      6582.00  1.652600E+00
      6584.00  1.627330E+00
      6586.00  1.606340E+00
      6588.00  1.583260E+00
      6590.00  1.561440E+00
      6592.00  1.536880E+00
      6594.00  1.502200E+00
      6596.00  1.479680E+00
      6598.00  1.482380E+00
      6600.00  1.495890E+00
      6602.00  1.492250E+00
      6604.00  1.478760E+00
      6606.00  1.470540E+00
      6608.00  1.460450E+00
      6610.00  1.456060E+00
      6612.00  1.459910E+00
      6614.00  1.465110E+00
      6616.00  1.467040E+00
      6618.00  1.468280E+00
      6620.00  1.458330E+00
      6622.00  1.428670E+00
      6624.00  1.419120E+00
      6626.00  1.432100E+00
      6628.00  1.435730E+00
      6630.00  1.417010E+00
      6632.00  1.388510E+00
      6634.00  1.367090E+00
      6636.00  1.346510E+00
      6638.00  1.325920E+00
      6640.00  1.306840E+00
      6642.00  1.285460E+00
      6644.00  1.262970E+00
      6646.00  1.237310E+00
      6648.00  1.205550E+00
      6650.00  1.168820E+00
      6652.00  1.133280E+00
      6654.00  1.098290E+00
      6656.00  1.059070E+00
      6658.00  1.011710E+00
      6660.00  9.698930E-01
      6662.00  9.413770E-01
      6664.00  9.172190E-01
      6666.00  8.800510E-01
      6668.00  8.303430E-01
      6670.00  7.972560E-01
      6672.00  7.785100E-01
      6674.00  7.538630E-01
      6676.00  7.197930E-01
      6678.00  6.879030E-01
      6680.00  6.690980E-01
      6682.00  6.589330E-01
      6684.00  6.376850E-01
      6686.00  6.089910E-01
      6688.00  5.828900E-01
      6690.00  5.524220E-01
      6692.00  5.298040E-01
      6694.00  5.225150E-01
      6696.00  5.215180E-01
      6698.00  5.094980E-01
      6700.00  4.903490E-01
      6702.00  4.772620E-01
      6704.00  4.647620E-01
      6706.00  4.571450E-01
      6708.00  4.578960E-01
      6710.00  4.582520E-01
      6712.00  4.510270E-01
      6714.00  4.396200E-01
      6716.00  4.231950E-01
      6718.00  3.941680E-01
      6720.00  3.786920E-01
      6722.00  3.742150E-01
      6724.00  3.701460E-01
      6726.00  3.640440E-01
      6728.00  3.575600E-01
      6730.00  3.493990E-01
      6732.00  3.378940E-01
      6734.00  3.336540E-01
      6736.00  3.380300E-01
      6738.00  3.369450E-01
      6740.00  3.297630E-01
      6742.00  3.207800E-01
      6744.00  3.123620E-01
      6746.00  3.033470E-01
      6748.00  2.956710E-01
      6750.00  2.881850E-01
      6752.00  2.825270E-01
      6754.00  2.778790E-01
      6756.00  2.753550E-01
      6758.00  2.767300E-01
      6760.00  2.793440E-01
      6762.00  2.767580E-01
      6764.00  2.689010E-01
      6766.00  2.685230E-01
      6768.00  2.782650E-01
      6770.00  2.780390E-01
      6772.00  2.643680E-01
      6774.00  2.495500E-01
      6776.00  2.428850E-01
      6778.00  2.400230E-01
      6780.00  2.363990E-01
      6782.00  2.332060E-01
      6784.00  2.316500E-01
      6786.00  2.318220E-01
      6788.00  2.326400E-01
      6790.00  2.344490E-01
      6792.00  2.364520E-01
      6794.00  2.364460E-01
      6796.00  2.360710E-01
      6798.00  2.313360E-01
      6800.00  2.194650E-01
      6802.00  2.127250E-01
      6804.00  2.109420E-01
      6806.00  2.117600E-01
      6808.00  2.155190E-01
      6810.00  2.221930E-01
      6812.00  2.202780E-01
      6814.00  2.110560E-01
      6816.00  2.033660E-01
      6818.00  1.907090E-01
      6820.00  1.846840E-01
      6822.00  1.913100E-01
      6824.00  2.028890E-01
      6826.00  2.068500E-01
      6828.00  2.081230E-01
      6830.00  2.064870E-01
      6832.00  2.009460E-01
      6834.00  1.947600E-01
      6836.00  1.848580E-01
      6838.00  1.776180E-01
      6840.00  1.803020E-01
      6842.00  1.895130E-01
      6844.00  1.891020E-01
      6846.00  1.805620E-01
      6848.00  1.773980E-01
      6850.00  1.765560E-01
      6852.00  1.767950E-01
      6854.00  1.786500E-01
      6856.00  1.810040E-01
      6858.00  1.805940E-01
      6860.00  1.772520E-01
      6862.00  1.785800E-01
      6864.00  1.896150E-01
      6866.00  1.876190E-01
      6868.00  1.657150E-01
      6870.00  1.456330E-01
      6872.00  1.448760E-01
      6874.00  1.549590E-01
      6876.00  1.587090E-01
      6878.00  1.605570E-01
      6880.00  1.654020E-01
      6882.00  1.777510E-01
      6884.00  1.816310E-01
      6886.00  1.688800E-01
      6888.00  1.505140E-01
      6890.00  1.443680E-01
      6892.00  1.444150E-01
      6894.00  1.454850E-01
      6896.00  1.508970E-01
      6898.00  1.553930E-01
      6900.00  1.608980E-01
      6902.00  1.642460E-01
      6904.00  1.616500E-01
      6906.00  1.549960E-01
      6908.00  1.527460E-01
      6910.00  1.516180E-01
      6912.00  1.528590E-01
      6914.00  1.578220E-01
      6916.00  1.618460E-01
      6918.00  1.655950E-01
      6920.00  1.670670E-01
      6922.00  1.590370E-01
      6924.00  1.395700E-01
      6926.00  1.348890E-01
      6928.00  1.379950E-01
      6930.00  1.452070E-01
      6932.00  1.626360E-01
      6934.00  1.768370E-01
      6936.00  1.753750E-01
      6938.00  1.645520E-01
      6940.00  1.623190E-01
      6942.00  1.636650E-01
      6944.00  1.646110E-01
      6946.00  1.670570E-01
      6948.00  1.686980E-01
      6950.00  1.675640E-01
      6952.00  1.667140E-01
      6954.00  1.722840E-01
      6956.00  1.844270E-01
      6958.00  1.887000E-01
      6960.00  1.874120E-01
      6962.00  1.874120E-01
      6964.00  1.882770E-01
      6966.00  1.890730E-01
      6968.00  1.900020E-01
      6970.00  1.909090E-01
      6972.00  1.880410E-01
      6974.00  1.797650E-01
      6976.00  1.759790E-01
      6978.00  1.733800E-01
      6980.00  1.736690E-01
      6982.00  1.785340E-01
      6984.00  1.852700E-01
      6986.00  1.890870E-01
      6988.00  1.918490E-01
      6990.00  1.937620E-01
      6992.00  1.941900E-01
      6994.00  1.949020E-01
      6996.00  1.951770E-01
      6998.00  1.962180E-01
      7000.00  1.995610E-01
      7002.00  2.043480E-01
      7004.00  2.061570E-01
      7006.00  2.057260E-01
      7008.00  2.057480E-01
      7010.00  2.051670E-01
      7012.00  2.048630E-01
      7014.00  2.047740E-01
      7016.00  2.051520E-01
      7018.00  2.069330E-01
      7020.00  2.102330E-01
      7022.00  2.121850E-01
      7024.00  2.126060E-01
      7026.00  2.148650E-01
      7028.00  2.194050E-01
      7030.00  2.241350E-01
      7032.00  2.281870E-01
      7034.00  2.319290E-01
      7036.00  2.325770E-01
      7038.00  2.281010E-01
      7040.00  2.286600E-01
      7042.00  2.329220E-01
      7044.00  2.367130E-01
      7046.00  2.393710E-01
      7048.00  2.414960E-01
      7050.00  2.430130E-01
      7052.00  2.442150E-01
      7054.00  2.435250E-01
      7056.00  2.406020E-01
      7058.00  2.380570E-01
      7060.00  2.346800E-01
      7062.00  2.325580E-01
      7064.00  2.333530E-01
      7066.00  2.361840E-01
      7068.00  2.399260E-01
      7070.00  2.458540E-01
      7072.00  2.509700E-01
      7074.00  2.576130E-01
      7076.00  2.615860E-01
      7078.00  2.614670E-01
      7080.00  2.592810E-01
      7082.00  2.573400E-01
      7084.00  2.542900E-01
      7086.00  2.527440E-01
      7088.00  2.514630E-01
      7090.00  2.517400E-01
      7092.00  2.547840E-01
      7094.00  2.572460E-01
      7096.00  2.562600E-01
      7098.00  2.534880E-01
      7100.00  2.541230E-01
      7102.00  2.574480E-01
      7104.00  2.597250E-01
      7106.00  2.632230E-01
      7108.00  2.645410E-01
      7110.00  2.621460E-01
      7112.00  2.584350E-01
      7114.00  2.568370E-01
      7116.00  2.562950E-01
      7118.00  2.547640E-01
      7120.00  2.512290E-01
      7122.00  2.508930E-01
      7124.00  2.558520E-01
      7126.00  2.592420E-01
      7128.00  2.551570E-01
      7130.00  2.471680E-01
      7132.00  2.473990E-01
      7134.00  2.563130E-01
      7136.00  2.578440E-01
      7138.00  2.557760E-01
      7140.00  2.524380E-01
      7142.00  2.460780E-01
      7144.00  2.402400E-01
      7146.00  2.426120E-01
      7148.00  2.523470E-01
      7150.00  2.548430E-01
      7152.00  2.512140E-01
      7154.00  2.524850E-01
      7156.00  2.597570E-01
      7158.00  2.664620E-01
      7160.00  2.692020E-01
      7162.00  2.696860E-01
      7164.00  2.665580E-01
      7166.00  2.560560E-01
      7168.00  2.526570E-01
      7170.00  2.520030E-01
      7172.00  2.545520E-01
      7174.00  2.610710E-01
      7176.00  2.701630E-01
      7178.00  2.805650E-01
      7180.00  2.952480E-01
      7182.00  2.979360E-01
      7184.00  2.864290E-01
      7186.00  2.838890E-01
      7188.00  2.897820E-01
      7190.00  2.970010E-01
      7192.00  3.029450E-01
      7194.00  3.087080E-01
      7196.00  3.091380E-01
      7198.00  3.023040E-01
      7200.00  3.010450E-01
      7202.00  2.998890E-01
      7204.00  3.037130E-01
      7206.00  3.156160E-01
      7208.00  3.301860E-01
      7210.00  3.398410E-01
      7212.00  3.480490E-01
      7214.00  3.522770E-01
      7216.00  3.516140E-01
      7218.00  3.514680E-01
      7220.00  3.483250E-01
      7222.00  3.488120E-01
      7224.00  3.595680E-01
      7226.00  3.760800E-01
      7228.00  3.818140E-01
      7230.00  3.797850E-01
      7232.00  3.797860E-01
      7234.00  3.775900E-01
      7236.00  3.770610E-01
      7238.00  3.805360E-01
      7240.00  3.838720E-01
      7242.00  3.796930E-01
      7244.00  3.674350E-01
      7246.00  3.722130E-01
      7248.00  3.948670E-01
      7250.00  4.074500E-01
      7252.00  4.108570E-01
      7254.00  4.136720E-01
      7256.00  4.212450E-01
      7258.00  4.301320E-01
      7260.00  4.315300E-01
      7262.00  4.258030E-01
      7264.00  4.225890E-01
      7266.00  4.143360E-01
      7268.00  4.145280E-01
      7270.00  4.271340E-01
      7272.00  4.455290E-01
      7274.00  4.635350E-01
      7276.00  4.860580E-01
      7278.00  4.960840E-01
      7280.00  4.952270E-01
      7282.00  4.955940E-01
      7284.00  4.926730E-01
      7286.00  4.928550E-01
      7288.00  5.019310E-01
      7290.00  5.159440E-01
      7292.00  5.233080E-01
      7294.00  5.247020E-01
      7296.00  5.322810E-01
      7298.00  5.461500E-01
      7300.00  5.557760E-01
      7302.00  5.602520E-01
      7304.00  5.606270E-01
      7306.00  5.544430E-01
      7308.00  5.393010E-01
      7310.00  5.405710E-01
      7312.00  5.568470E-01
      7314.00  5.668090E-01
      7316.00  5.731790E-01
      7318.00  5.778930E-01
      7320.00  5.809960E-01
      7322.00  5.826330E-01
      7324.00  5.849910E-01
      7326.00  5.871420E-01
      7328.00  5.896160E-01
      7330.00  5.959800E-01
      7332.00  5.955430E-01
      7334.00  5.835120E-01
      7336.00  5.687000E-01
      7338.00  5.630250E-01
      7340.00  5.633930E-01
      7342.00  5.555380E-01
      7344.00  5.427620E-01
      7346.00  5.291370E-01
      7348.00  5.123460E-01
      7350.00  4.964780E-01
      7352.00  4.828540E-01
      7354.00  4.712050E-01
      7356.00  4.672530E-01
      7358.00  4.747290E-01
      7360.00  4.727830E-01
      7362.00  4.666470E-01
      7364.00  4.589810E-01
      7366.00  4.481270E-01
      7368.00  4.375020E-01
      7370.00  4.332590E-01
      7372.00  4.339240E-01
      7374.00  4.308080E-01
      7376.00  4.252500E-01
      7378.00  4.218930E-01
      7380.00  4.213080E-01
      7382.00  4.200500E-01
      7384.00  4.166640E-01
      7386.00  4.118690E-01
      7388.00  4.044610E-01
      7390.00  3.894090E-01
      7392.00  3.866400E-01
      7394.00  3.982570E-01
      7396.00  4.011790E-01
      7398.00  3.910390E-01
      7400.00  3.757190E-01
      7402.00  3.604640E-01
      7404.00  3.406260E-01
      7406.00  3.362600E-01
      7408.00  3.495160E-01
      7410.00  3.528940E-01
      7412.00  3.480970E-01
      7414.00  3.430260E-01
      7416.00  3.409900E-01
      7418.00  3.400870E-01
      7420.00  3.400100E-01
      7422.00  3.428850E-01
      7424.00  3.412760E-01
      7426.00  3.342360E-01
      7428.00  3.308870E-01
      7430.00  3.336710E-01
      7432.00  3.379050E-01
      7434.00  3.390950E-01
      7436.00  3.396190E-01
      7438.00  3.353690E-01
      7440.00  3.253910E-01
      7442.00  3.169820E-01
      7444.00  3.065370E-01
      7446.00  2.998700E-01
      7448.00  3.017510E-01
      7450.00  3.084460E-01
      7452.00  3.099290E-01
      7454.00  3.111890E-01
      7456.00  3.071090E-01
      7458.00  2.956830E-01
      7460.00  2.871410E-01
      7462.00  2.833030E-01
      7464.00  2.806320E-01
      7466.00  2.755140E-01
      7468.00  2.685310E-01
      7470.00  2.680570E-01
      7472.00  2.776270E-01
      7474.00  2.772220E-01
      7476.00  2.657850E-01
      7478.00  2.553400E-01
      7480.00  2.517020E-01
      7482.00  2.511630E-01
      7484.00  2.505900E-01
      7486.00  2.559300E-01
      7488.00  2.490080E-01
      7490.00  2.288230E-01
      7492.00  2.140240E-01
      7494.00  2.060430E-01
      7496.00  2.020330E-01
      7498.00  2.023280E-01
      7500.00  2.080390E-01
      7502.00  2.076790E-01
      7504.00  2.046040E-01
      7506.00  2.000200E-01
      7508.00  1.916510E-01
      7510.00  1.847340E-01
      7512.00  1.826620E-01
      7514.00  1.828600E-01
      7516.00  1.799960E-01
      7518.00  1.754370E-01
      7520.00  1.713540E-01
      7522.00  1.657870E-01
      7524.00  1.625660E-01
      7526.00  1.629510E-01
      7528.00  1.643250E-01
      7530.00  1.638900E-01
      7532.00  1.627800E-01
      7534.00  1.616050E-01
      7536.00  1.619060E-01
      7538.00  1.580870E-01
      7540.00  1.479400E-01
      7542.00  1.398660E-01
      7544.00  1.375030E-01
      7546.00  1.386970E-01
      7548.00  1.437860E-01
      7550.00  1.600220E-01
      7552.00  1.588900E-01
      7554.00  1.395410E-01
      7556.00  1.293680E-01
      7558.00  1.333480E-01
      7560.00  1.406710E-01
      7562.00  1.420420E-01
      7564.00  1.414940E-01
      7566.00  1.386910E-01
      7568.00  1.341350E-01
      7570.00  1.265590E-01
      7572.00  1.123250E-01
      7574.00  1.014330E-01
      7576.00  1.005460E-01
      7578.00  1.041350E-01
      7580.00  9.930030E-02
      7582.00  8.360660E-02
      7584.00  8.503340E-02
      7586.00  1.035960E-01
      7588.00  1.146950E-01
      7590.00  1.144390E-01
      7592.00  1.116630E-01
      7594.00  1.139360E-01
      7596.00  1.184430E-01
      7598.00  1.204100E-01
      7600.00  1.178770E-01
      7602.00  1.222220E-01
      7604.00  1.385830E-01
      7606.00  1.478580E-01
      7608.00  1.373420E-01
      7610.00  1.180100E-01
      7612.00  1.154320E-01
      7614.00  1.250760E-01
      7616.00  1.277660E-01
      7618.00  1.313780E-01
      7620.00  1.296630E-01
      7622.00  1.170620E-01
      7624.00  1.055220E-01
      7626.00  1.101190E-01
      7628.00  1.260340E-01
      7630.00  1.342550E-01
      7632.00  1.442940E-01
      7634.00  1.455470E-01
      7636.00  1.336160E-01
      7638.00  1.254560E-01
      7640.00  1.287770E-01
      7642.00  1.381860E-01
      7644.00  1.490640E-01
      7646.00  1.674610E-01
      7648.00  1.759080E-01
      7650.00  1.772710E-01
      7652.00  1.785690E-01
      7654.00  1.798500E-01
      7656.00  1.806570E-01
      7658.00  1.814510E-01
      7660.00  1.820600E-01
      7662.00  1.821340E-01
      7664.00  1.785280E-01
      7666.00  1.818140E-01
      7668.00  1.912670E-01
      7670.00  2.031260E-01
      7672.00  2.186470E-01
      7674.00  2.352070E-01
      7676.00  2.394600E-01
      7678.00  2.310290E-01
      7680.00  2.314740E-01
      7682.00  2.356100E-01
      7684.00  2.395810E-01
      7686.00  2.425970E-01
      7688.00  2.465780E-01
      7690.00  2.529850E-01
      7692.00  2.609770E-01
      7694.00  2.729960E-01
      7696.00  2.970150E-01
      7698.00  3.045080E-01
      7700.00  2.940580E-01
      7702.00  2.849250E-01
      7704.00  2.843950E-01
      7706.00  2.876780E-01
      7708.00  2.936250E-01
      7710.00  3.057130E-01
      7712.00  3.113610E-01
      7714.00  3.111610E-01
      7716.00  3.146010E-01
      7718.00  3.255670E-01
      7720.00  3.350240E-01
      7722.00  3.331160E-01
      7724.00  3.233830E-01
      7726.00  3.163510E-01
      7728.00  3.063410E-01
      7730.00  3.005250E-01
      7732.00  2.994080E-01
      7734.00  2.976710E-01
      7736.00  2.923610E-01
      7738.00  2.861560E-01
      7740.00  2.842030E-01
      7742.00  2.844690E-01
      7744.00  2.874670E-01
      7746.00  2.975900E-01
      7748.00  3.013310E-01
      7750.00  2.937510E-01
      7752.00  2.866580E-01
      7754.00  2.943390E-01
      7756.00  3.127930E-01
      7758.00  3.097540E-01
      7760.00  2.851880E-01
      7762.00  2.740630E-01
      7764.00  2.670240E-01
      7766.00  2.688260E-01
      7768.00  2.869000E-01
      7770.00  3.123980E-01
      7772.00  3.196270E-01
      7774.00  3.129950E-01
      7776.00  3.143710E-01
      7778.00  3.179690E-01
      7780.00  3.212950E-01
      7782.00  3.258870E-01
      7784.00  3.286400E-01
      7786.00  3.248670E-01
      7788.00  3.158900E-01
      7790.00  3.130580E-01
      7792.00  3.168750E-01
      7794.00  3.133780E-01
      7796.00  3.012360E-01
      7798.00  2.920490E-01
      7800.00  2.909550E-01
      7802.00  2.936240E-01
      7804.00  2.946860E-01
      7806.00  2.997870E-01
      7808.00  2.932850E-01
      7810.00  2.710890E-01
      7812.00  2.595720E-01
      7814.00  2.615490E-01
      7816.00  2.680340E-01
      7818.00  2.727990E-01
      7820.00  2.787650E-01
      7822.00  2.840010E-01
      7824.00  2.938260E-01
      7826.00  2.929180E-01
      7828.00  2.783410E-01
      7830.00  2.669170E-01
      7832.00  2.651420E-01
      7834.00  2.679340E-01
      7836.00  2.714200E-01
      7838.00  2.814270E-01
      7840.00  2.788700E-01
      7842.00  2.603140E-01
      7844.00  2.533950E-01
      7846.00  2.638240E-01
      7848.00  2.757530E-01
      7850.00  2.749500E-01
      7852.00  2.672150E-01
      7854.00  2.633910E-01
      7856.00  2.556260E-01
      7858.00  2.578270E-01
      7860.00  2.765770E-01
      7862.00  2.860100E-01
      7864.00  2.722130E-01
      7866.00  2.490710E-01
      7868.00  2.421210E-01
      7870.00  2.452710E-01
      7872.00  2.429600E-01
      7874.00  2.404690E-01
      7876.00  2.361790E-01
      7878.00  2.292250E-01
      7880.00  2.217330E-01
      7882.00  2.148580E-01
      7884.00  2.076720E-01
      7886.00  2.077120E-01
      7888.00  2.145370E-01
      7890.00  2.213110E-01
      7892.00  2.321030E-01
      7894.00  2.402430E-01
      7896.00  2.432570E-01
      7898.00  2.430900E-01
      7900.00  2.412920E-01
      7902.00  2.389140E-01
      7904.00  2.285950E-01
      7906.00  2.072510E-01
      7908.00  1.909150E-01
      7910.00  1.776470E-01
      7912.00  1.694960E-01
      7914.00  1.715290E-01
      7916.00  1.821430E-01
      7918.00  1.866230E-01
      7920.00  1.882130E-01
      7922.00  1.924780E-01
      7924.00  1.991900E-01
      7926.00  2.054900E-01
      7928.00  2.120390E-01
      7930.00  2.171370E-01
      7932.00  2.136220E-01
      7934.00  1.996690E-01
      7936.00  1.960010E-01
      7938.00  1.977480E-01
      7940.00  2.004840E-01
      7942.00  2.053880E-01
      7944.00  2.104930E-01
      7946.00  2.134560E-01
      7948.00  2.153200E-01
      7950.00  2.168860E-01
      7952.00  2.202490E-01
      7954.00  2.176020E-01
      7956.00  2.054860E-01
      7958.00  1.981470E-01
      7960.00  2.028140E-01
      7962.00  2.117760E-01
      7964.00  2.115300E-01
      7966.00  2.048590E-01
      7968.00  2.026640E-01
      7970.00  2.027510E-01
      7972.00  2.016530E-01
      7974.00  1.996700E-01
      7976.00  1.966950E-01
      7978.00  1.908830E-01
      7980.00  1.825830E-01
      7982.00  1.848580E-01
      7984.00  1.979790E-01
      7986.00  2.064950E-01
      7988.00  2.176350E-01
      7990.00  2.218930E-01
      7992.00  2.122880E-01
      7994.00  1.974050E-01
      7996.00  1.954410E-01
      7998.00  2.033690E-01
      8000.00  2.027180E-01
      8002.00  1.940260E-01
      8004.00  1.928440E-01
      8006.00  2.026310E-01
      8008.00  2.128160E-01
      8010.00  2.144130E-01
      8012.00  2.113660E-01
      8014.00  2.108910E-01
      8016.00  2.089560E-01
      8018.00  2.108550E-01
      8020.00  2.179170E-01
      8022.00  2.230720E-01
      8024.00  2.242780E-01
      8026.00  2.231420E-01
      8028.00  2.197500E-01
      8030.00  2.116650E-01
      8032.00  2.104180E-01
      8034.00  2.155350E-01
      8036.00  2.176860E-01
      8038.00  2.164420E-01
      8040.00  2.145320E-01
      8042.00  2.127230E-01
      8044.00  2.104370E-01
      8046.00  2.152930E-01
      8048.00  2.298560E-01
      8050.00  2.370340E-01
      8052.00  2.394290E-01
      8054.00  2.413960E-01
      8056.00  2.443220E-01
      8058.00  2.468890E-01
      8060.00  2.477950E-01
      8062.00  2.474980E-01
      8064.00  2.461990E-01
      8066.00  2.419300E-01
      8068.00  2.404880E-01
      8070.00  2.434940E-01
      8072.00  2.460780E-01
      8074.00  2.450190E-01
      8076.00  2.419360E-01
      8078.00  2.325940E-01
      8080.00  2.072050E-01
      8082.00  2.031340E-01
      8084.00  2.194400E-01
      8086.00  2.333320E-01
      8088.00  2.398640E-01
      8090.00  2.421980E-01
      8092.00  2.364590E-01
      8094.00  2.191070E-01
      8096.00  2.151400E-01
      8098.00  2.211300E-01
      8100.00  2.239740E-01
      8102.00  2.247710E-01
      8104.00  2.237530E-01
      8106.00  2.189460E-01
      8108.00  2.111030E-01
      8110.00  2.103990E-01
      8112.00  2.144340E-01
      8114.00  2.196640E-01
      8116.00  2.317800E-01
      8118.00  2.376910E-01
      8120.00  2.311490E-01
      8122.00  2.196680E-01
      8124.00  2.151940E-01
      8126.00  2.136920E-01
      8128.00  2.121860E-01
      8130.00  2.136960E-01
      8132.00  2.118030E-01
      8134.00  2.047210E-01
      8136.00  1.980060E-01
      8138.00  1.966210E-01
      8140.00  1.982860E-01
      8142.00  1.957450E-01
      8144.00  1.908660E-01
      8146.00  1.856780E-01
      8148.00  1.770860E-01
      8150.00  1.721480E-01
      8152.00  1.729190E-01
      8154.00  1.774310E-01
      8156.00  1.851370E-01
      8158.00  2.003210E-01
      8160.00  2.020110E-01
      8162.00  1.920270E-01
      8164.00  1.847350E-01
      8166.00  1.768300E-01
      8168.00  1.726410E-01
      8170.00  1.780480E-01
      8172.00  1.903110E-01
      8174.00  1.973880E-01
      8176.00  2.081850E-01
      8178.00  2.066670E-01
      8180.00  1.936340E-01
      8182.00  1.782900E-01
      8184.00  1.573220E-01
      8186.00  1.381530E-01
      8188.00  1.423310E-01
      8190.00  1.663130E-01
      8192.00  1.845700E-01
      8194.00  2.108760E-01
      8196.00  2.273110E-01
      8198.00  2.317800E-01
      8200.00  2.335770E-01
      8202.00  2.403100E-01
      8204.00  2.483190E-01
      8206.00  2.455010E-01
      8208.00  2.310900E-01
      8210.00  2.215740E-01
      8212.00  2.090480E-01
      8214.00  2.033860E-01
      8216.00  2.092490E-01
      8218.00  2.205770E-01
      8220.00  2.285440E-01
      8222.00  2.380740E-01
      8224.00  2.412990E-01
      8226.00  2.377550E-01
      8228.00  2.364160E-01
      8230.00  2.376060E-01
      8232.00  2.382580E-01
      8234.00  2.366920E-01
      8236.00  2.337280E-01
      8238.00  2.286100E-01
      8240.00  2.197770E-01
      8242.00  2.133480E-01
      8244.00  2.045450E-01
      8246.00  2.020910E-01
      8248.00  2.121370E-01
      8250.00  2.256250E-01
      8252.00  2.261660E-01
      8254.00  2.181590E-01
      8256.00  2.127750E-01
      8258.00  2.047730E-01
      8260.00  1.995580E-01
      8262.00  1.975040E-01
      8264.00  1.962770E-01
      8266.00  1.938360E-01
      8268.00  1.912250E-01
      8270.00  1.932110E-01
      8272.00  2.014110E-01
      8274.00  2.048460E-01
      8276.00  2.086980E-01
      8278.00  2.067640E-01
      8280.00  1.943570E-01
      8282.00  1.785990E-01
      8284.00  1.716090E-01
      8286.00  1.675840E-01
      8288.00  1.722240E-01
      8290.00  1.930710E-01
      8292.00  2.012890E-01
      8294.00  1.963370E-01
      8296.00  1.875760E-01
      8298.00  1.794780E-01
      8300.00  1.698930E-01
      8302.00  1.640200E-01
      8304.00  1.605950E-01
      8306.00  1.578220E-01
      8308.00  1.572370E-01
      8310.00  1.559200E-01
      8312.00  1.539270E-01
      8314.00  1.506670E-01
      8316.00  1.430310E-01
      8318.00  1.291120E-01
      8320.00  1.268040E-01
      8322.00  1.378870E-01
      8324.00  1.394550E-01
      8326.00  1.301900E-01
      8328.00  1.199140E-01
      8330.00  1.129790E-01
      8332.00  1.073940E-01
      8334.00  1.130490E-01
      8336.00  1.368200E-01
      8338.00  1.438700E-01
      8340.00  1.411180E-01
      8342.00  1.359190E-01
      8344.00  1.294190E-01
      8346.00  1.206840E-01
      8348.00  1.095690E-01
      8350.00  9.384100E-02
      8352.00  8.685850E-02
      8354.00  8.479080E-02
      8356.00  8.649750E-02
      8358.00  9.470160E-02
      8360.00  1.032270E-01
      8362.00  1.076220E-01
      8364.00  1.101610E-01
      8366.00  1.121120E-01
      8368.00  1.157480E-01
      8370.00  1.118800E-01
      8372.00  9.472750E-02
      8374.00  8.758550E-02
      8376.00  9.909510E-02
      8378.00  1.170670E-01
      8380.00  1.258590E-01
      8382.00  1.320920E-01
      8384.00  1.335400E-01
      8386.00  1.233520E-01
      8388.00  1.250350E-01
      8390.00  1.448470E-01
      8392.00  1.603290E-01
      8394.00  1.546900E-01
      8396.00  1.370780E-01
      8398.00  1.279510E-01
      8400.00  1.128840E-01
      8402.00  1.166510E-01
      8404.00  1.444650E-01
      8406.00  1.622220E-01
      8408.00  1.598560E-01
      8410.00  1.510370E-01
      8412.00  1.502740E-01
      8414.00  1.504880E-01
      8416.00  1.593680E-01
      8418.00  1.803640E-01
      8420.00  1.951440E-01
      8422.00  2.057620E-01
      8424.00  2.132350E-01
      8426.00  2.150930E-01
      8428.00  2.131720E-01
      8430.00  2.235050E-01
      8432.00  2.504270E-01
      8434.00  2.601460E-01
      8436.00  2.554530E-01
      8438.00  2.554320E-01
      8440.00  2.655480E-01
      8442.00  2.781790E-01
      8444.00  2.843870E-01
      8446.00  2.857150E-01
      8448.00  2.950230E-01
      8450.00  3.136820E-01
      8452.00  3.246850E-01
      8454.00  3.260020E-01
      8456.00  3.283060E-01
      8458.00  3.391290E-01
      8460.00  3.541660E-01
      8462.00  3.633990E-01
      8464.00  3.717230E-01
      8466.00  3.744210E-01
      8468.00  3.687160E-01
      8470.00  3.662560E-01
      8472.00  3.690330E-01
      8474.00  3.747400E-01
      8476.00  3.826490E-01
      8478.00  3.932340E-01
      8480.00  4.053450E-01
      8482.00  4.239650E-01
      8484.00  4.346190E-01
      8486.00  4.351430E-01
      8488.00  4.358710E-01
      8490.00  4.440210E-01
      8492.00  4.553930E-01
      8494.00  4.606220E-01
      8496.00  4.600660E-01
      8498.00  4.637320E-01
      8500.00  4.717950E-01
      8502.00  4.755740E-01
      8504.00  4.721110E-01
      8506.00  4.660130E-01
      8508.00  4.616200E-01
      8510.00  4.540910E-01
      8512.00  4.636960E-01
      8514.00  4.922910E-01
      8516.00  5.138270E-01
      8518.00  5.330950E-01
      8520.00  5.477600E-01
      8522.00  5.535460E-01
      8524.00  5.533510E-01
      8526.00  5.595400E-01
      8528.00  5.683850E-01
      8530.00  5.777390E-01
      8532.00  5.913780E-01
      8534.00  6.003690E-01
      8536.00  6.018190E-01
      8538.00  6.003190E-01
      8540.00  6.010420E-01
      8542.00  6.014020E-01
      8544.00  6.046150E-01
      8546.00  6.112970E-01
      8548.00  6.162870E-01
      8550.00  6.201270E-01
      8552.00  6.234060E-01
      8554.00  6.262480E-01
      8556.00  6.286000E-01
      8558.00  6.306910E-01
      8560.00  6.305850E-01
      8562.00  6.346890E-01
      8564.00  6.414260E-01
      8566.00  6.499450E-01
      8568.00  6.624480E-01
      8570.00  6.746390E-01
      8572.00  6.782100E-01
      8574.00  6.740550E-01
      8576.00  6.796270E-01
      8578.00  6.906140E-01
      8580.00  7.030530E-01
      8582.00  7.223730E-01
      8584.00  7.366810E-01
      8586.00  7.353690E-01
      8588.00  7.256020E-01
      8590.00  7.306360E-01
      8592.00  7.508410E-01
      8594.00  7.561890E-01
      8596.00  7.489690E-01
      8598.00  7.477860E-01
      8600.00  7.556680E-01
      8602.00  7.682690E-01
      8604.00  7.823270E-01
      8606.00  7.976050E-01
      8608.00  8.254020E-01
      8610.00  8.745650E-01
      8612.00  9.057100E-01
      8614.00  9.164430E-01
      8616.00  9.282760E-01
      8618.00  9.562760E-01
      8620.00  9.904220E-01
      8622.00  1.003580E+00
      8624.00  9.873380E-01
      8626.00  1.005300E+00
      8628.00  1.050760E+00
      8630.00  1.089410E+00
      8632.00  1.119620E+00
      8634.00  1.142170E+00
      8636.00  1.148750E+00
      8638.00  1.139180E+00
      8640.00  1.140140E+00
      8642.00  1.140330E+00
      8644.00  1.148430E+00
      8646.00  1.166020E+00
      8648.00  1.185600E+00
      8650.00  1.203050E+00
      8652.00  1.220770E+00
      8654.00  1.240780E+00
      8656.00  1.264860E+00
      8658.00  1.284100E+00
      8660.00  1.305810E+00
      8662.00  1.316550E+00
      8664.00  1.310750E+00
      8666.00  1.298530E+00
      8668.00  1.292140E+00
      8670.00  1.286370E+00
      8672.00  1.282040E+00
      8674.00  1.283570E+00
      8676.00  1.276100E+00
      8678.00  1.260670E+00
      8680.00  1.240920E+00
      8682.00  1.216430E+00
      8684.00  1.188380E+00
      8686.00  1.168150E+00
      8688.00  1.147020E+00
      8690.00  1.141730E+00
      8692.00  1.153360E+00
      8694.00  1.164600E+00
      8696.00  1.175370E+00
      8698.00  1.184970E+00
      8700.00  1.187800E+00
      8702.00  1.184320E+00
      8704.00  1.189270E+00
      8706.00  1.202480E+00
      8708.00  1.209360E+00
      8710.00  1.214210E+00
      8712.00  1.212490E+00
      8714.00  1.199300E+00
      8716.00  1.178480E+00
      8718.00  1.162770E+00
      8720.00  1.147750E+00
      8722.00  1.132910E+00
      8724.00  1.119100E+00
      8726.00  1.104300E+00
      8728.00  1.086450E+00
      8730.00  1.069600E+00
      8732.00  1.060480E+00
      8734.00  1.058450E+00
      8736.00  1.045660E+00
      8738.00  1.025140E+00
      8740.00  1.005570E+00
      8742.00  9.815060E-01
      8744.00  9.628450E-01
      8746.00  9.563310E-01
      8748.00  9.573180E-01
      8750.00  9.567820E-01
      8752.00  9.602570E-01
      8754.00  9.593190E-01
      8756.00  9.600860E-01
      8758.00  9.520790E-01
      8760.00  9.293970E-01
      8762.00  9.036150E-01
      8764.00  8.906850E-01
      8766.00  8.866770E-01
      8768.00  8.680850E-01
      8770.00  8.358650E-01
      8772.00  8.112410E-01
      8774.00  7.931320E-01
      8776.00  7.746720E-01
      8778.00  7.511950E-01
      8780.00  7.263850E-01
      8782.00  7.105590E-01
      8784.00  6.984390E-01
      8786.00  6.958210E-01
      8788.00  7.111180E-01
      8790.00  7.149410E-01
      8792.00  7.010200E-01
      8794.00  6.815450E-01
      8796.00  6.660840E-01
      8798.00  6.480040E-01
      8800.00  6.498980E-01
      8802.00  6.795630E-01
      8804.00  6.886010E-01
      8806.00  6.818800E-01
      8808.00  6.694730E-01
      8810.00  6.520870E-01
      8812.00  6.310580E-01
      8814.00  6.229540E-01
      8816.00  6.223020E-01
      8818.00  6.271510E-01
      8820.00  6.502420E-01
      8822.00  6.562100E-01
      8824.00  6.360280E-01
      8826.00  6.078940E-01
      8828.00  5.894530E-01
      8830.00  5.725890E-01
      8832.00  5.628620E-01
      8834.00  5.679290E-01
      8836.00  5.574310E-01
      8838.00  5.256970E-01
      8840.00  5.016290E-01
      8842.00  5.027060E-01
      8844.00  5.158310E-01
      8846.00  5.144830E-01
      8848.00  5.049160E-01
      8850.00  4.999580E-01
      8852.00  4.982710E-01
      8854.00  4.926130E-01
      8856.00  4.779890E-01
      8858.00  4.647050E-01
      8860.00  4.665430E-01
      8862.00  4.797230E-01
      8864.00  4.842340E-01
      8866.00  4.930790E-01
      8868.00  4.853970E-01
      8870.00  4.562730E-01
      8872.00  4.284550E-01
      8874.00  4.123520E-01
      8876.00  4.014310E-01
      8878.00  3.922740E-01
      8880.00  3.876220E-01
      8882.00  3.817020E-01
      8884.00  3.761600E-01
      8886.00  3.712240E-01
      8888.00  3.686600E-01
      8890.00  3.648050E-01
      8892.00  3.532780E-01
      8894.00  3.346380E-01
      8896.00  3.304790E-01
      8898.00  3.375460E-01
      8900.00  3.436250E-01
      8902.00  3.566390E-01
      8904.00  3.622910E-01
      8906.00  3.498480E-01
      8908.00  3.284960E-01
      8910.00  3.211640E-01
      8912.00  3.234770E-01
      8914.00  3.198390E-01
      8916.00  3.157930E-01
      8918.00  3.087690E-01
      8920.00  2.953320E-01
      8922.00  2.827170E-01
      8924.00  2.810900E-01
      8926.00  2.879090E-01
      8928.00  2.840440E-01
      8930.00  2.706890E-01
      8932.00  2.641850E-01
      8934.00  2.598330E-01
      8936.00  2.614440E-01
      8938.00  2.746390E-01
      8940.00  2.935270E-01
      8942.00  2.986960E-01
      8944.00  2.964440E-01
      8946.00  2.899740E-01
      8948.00  2.717830E-01
      8950.00  2.610940E-01
      8952.00  2.598400E-01
      8954.00  2.632430E-01
      8956.00  2.713460E-01
      8958.00  2.873430E-01
      8960.00  2.763610E-01
      8962.00  2.300450E-01
      8964.00  2.124020E-01
      8966.00  2.172940E-01
      8968.00  2.273070E-01
      8970.00  2.379060E-01
      8972.00  2.507690E-01
      8974.00  2.578770E-01
      8976.00  2.624520E-01
      8978.00  2.633930E-01
      8980.00  2.577370E-01
      8982.00  2.551880E-01
      8984.00  2.572250E-01
      8986.00  2.602480E-01
      8988.00  2.609440E-01
      8990.00  2.603440E-01
      8992.00  2.631910E-01
      8994.00  2.688680E-01
      8996.00  2.743200E-01
      8998.00  2.805160E-01
      9000.00  2.865610E-01
      9002.00  2.939330E-01
      9004.00  3.003860E-01
      9006.00  2.960520E-01
      9008.00  2.789550E-01
      9010.00  2.718620E-01
      9012.00  2.664500E-01
      9014.00  2.670670E-01
      9016.00  2.801670E-01
      9018.00  2.917490E-01
      9020.00  2.843450E-01
      9022.00  2.638070E-01
      9024.00  2.519680E-01
      9026.00  2.370670E-01
      9028.00  2.339480E-01
      9030.00  2.469000E-01
      9032.00  2.566670E-01
      9034.00  2.539370E-01
      9036.00  2.460580E-01
      9038.00  2.433040E-01
      9040.00  2.419710E-01
      9042.00  2.416740E-01
      9044.00  2.438890E-01
      9046.00  2.445850E-01
      9048.00  2.421660E-01
      9050.00  2.403360E-01
      9052.00  2.440870E-01
      9054.00  2.523620E-01
      9056.00  2.505450E-01
      9058.00  2.417150E-01
      9060.00  2.315520E-01
      9062.00  2.154670E-01
      9064.00  2.023340E-01
      9066.00  1.949400E-01
      9068.00  1.919690E-01
      9070.00  1.970190E-01
      9072.00  2.155850E-01
      9074.00  2.192110E-01
      9076.00  2.115680E-01
      9078.00  2.072760E-01
      9080.00  2.038600E-01
      9082.00  2.054610E-01
      9084.00  2.218530E-01
      9086.00  2.514000E-01
      9088.00  2.574360E-01
      9090.00  2.454090E-01
      9092.00  2.371210E-01
      9094.00  2.234990E-01
      9096.00  2.160710E-01
      9098.00  2.225560E-01
      9100.00  2.354990E-01
      9102.00  2.393120E-01
      9104.00  2.395850E-01
      9106.00  2.372170E-01
      9108.00  2.296430E-01
      9110.00  2.236880E-01
      9112.00  2.188860E-01
      9114.00  2.156120E-01
      9116.00  2.146200E-01
      9118.00  2.152600E-01
      9120.00  2.220660E-01
      9122.00  2.422590E-01
      9124.00  2.473230E-01
      9126.00  2.393440E-01
      9128.00  2.292600E-01
      9130.00  2.167620E-01
      9132.00  2.050290E-01
      9134.00  2.133270E-01
      9136.00  2.463340E-01
      9138.00  2.531810E-01
      9140.00  2.410620E-01
      9142.00  2.345440E-01
      9144.00  2.323850E-01
      9146.00  2.347240E-01
      9148.00  2.481060E-01
      9150.00  2.719810E-01
      9152.00  2.691700E-01
      9154.00  2.391360E-01
      9156.00  2.241210E-01
      9158.00  2.167950E-01
      9160.00  2.117390E-01
      9162.00  2.065760E-01
      9164.00  2.036440E-01
      9166.00  2.078870E-01
      9168.00  2.218540E-01
      9170.00  2.264140E-01
      9172.00  2.260580E-01
      9174.00  2.247410E-01
      9176.00  2.202820E-01
      9178.00  2.170160E-01
      9180.00  2.213190E-01
      9182.00  2.312240E-01
      9184.00  2.314060E-01
      9186.00  2.208700E-01
      9188.00  2.196460E-01
      9190.00  2.262540E-01
      9192.00  2.326330E-01
      9194.00  2.356900E-01
      9196.00  2.380080E-01
      9198.00  2.428710E-01
      9200.00  2.528120E-01
      9202.00  2.512050E-01
      9204.00  2.409320E-01
      9206.00  2.285280E-01
      9208.00  2.054830E-01
      9210.00  1.897770E-01
      9212.00  2.041190E-01
      9214.00  2.404200E-01
      9216.00  2.579710E-01
      9218.00  2.736720E-01
      9220.00  2.766780E-01
      9222.00  2.609700E-01
      9224.00  2.492090E-01
      9226.00  2.492700E-01
      9228.00  2.551640E-01
      9230.00  2.646840E-01
      9232.00  2.867400E-01
      9234.00  2.851430E-01
      9236.00  2.598470E-01
      9238.00  2.441700E-01
      9240.00  2.349450E-01
      9242.00  2.345850E-01
      9244.00  2.530720E-01
      9246.00  2.879300E-01
      9248.00  2.972470E-01
      9250.00  2.868470E-01
      9252.00  2.837880E-01
      9254.00  2.805900E-01
      9256.00  2.804550E-01
      9258.00  2.872990E-01
      9260.00  2.961550E-01
      9262.00  2.943110E-01
      9264.00  2.806040E-01
      9266.00  2.822240E-01
      9268.00  2.967140E-01
      9270.00  3.064330E-01
      9272.00  3.133100E-01
      9274.00  3.156850E-01
      9276.00  3.083100E-01
      9278.00  2.927470E-01
      9280.00  2.880090E-01
      9282.00  2.867560E-01
      9284.00  2.921480E-01
      9286.00  3.109990E-01
      9288.00  3.230230E-01
      9290.00  3.212710E-01
      9292.00  3.114320E-01
      9294.00  2.956750E-01
      9296.00  2.612860E-01
      9298.00  2.632350E-01
      9300.00  2.984640E-01
      9302.00  3.253520E-01
      9304.00  3.494790E-01
      9306.00  3.650350E-01
      9308.00  3.595180E-01
      9310.00  3.374530E-01
      9312.00  3.303930E-01
      9314.00  3.389360E-01
      9316.00  3.259690E-01
      9318.00  2.936300E-01
      9320.00  2.600290E-01
      9322.00  2.230190E-01
      9324.00  1.901770E-01
      9326.00  1.934730E-01
      9328.00  2.321670E-01
      9330.00  2.524700E-01
      9332.00  2.863980E-01
      9334.00  2.870320E-01
      9336.00  2.400730E-01
      9338.00  1.860090E-01
      9340.00  1.522500E-01
      9342.00  1.244540E-01
      9344.00  1.481060E-01
      9346.00  2.461390E-01
      9348.00  2.916690E-01
      9350.00  3.136490E-01
      9352.00  3.168560E-01
      9354.00  2.920740E-01
      9356.00  2.544370E-01
      9358.00  2.457380E-01
      9360.00  2.562770E-01
      9362.00  2.560060E-01
      9364.00  2.539730E-01
      9366.00  2.507730E-01
      9368.00  2.628330E-01
      9370.00  2.526820E-01
      9372.00  1.731240E-01
      9374.00  1.833230E-01
      9376.00  1.935230E-01
      9378.00  2.037220E-01
      9380.00  2.139210E-01
      9382.00  2.241200E-01
      9384.00  2.343200E-01
      9386.00  2.343200E-01
      9388.00  2.163330E-01
      9390.00  2.149360E-01
      9392.00  2.089930E-01
      9394.00  2.025040E-01
      9396.00  1.828140E-01
      9398.00  1.846530E-01
      9400.00  2.170370E-01
      9402.00  2.525190E-01
      9404.00  2.709930E-01
      9406.00  2.821040E-01
      9408.00  2.792020E-01
      9410.00  2.597200E-01
      9412.00  2.397040E-01
      9414.00  2.058940E-01
      9416.00  1.834980E-01
      9418.00  1.826910E-01
      9420.00  1.925970E-01
      9422.00  1.981900E-01
      9424.00  2.020370E-01
      9426.00  2.200780E-01
      9428.00  2.681230E-01
      9430.00  2.829720E-01
      9432.00  2.490830E-01
      9434.00  2.153460E-01
      9436.00  2.222690E-01
      9438.00  2.513080E-01
      9440.00  2.673260E-01
      9442.00  2.822880E-01
      9444.00  2.961360E-01
      9446.00  3.218840E-01
      9448.00  3.240730E-01
      9450.00  2.838480E-01
      9452.00  2.246570E-01
      9454.00  1.856840E-01
      9456.00  1.493560E-01
      9458.00  1.278440E-01
      9460.00  1.147790E-01
      9462.00  1.181090E-01
      9464.00  1.433920E-01
      9466.00  1.760360E-01
      9468.00  2.122880E-01
      9470.00  2.548400E-01
      9472.00  2.410900E-01
      9474.00  1.566460E-01
      9476.00  1.208790E-01
      9478.00  1.023470E-01
      9480.00  1.037850E-01
      9482.00  1.367500E-01
      9484.00  1.828820E-01
      9486.00  2.009680E-01
      9488.00  2.043580E-01
      9490.00  2.066580E-01
      9492.00  2.006860E-01
      9494.00  1.955130E-01
      9496.00  1.854670E-01
      9498.00  1.816240E-01
      9500.00  2.002380E-01
      9502.00  2.339870E-01
      9504.00  2.278900E-01
      9506.00  1.732660E-01
      9508.00  1.620710E-01
      9510.00  1.831460E-01
      9512.00  2.019530E-01
      9514.00  2.032590E-01
      9516.00  2.061410E-01
      9518.00  2.459570E-01
      9520.00  3.367410E-01
      9522.00  3.330380E-01
      9524.00  2.273090E-01
      9526.00  1.814610E-01
      9528.00  2.000200E-01
      9530.00  2.330970E-01
      9532.00  2.561260E-01
      9534.00  2.811390E-01
      9536.00  2.764880E-01
      9538.00  2.372490E-01
      9540.00  2.163060E-01
      9542.00  1.932840E-01
      9544.00  1.862270E-01
      9546.00  2.086890E-01
      9548.00  2.410940E-01
      9550.00  2.473310E-01
      9552.00  2.386540E-01
      9554.00  2.303850E-01
      9556.00  2.052770E-01
      9558.00  2.017110E-01
      9560.00  2.310660E-01
      9562.00  2.568750E-01
      9564.00  2.480920E-01
      9566.00  2.199400E-01
      9568.00  2.164540E-01
      9570.00  2.380910E-01
      9572.00  2.324780E-01
      9574.00  1.971620E-01
      9576.00  1.771690E-01
      9578.00  1.889080E-01
      9580.00  2.122120E-01
      9582.00  2.218020E-01
      9584.00  2.300930E-01
      9586.00  2.235430E-01
      9588.00  1.935500E-01
      9590.00  1.796700E-01
      9592.00  1.837560E-01
      9594.00  1.909170E-01
      9596.00  1.935840E-01
      9598.00  1.954180E-01
      9600.00  1.873410E-01
      9602.00  1.627840E-01
      9604.00  1.543930E-01
      9606.00  1.576530E-01
      9608.00  1.608770E-01
      9610.00  1.617560E-01
      9612.00  1.623210E-01
      9614.00  1.613480E-01
      9616.00  1.546390E-01
      9618.00  1.681990E-01
      9620.00  2.133750E-01
      9622.00  2.299600E-01
      9624.00  2.100340E-01
      9626.00  1.890770E-01
      9628.00  1.916610E-01
      9630.00  2.054040E-01
      9632.00  2.136680E-01
      9634.00  2.297380E-01
      9636.00  2.281860E-01
      9638.00  2.025650E-01
      9640.00  1.899060E-01
      9642.00  2.044260E-01
      9644.00  2.271730E-01
      9646.00  2.345600E-01
      9648.00  2.419870E-01
      9650.00  2.150490E-01
      9652.00  1.332180E-01
      9654.00  9.348270E-02
      9656.00  8.537560E-02
      9658.00  1.057840E-01
      9660.00  1.738020E-01
      9662.00  2.777910E-01
      9664.00  2.987440E-01
      9666.00  2.510050E-01
      9668.00  2.253910E-01
      9670.00  1.904160E-01
      9672.00  1.645690E-01
      9674.00  1.393950E-01
      9676.00  1.330970E-01
      9678.00  1.958510E-01
      9680.00  3.341900E-01
      9682.00  3.945550E-01
      9684.00  4.426940E-01
      9686.00  4.242290E-01
      9688.00  2.983330E-01
      9690.00  1.790430E-01
      9692.00  1.534700E-01
      9694.00  1.758620E-01
      9696.00  1.640560E-01
      9698.00  1.357110E-01
      9700.00  1.276430E-01
      9702.00  1.311230E-01
      9704.00  1.420800E-01
      9706.00  1.675880E-01
      9708.00  1.942860E-01
      9710.00  1.936600E-01
      9712.00  1.716740E-01
      9714.00  1.604520E-01
      9716.00  1.463170E-01
      9718.00  1.403620E-01
      9720.00  1.485570E-01
      9722.00  1.530880E-01
      9724.00  1.380040E-01
      9726.00  1.123150E-01
      9728.00  1.079910E-01
      9730.00  1.236760E-01
      9732.00  1.262050E-01
      9734.00  1.159660E-01
      9736.00  1.178740E-01
      9738.00  1.483730E-01
      9740.00  1.809520E-01
      9742.00  1.706010E-01
      9744.00  1.256010E-01
      9746.00  1.051920E-01
      9748.00  8.502860E-02
      9750.00  8.275370E-02
      9752.00  1.077180E-01
      9754.00  1.316280E-01
      9756.00  1.340160E-01
      9758.00  1.260100E-01
      9760.00  1.267730E-01
      9762.00  1.320720E-01
      9764.00  1.335490E-01
      9766.00  1.264760E-01
      9768.00  1.307880E-01
      9770.00  1.534680E-01
      9772.00  1.842790E-01
      9774.00  2.132860E-01
      9776.00  2.523610E-01
      9778.00  2.525160E-01
      9780.00  2.084990E-01
      9782.00  1.851220E-01
      9784.00  1.777900E-01
      9786.00  1.759170E-01
      9788.00  1.760820E-01
      9790.00  1.798930E-01
      9792.00  1.833920E-01
      9794.00  1.981500E-01
      9796.00  1.894740E-01
      9798.00  1.512750E-01
      9800.00  1.286620E-01
      9802.00  1.336390E-01
      9804.00  1.493960E-01
      9806.00  1.595620E-01
      9808.00  1.724160E-01
      9810.00  1.773400E-01
      9812.00  1.830360E-01
      9814.00  1.727890E-01
      9816.00  1.360760E-01
      9818.00  1.043340E-01
      9820.00  9.937960E-02
      9822.00  1.089600E-01
      9824.00  1.132710E-01
      9826.00  1.236780E-01
      9828.00  1.251220E-01
      9830.00  1.160830E-01
      9832.00  1.131470E-01
      9834.00  1.243780E-01
      9836.00  1.365060E-01
      9838.00  1.272160E-01
      9840.00  9.550130E-02
      9842.00  1.072200E-01
      9844.00  1.666340E-01
      9846.00  1.947310E-01
      9848.00  2.040610E-01
      9850.00  1.922260E-01
      9852.00  1.449600E-01
      9854.00  7.304330E-02
      9856.00  4.080730E-02
      9858.00  1.811720E-02
      9860.00  3.056880E-02
      9862.00  9.353050E-02
      9864.00  1.422640E-01
      9866.00  1.673990E-01
      9868.00  1.800150E-01
      9870.00  1.805520E-01
      9872.00  1.654510E-01
      9874.00  1.574310E-01
      9876.00  1.552750E-01
      9878.00  1.400720E-01
      9880.00  9.799630E-02
      9882.00  7.002710E-02
      9884.00  8.454030E-02
      9886.00  1.247150E-01
      9888.00  1.591410E-01
      9890.00  2.240330E-01
      9892.00  2.328280E-01
      9894.00  1.901070E-01
      9896.00  1.548970E-01
      9898.00  1.314150E-01
      9900.00  1.171010E-01
      9902.00  1.262330E-01
      9904.00  1.617540E-01
      9906.00  1.629350E-01
      9908.00  1.365590E-01
      9910.00  1.222890E-01
      9912.00  1.127320E-01
      9914.00  1.110120E-01
      9916.00  1.274720E-01
      9918.00  1.537310E-01
      9920.00  1.441320E-01
      9922.00  9.356580E-02
      9924.00  7.608110E-02
      9926.00  6.943170E-02
      9928.00  7.512970E-02
      9930.00  8.974370E-02
      9932.00  1.200180E-01
      9934.00  1.894780E-01
      9936.00  3.152190E-01
      9938.00  3.068540E-01
      9940.00  1.639880E-01
      9942.00  8.010120E-02
      9944.00  1.433020E-02
      9946.00 -8.025620E-03
      9948.00  5.589640E-02
      9950.00  1.734170E-01
      9952.00  2.047870E-01
      9954.00  1.817340E-01
      9956.00  1.671910E-01
      9958.00  1.263620E-01
      9960.00  1.058720E-01
      9962.00  1.173650E-01
      9964.00  1.415880E-01
      9966.00  1.605240E-01
      9968.00  1.842760E-01
      9970.00  1.933380E-01
      9972.00  1.990450E-01
      9974.00  1.852870E-01
      9976.00  1.303630E-01
      9978.00  9.481380E-02
      9980.00  1.259460E-01
      9982.00  1.912830E-01
      9984.00  2.003870E-01
      9986.00  1.736660E-01
      9988.00  1.530490E-01
      9990.00  9.396650E-02
      9992.00  8.882880E-02
      9994.00  1.753220E-01
      9996.00  2.853030E-01
      9998.00  3.359770E-01
