      3399.82  5.118909E-17
      3403.95  2.153212E-17
      3408.07  7.060053E-17
      3412.20  4.729090E-17
      3416.32  4.969018E-17
      3420.45 -1.987653E-17
      3424.57  7.772009E-17
      3428.70  7.421423E-17
      3432.82  6.034859E-17
      3436.95  7.484675E-17
      3441.07  1.013874E-16
      3445.20  8.765174E-17
      3449.32  9.900355E-17
      3453.45  4.295620E-17
      3457.57  6.902383E-17
      3461.70  7.439655E-17
      3465.82  6.568625E-17
      3469.95  7.668884E-17
      3474.07  5.210531E-17
      3478.20  4.253638E-17
      3482.32 -3.667845E-18
      3486.45  1.895178E-17
      3490.57  5.681145E-17
      3494.70  5.859966E-17
      3498.82  2.473562E-17
      3502.95  8.402388E-17
      3507.07  4.529942E-17
      3511.20  3.992345E-17
      3515.33  2.017702E-17
      3519.45  1.048986E-17
      3523.58  1.527497E-17
      3527.70  6.533792E-17
      3531.83  8.108236E-17
      3535.95  4.952624E-17
      3540.08  4.395059E-17
      3544.20  5.943564E-17
      3548.33  6.187309E-17
      3552.45  4.228082E-17
      3556.58  3.744694E-17
      3560.70  4.667026E-17
      3564.83  3.188337E-17
      3568.95  5.154422E-17
      3573.08  6.820668E-17
      3577.20  5.517478E-17
      3581.33  5.117994E-17
      3585.45  6.635923E-17
      3589.58  5.705892E-17
      3593.70  5.794852E-17
      3597.83  7.045049E-17
      3601.95  8.285064E-17
      3606.08  5.852282E-17
      3610.20  5.950911E-17
      3614.33  7.918624E-17
      3618.45  8.119455E-17
      3622.58  8.764434E-17
      3626.70  8.321881E-17
      3630.83  7.088508E-17
      3634.96  5.679342E-17
      3639.08  4.542646E-17
      3643.21  5.296139E-17
      3647.33  5.544342E-17
      3651.46  4.687437E-17
      3655.58  4.240330E-17
      3659.71  4.344199E-17
      3663.83  4.212784E-17
      3667.96  6.200611E-17
      3672.08  3.870567E-17
      3676.21  3.600679E-17
      3680.33  4.006653E-17
      3684.46  5.330289E-17
      3688.58  5.432245E-17
      3692.71  4.324041E-17
      3696.83  6.979283E-17
      3700.96  7.454774E-17
      3705.08  7.758978E-17
      3709.21  8.616655E-17
      3713.33  8.814760E-17
      3717.46  8.422458E-17
      3721.58  7.876035E-17
      3725.71  9.680762E-17
      3729.83  9.180958E-17
      3733.96  9.254102E-17
      3738.08  8.183614E-17
      3742.21  8.548249E-17
      3746.33  9.385703E-17
      3750.46  8.052178E-17
      3754.58  7.571167E-17
      3758.71  7.435205E-17
      3762.84  6.225248E-17
      3766.96  7.597615E-17
      3771.09  8.849792E-17
      3775.21  7.753229E-17
      3779.34  7.020868E-17
      3783.46  7.251332E-17
      3787.59  5.533717E-17
      3791.71  7.128921E-17
      3795.84  7.903228E-17
      3799.96  6.409325E-17
      3804.09  5.446925E-17
      3808.21  4.942345E-17
      3812.34  7.159360E-17
      3816.46  5.305575E-17
      3820.59  6.623708E-17
      3824.71  5.949184E-17
      3828.84  6.248941E-17
      3832.96  5.195665E-17
      3837.09  3.495671E-17
      3841.21  4.136563E-17
      3845.34  4.962798E-17
      3849.46  4.476765E-17
      3853.59  5.222818E-17
      3857.71  3.625485E-17
      3861.84  5.034014E-17
      3865.96  5.592144E-17
      3870.09  5.792265E-17
      3874.21  4.854423E-17
      3878.34  6.817000E-17
      3882.47  7.521406E-17
      3886.59  7.778543E-17
      3890.72  7.009985E-17
      3894.84  8.303998E-17
      3898.97  9.769836E-17
      3903.09  1.026426E-16
      3907.22  1.204567E-16
      3911.34  1.263284E-16
      3915.47  1.247198E-16
      3919.59  1.285142E-16
      3923.72  1.260089E-16
      3927.84  1.187121E-16
      3931.97  1.258176E-16
      3936.09  1.253231E-16
      3940.22  1.308241E-16
      3944.34  1.326093E-16
      3948.47  1.341967E-16
      3952.59  1.380109E-16
      3956.72  1.422672E-16
      3960.84  1.377034E-16
      3964.97  1.466551E-16
      3969.09  1.565813E-16
      3973.22  1.497529E-16
      3977.34  1.389172E-16
      3981.47  1.520964E-16
      3985.59  1.560557E-16
      3989.72  1.578867E-16
      3993.84  1.703547E-16
      3997.97  1.735380E-16
      4002.09  1.827276E-16
      4006.22  1.861266E-16
      4010.35  1.925961E-16
      4014.47  2.083145E-16
      4018.60  2.127318E-16
      4022.72  2.162706E-16
      4026.85  2.185957E-16
      4030.97  2.183450E-16
      4035.10  2.103763E-16
      4039.22  2.027395E-16
      4043.35  1.851797E-16
      4047.47  1.745417E-16
      4051.60  1.588750E-16
      4055.72  1.522846E-16
      4059.85  1.515650E-16
      4063.97  1.400779E-16
      4068.10  1.443851E-16
      4072.22  1.567230E-16
      4076.35  1.699769E-16
      4080.47  1.623044E-16
      4084.60  1.637765E-16
      4088.72  1.802348E-16
      4092.85  1.752095E-16
      4096.97  1.684499E-16
      4101.10  1.769684E-16
      4105.22  1.781807E-16
      4109.35  1.840447E-16
      4113.47  1.676569E-16
      4117.60  1.782346E-16
      4121.72  1.834898E-16
      4125.85  1.916989E-16
      4129.98  1.766505E-16
      4134.10  1.750192E-16
      4138.23  1.797708E-16
      4142.35  1.810775E-16
      4146.48  1.704401E-16
      4150.60  1.723226E-16
      4154.73  1.732537E-16
      4158.85  1.758542E-16
      4162.98  1.649017E-16
      4167.10  1.687658E-16
      4171.23  1.707047E-16
      4175.35  1.466622E-16
      4179.48  1.644049E-16
      4183.60  1.555791E-16
      4187.73  1.393270E-16
      4191.85  1.521188E-16
      4195.98  1.426469E-16
      4200.10  1.266273E-16
      4204.23  1.272611E-16
      4208.35  1.276104E-16
      4212.48  1.266630E-16
      4216.60  1.210955E-16
      4220.73  1.286909E-16
      4224.85  1.169458E-16
      4228.98  1.264537E-16
      4233.10  1.269518E-16
      4237.23  1.226705E-16
      4241.35  1.252830E-16
      4245.48  1.312029E-16
      4249.61  1.262539E-16
      4253.73  1.345957E-16
      4257.86  1.420246E-16
      4261.98  1.493716E-16
      4266.11  1.443402E-16
      4270.23  1.450680E-16
      4274.36  1.508704E-16
      4278.48  1.505772E-16
      4282.61  1.553648E-16
      4286.73  1.546788E-16
      4290.86  1.420190E-16
      4294.98  1.501606E-16
      4299.11  1.460528E-16
      4303.23  1.342977E-16
      4307.36  1.333226E-16
      4311.48  1.382178E-16
      4315.61  1.328062E-16
      4319.73  1.311838E-16
      4323.86  1.343353E-16
      4327.98  1.372590E-16
      4332.11  1.426090E-16
      4336.23  1.461479E-16
      4340.36  1.420536E-16
      4344.48  1.423227E-16
      4348.61  1.531394E-16
      4352.73  1.536250E-16
      4356.86  1.528140E-16
      4360.98  1.537624E-16
      4365.11  1.534880E-16
      4369.23  1.561631E-16
      4373.36  1.503485E-16
      4377.49  1.545454E-16
      4381.61  1.655600E-16
      4385.74  1.702836E-16
      4389.86  1.743313E-16
      4393.99  1.788551E-16
      4398.11  1.783593E-16
      4402.24  1.774476E-16
      4406.36  1.716494E-16
      4410.49  1.846210E-16
      4414.61  1.916327E-16
      4418.74  1.875100E-16
      4422.86  1.841914E-16
      4426.99  1.785106E-16
      4431.11  1.675864E-16
      4435.24  1.529776E-16
      4439.36  1.604194E-16
      4443.49  1.641309E-16
      4447.61  1.599051E-16
      4451.74  1.518332E-16
      4455.86  1.543340E-16
      4459.99  1.534531E-16
      4464.11  1.474835E-16
      4468.24  1.507783E-16
      4472.36  1.521532E-16
      4476.49  1.447194E-16
      4480.61  1.461675E-16
      4484.74  1.541991E-16
      4488.86  1.607938E-16
      4492.99  1.676294E-16
      4497.12  1.829568E-16
      4501.24  2.019085E-16
      4505.37  1.974607E-16
      4509.49  2.099664E-16
      4513.62  2.150833E-16
      4517.74  2.441346E-16
      4521.87  2.545678E-16
      4525.99  2.790439E-16
      4530.12  3.118540E-16
      4534.24  3.231183E-16
      4538.37  3.486859E-16
      4542.49  3.817962E-16
      4546.62  3.946256E-16
      4550.74  3.963813E-16
      4554.87  4.065510E-16
      4558.99  4.090158E-16
      4563.12  4.320475E-16
      4567.24  4.425512E-16
      4571.37  4.372649E-16
      4575.49  4.401440E-16
      4579.62  4.374650E-16
      4583.74  4.590769E-16
      4587.87  4.626835E-16
      4591.99  4.740314E-16
      4596.12  4.709283E-16
      4600.24  4.858659E-16
      4604.37  4.849366E-16
      4608.49  4.958140E-16
      4612.62  5.084731E-16
      4616.74  5.088183E-16
      4620.87  4.929756E-16
      4625.00  5.092588E-16
      4629.12  5.266992E-16
      4633.25  5.232544E-16
      4637.37  5.028733E-16
      4641.50  5.075309E-16
      4645.62  5.159903E-16
      4649.75  5.039753E-16
      4653.87  5.235705E-16
      4658.00  5.240620E-16
      4662.12  5.128128E-16
      4666.25  5.091897E-16
      4670.37  5.004810E-16
      4674.50  4.921093E-16
      4678.62  4.786928E-16
      4682.75  4.734303E-16
      4686.87  4.493525E-16
      4691.00  4.434881E-16
      4695.12  4.231403E-16
      4699.25  4.200318E-16
      4703.37  4.195727E-16
      4707.50  4.093856E-16
      4711.62  4.077349E-16
      4715.75  3.869266E-16
      4719.87  3.725756E-16
      4724.00  3.719111E-16
      4728.12  3.732936E-16
      4732.25  3.668191E-16
      4736.37  3.672841E-16
      4740.50  3.670726E-16
      4744.63  3.692683E-16
      4748.75  3.846053E-16
      4752.88  3.805922E-16
      4757.00  3.632028E-16
      4761.13  3.507516E-16
      4765.25  3.418268E-16
      4769.38  3.213838E-16
      4773.50  3.024155E-16
      4777.63  2.819474E-16
      4781.75  2.636004E-16
      4785.88  2.456745E-16
      4790.00  2.254958E-16
      4794.13  2.113191E-16
      4798.25  2.050381E-16
      4802.38  2.170499E-16
      4806.50  2.279208E-16
      4810.63  2.420922E-16
      4814.75  2.613478E-16
      4818.88  2.843795E-16
      4823.00  3.045684E-16
      4827.13  3.204191E-16
      4831.25  3.209389E-16
      4835.38  3.313947E-16
      4839.50  3.310018E-16
      4843.63  3.393969E-16
      4847.75  3.553138E-16
      4851.88  3.609109E-16
      4856.00  3.962254E-16
      4860.13  4.176785E-16
      4864.26  4.231205E-16
      4868.38  4.323057E-16
      4872.51  4.386572E-16
      4876.63  4.524397E-16
      4880.76  4.629746E-16
      4884.88  4.931387E-16
      4889.01  5.173952E-16
      4893.13  5.169401E-16
      4897.26  5.285200E-16
      4901.38  5.327902E-16
      4905.51  5.172045E-16
      4909.63  5.006509E-16
      4913.76  4.822087E-16
      4917.88  4.735990E-16
      4922.01  4.711380E-16
      4926.13  4.488233E-16
      4930.26  4.207139E-16
      4934.38  4.125087E-16
      4938.51  3.934444E-16
      4942.63  3.954709E-16
      4946.76  3.972070E-16
      4950.88  4.015027E-16
      4955.01  4.167175E-16
      4959.13  4.236437E-16
      4963.26  4.476874E-16
      4967.38  4.426047E-16
      4971.51  4.729285E-16
      4975.63  4.836264E-16
      4979.76  5.247800E-16
      4983.88  5.586656E-16
      4988.01  5.504622E-16
      4992.14  5.830085E-16
      4996.26  5.842220E-16
      5000.39  5.910928E-16
      5004.51  6.272151E-16
      5008.64  6.177826E-16
      5012.76  6.010821E-16
      5016.89  6.025938E-16
      5021.01  5.967729E-16
      5025.14  5.753168E-16
      5029.26  5.668232E-16
      5033.39  5.494935E-16
      5037.51  5.229606E-16
      5041.64  4.995591E-16
      5045.76  4.734191E-16
      5049.89  4.597636E-16
      5054.01  4.281852E-16
      5058.14  4.139182E-16
      5062.26  3.948674E-16
      5066.39  3.662257E-16
      5070.51  3.431298E-16
      5074.64  3.143813E-16
      5078.76  3.036083E-16
      5082.89  2.919022E-16
      5087.01  2.752120E-16
      5091.14  2.715673E-16
      5095.26  2.594463E-16
      5099.39  2.523273E-16
      5103.51  2.591351E-16
      5107.64  2.611769E-16
      5111.77  2.692650E-16
      5115.89  2.817582E-16
      5120.02  2.939059E-16
      5124.14  3.055364E-16
      5128.27  3.129596E-16
      5132.39  3.173120E-16
      5136.52  3.217506E-16
      5140.64  3.301206E-16
      5144.77  3.397809E-16
      5148.89  3.527339E-16
      5153.02  3.552566E-16
      5157.14  3.581920E-16
      5161.27  3.673479E-16
      5165.39  3.717580E-16
      5169.52  3.770926E-16
      5173.64  3.867419E-16
      5177.77  3.965482E-16
      5181.89  4.103672E-16
      5186.02  4.120394E-16
      5190.14  4.173696E-16
      5194.27  4.336177E-16
      5198.39  4.566472E-16
      5202.52  4.851949E-16
      5206.64  4.896853E-16
      5210.77  4.984869E-16
      5214.89  5.013513E-16
      5219.02  4.906844E-16
      5223.14  4.958714E-16
      5227.27  4.803577E-16
      5231.40  4.667376E-16
      5235.52  4.562219E-16
      5239.65  4.432496E-16
      5243.77  4.285675E-16
      5247.90  4.214304E-16
      5252.02  4.222229E-16
      5256.15  4.142148E-16
      5260.27  4.178458E-16
      5264.40  4.361132E-16
      5268.52  4.464011E-16
      5272.65  4.518660E-16
      5276.77  4.631047E-16
      5280.90  4.744151E-16
      5285.02  4.712367E-16
      5289.15  4.803734E-16
      5293.27  4.790158E-16
      5297.40  4.613598E-16
      5301.52  4.572218E-16
      5305.65  4.594232E-16
      5309.77  4.692068E-16
      5313.90  4.636101E-16
      5318.02  4.830078E-16
      5322.15  4.777649E-16
      5326.27  4.883423E-16
      5330.40  4.928301E-16
      5334.52  5.060511E-16
      5338.65  4.828642E-16
      5342.77  4.755455E-16
      5346.90  4.802047E-16
      5351.02  4.964564E-16
      5355.15  4.929547E-16
      5359.28  4.960654E-16
      5363.40  5.183404E-16
      5367.53  5.122042E-16
      5371.65  5.107091E-16
      5375.78  5.203154E-16
      5379.90  5.310826E-16
      5384.03  5.417211E-16
      5388.15  5.331606E-16
      5392.28  5.337127E-16
      5396.40  5.363250E-16
      5400.53  5.383138E-16
      5404.65  5.536783E-16
      5408.78  5.325596E-16
      5412.90  5.429666E-16
      5417.03  5.510840E-16
      5421.15  5.414293E-16
      5425.28  5.624725E-16
      5429.40  5.526253E-16
      5433.53  5.499573E-16
      5437.65  5.732056E-16
      5441.78  5.668682E-16
      5445.90  5.730378E-16
      5450.03  5.673595E-16
      5454.15  5.699237E-16
      5458.28  5.779527E-16
      5462.40  5.918745E-16
      5466.53  5.943250E-16
      5470.65  5.780267E-16
      5474.78  5.931390E-16
      5478.91  6.083021E-16
      5483.03  6.050258E-16
      5487.16  6.179507E-16
      5491.28  6.405457E-16
      5495.41  6.637443E-16
      5499.53  6.699024E-16
      5503.66  6.664342E-16
      5507.78  6.755209E-16
      5511.91  6.997780E-16
      5516.03  7.121141E-16
      5520.16  7.209515E-16
      5524.28  7.310062E-16
      5528.41  7.204533E-16
      5532.53  7.090688E-16
      5536.66  7.059941E-16
      5540.78  6.925676E-16
      5544.91  6.765005E-16
      5549.03  6.565550E-16
      5553.16  6.284670E-16
      5557.28  6.093190E-16
      5561.41  5.953107E-16
      5565.53  5.681904E-16
      5569.66  5.373885E-16
      5573.78  5.310155E-16
      5577.91  5.340974E-16
      5582.03  5.148902E-16
      5586.16  5.028684E-16
      5590.28  5.052017E-16
      5594.41  4.875417E-16
      5598.53  4.713133E-16
      5602.66  4.787217E-16
      5606.79  4.698081E-16
      5610.91  4.686002E-16
      5615.04  4.719182E-16
      5619.16  4.759795E-16
      5623.29  4.816417E-16
      5627.41  4.788613E-16
      5631.54  4.931858E-16
      5635.66  5.096839E-16
      5639.79  5.058391E-16
      5643.91  4.937120E-16
      5648.04  4.894632E-16
      5652.16  4.998060E-16
      5656.29  5.103478E-16
      5660.41  5.046399E-16
      5664.54  5.102505E-16
      5668.66  5.250073E-16
      5672.79  5.193459E-16
      5676.91  5.164858E-16
      5681.04  5.123759E-16
      5685.16  4.988289E-16
      5689.29  4.783582E-16
      5693.41  4.795200E-16
      5697.54  4.773451E-16
      5701.66  4.759315E-16
      5705.79  4.540267E-16
      5709.91  4.547083E-16
      5714.04  4.435567E-16
      5718.16  4.300084E-16
      5722.29  4.123967E-16
      5726.42  3.807248E-16
      5730.54  3.667275E-16
      5734.67  3.423742E-16
      5738.79  3.069188E-16
      5742.92  2.891111E-16
      5747.04  2.710394E-16
      5751.17  2.543972E-16
      5755.29  2.291825E-16
      5759.42  1.846185E-16
      5763.54  1.687954E-16
      5767.67  1.529613E-16
      5771.79  1.513876E-16
      5775.92  1.413526E-16
      5780.04  1.311718E-16
      5784.17  1.264096E-16
      5788.29  1.227308E-16
      5792.42  1.279582E-16
      5796.54  1.297350E-16
      5800.67  1.337565E-16
      5804.79  1.384826E-16
      5808.92  1.427644E-16
      5813.04  1.627217E-16
      5817.17  1.861918E-16
      5821.29  2.077585E-16
      5825.42  2.310976E-16
      5829.54  2.442981E-16
      5833.67  2.685220E-16
      5837.79  2.964678E-16
      5841.92  3.327315E-16
      5846.05  3.551335E-16
      5850.17  3.771195E-16
      5854.30  3.868110E-16
      5858.42  4.283232E-16
      5862.55  4.658823E-16
      5866.67  4.868238E-16
      5870.80  5.203365E-16
      5874.92  5.652254E-16
      5879.05  6.028717E-16
      5883.17  6.322396E-16
      5887.30  6.489247E-16
      5891.42  6.675685E-16
      5895.55  6.990213E-16
      5899.67  7.243407E-16
      5903.80  7.444014E-16
      5907.92  7.428806E-16
      5912.05  7.460345E-16
      5916.17  7.607861E-16
      5920.30  7.502271E-16
      5924.42  7.348437E-16
      5928.55  7.365388E-16
      5932.67  7.331676E-16
      5936.80  7.209876E-16
      5940.92  7.106387E-16
      5945.05  7.052843E-16
      5949.17  7.047577E-16
      5953.30  6.975622E-16
      5957.42  6.913728E-16
      5961.55  6.772043E-16
      5965.67  6.513416E-16
      5969.80  6.426310E-16
      5973.93  6.402956E-16
      5978.05  6.377140E-16
      5982.18  6.328659E-16
      5986.30  6.221532E-16
      5990.43  5.999193E-16
      5994.55  5.868536E-16
      5998.68  5.811306E-16
      6002.80  5.664940E-16
      6006.93  5.498116E-16
      6011.05  5.296372E-16
      6015.18  5.198235E-16
      6019.30  5.179421E-16
      6023.43  5.111580E-16
      6027.55  4.897928E-16
      6031.68  4.861622E-16
      6035.80  4.714483E-16
      6039.93  4.469617E-16
      6044.05  4.468101E-16
      6048.18  4.555561E-16
      6052.30  4.428221E-16
      6056.43  4.306081E-16
      6060.55  4.399737E-16
      6064.68  4.253270E-16
      6068.80  4.193553E-16
      6072.93  4.210955E-16
      6077.05  4.217079E-16
      6081.18  4.282793E-16
      6085.30  4.230523E-16
      6089.43  4.228041E-16
      6093.56  4.220940E-16
      6097.68  4.334607E-16
      6101.81  4.405350E-16
      6105.93  4.358970E-16
      6110.06  4.424856E-16
      6114.18  4.460940E-16
      6118.31  4.477936E-16
      6122.43  4.573806E-16
      6126.56  4.631404E-16
      6130.68  4.634720E-16
      6134.81  4.546944E-16
      6138.93  4.624987E-16
      6143.06  4.697972E-16
      6147.18  4.661587E-16
      6151.31  4.730035E-16
      6155.43  4.753607E-16
      6159.56  4.922830E-16
      6163.68  4.908116E-16
      6167.81  4.770692E-16
      6171.93  4.990881E-16
      6176.06  4.988167E-16
      6180.18  5.059394E-16
      6184.31  5.055420E-16
      6188.43  5.057733E-16
      6192.56  5.018193E-16
      6196.68  5.259203E-16
      6200.81  5.478387E-16
      6204.93  5.373932E-16
      6209.06  5.585127E-16
      6213.18  5.663349E-16
      6217.31  5.842371E-16
      6221.44  6.031038E-16
      6225.56  6.255420E-16
      6229.69  6.347243E-16
      6233.81  6.560579E-16
      6237.94  6.768627E-16
      6242.06  6.647901E-16
      6246.19  6.755886E-16
      6250.31  6.902831E-16
      6254.44  6.817242E-16
      6258.56  6.841754E-16
      6262.69  6.963821E-16
      6266.81  6.989219E-16
      6270.94  7.056081E-16
      6275.06  7.191823E-16
      6279.19  7.225929E-16
      6283.31  7.384763E-16
      6287.44  7.316422E-16
      6291.56  7.411239E-16
      6295.69  7.397079E-16
      6299.81  7.423421E-16
      6303.94  7.257895E-16
      6308.06  6.964079E-16
      6312.19  6.846030E-16
      6316.31  6.749816E-16
      6320.44  6.729380E-16
      6324.56  6.643981E-16
      6328.69  6.536013E-16
      6332.81  6.529494E-16
      6336.94  6.441832E-16
      6341.07  6.355227E-16
      6345.19  6.291699E-16
      6349.32  6.138231E-16
      6353.44  6.070882E-16
      6357.57  6.086801E-16
      6361.69  5.940145E-16
      6365.82  5.655957E-16
      6369.94  5.353288E-16
      6374.07  5.195381E-16
      6378.19  5.170100E-16
      6382.32  5.007019E-16
      6386.44  4.754160E-16
      6390.57  4.594201E-16
      6394.69  4.536045E-16
      6398.82  4.372282E-16
      6402.94  4.106738E-16
      6407.07  3.893381E-16
      6411.19  3.680426E-16
      6415.32  3.385823E-16
      6419.44  3.268078E-16
      6423.57  3.185113E-16
      6427.69  3.107183E-16
      6431.82  2.954049E-16
      6435.94  2.957423E-16
      6440.07  3.021202E-16
      6444.19  3.048147E-16
      6448.32  3.190996E-16
      6452.44  3.268538E-16
      6456.57  3.469439E-16
      6460.70  3.962267E-16
      6464.82  4.635373E-16
      6468.95  5.519690E-16
      6473.07  6.702113E-16
      6477.20  8.204551E-16
      6481.32  9.896505E-16
      6485.45  1.161515E-15
      6489.57  1.377535E-15
      6493.70  1.607169E-15
      6497.82  1.830857E-15
      6501.95  2.046102E-15
      6506.07  2.266424E-15
      6510.20  2.461581E-15
      6514.32  2.675641E-15
      6518.45  2.860770E-15
      6522.57  3.043458E-15
      6526.70  3.202478E-15
      6530.82  3.362534E-15
      6534.95  3.483102E-15
      6539.07  3.607573E-15
      6543.20  3.685183E-15
      6547.32  3.768399E-15
      6551.45  3.829687E-15
      6555.57  3.833838E-15
      6559.70  3.773718E-15
      6563.82  3.755697E-15
      6567.95  3.695104E-15
      6572.07  3.599333E-15
      6576.20  3.467496E-15
      6580.32  3.356519E-15
      6584.45  3.245836E-15
      6588.58  3.127855E-15
      6592.70  3.045770E-15
      6596.83  3.007675E-15
      6600.95  2.950624E-15
      6605.08  2.977854E-15
      6609.20  2.973820E-15
      6613.33  2.948373E-15
      6617.45  2.930424E-15
      6621.58  2.888573E-15
      6625.70  2.829072E-15
      6629.83  2.768087E-15
      6633.95  2.703775E-15
      6638.08  2.628174E-15
      6642.20  2.536935E-15
      6646.33  2.438980E-15
      6650.45  2.321886E-15
      6654.58  2.189362E-15
      6658.70  2.060150E-15
      6662.83  1.930436E-15
      6666.95  1.802849E-15
      6671.08  1.670531E-15
      6675.20  1.545033E-15
      6679.33  1.442338E-15
      6683.45  1.356885E-15
      6687.58  1.270154E-15
      6691.70  1.192696E-15
      6695.83  1.126222E-15
      6699.95  1.052127E-15
      6704.08  9.962944E-16
      6708.21  9.475919E-16
      6712.33  9.127198E-16
      6716.46  8.848632E-16
      6720.58  8.508431E-16
      6724.71  8.182253E-16
      6728.83  7.877947E-16
      6732.96  7.559825E-16
      6737.08  7.309712E-16
      6741.21  7.073949E-16
      6745.33  6.846661E-16
      6749.46  6.562121E-16
      6753.58  6.266510E-16
      6757.71  6.138634E-16
      6761.83  5.952286E-16
      6765.96  5.794077E-16
      6770.08  5.763793E-16
      6774.21  5.599254E-16
      6778.33  5.461159E-16
      6782.46  5.476704E-16
      6786.58  5.336378E-16
      6790.71  5.108531E-16
      6794.83  4.952712E-16
      6798.96  4.949668E-16
      6803.08  4.945158E-16
      6807.21  4.724934E-16
      6811.33  4.517721E-16
      6815.46  4.509001E-16
      6819.58  4.509013E-16
      6823.71  4.392556E-16
      6827.83  4.302818E-16
      6831.96  4.326261E-16
      6836.09  4.217169E-16
      6840.21  4.180730E-16
      6844.34  4.138813E-16
      6848.46  4.101364E-16
      6852.59  4.112141E-16
      6856.71  4.044736E-16
      6860.84  3.859174E-16
      6864.96  3.705414E-16
      6869.09  3.666476E-16
      6873.21  3.737894E-16
      6877.34  3.810593E-16
      6881.46  3.831448E-16
      6885.59  3.693527E-16
      6889.71  3.637169E-16
      6893.84  3.563192E-16
      6897.96  3.589613E-16
      6902.09  3.574245E-16
      6906.21  3.427090E-16
      6910.34  3.478613E-16
      6914.46  3.444155E-16
      6918.59  3.519197E-16
      6922.71  3.630072E-16
      6926.84  3.481463E-16
      6930.96  3.477210E-16
      6935.09  3.640295E-16
      6939.21  3.684699E-16
      6943.34  3.705081E-16
      6947.46  3.941983E-16
      6951.59  3.852515E-16
      6955.72  3.730257E-16
      6959.84  3.824416E-16
      6963.97  3.944673E-16
      6968.09  4.032287E-16
      6972.22  4.117264E-16
      6976.34  4.110522E-16
      6980.47  4.103978E-16
      6984.59  4.261083E-16
      6988.72  4.288115E-16
      6992.84  4.359032E-16
      6996.97  4.355157E-16
      7001.09  4.462720E-16
      7005.22  4.603697E-16
      7009.34  4.667596E-16
      7013.47  4.647703E-16
      7017.59  4.543590E-16
      7021.72  4.581492E-16
      7025.84  4.621137E-16
      7029.97  4.791178E-16
      7034.09  4.784483E-16
      7038.22  4.714787E-16
      7042.34  4.758806E-16
      7046.47  4.842999E-16
      7050.59  4.928537E-16
      7054.72  5.017829E-16
      7058.84  5.035654E-16
      7062.97  5.097341E-16
      7067.09  5.147023E-16
      7071.22  5.195482E-16
      7075.35  5.256538E-16
      7079.47  5.146323E-16
      7083.60  5.151966E-16
      7087.72  5.192680E-16
      7091.85  5.172934E-16
      7095.97  5.167410E-16
      7100.10  5.053500E-16
      7104.22  4.987177E-16
      7108.35  4.924137E-16
      7112.47  4.919720E-16
      7116.60  4.980837E-16
      7120.72  4.975161E-16
      7124.85  4.900603E-16
      7128.97  4.842601E-16
      7133.10  4.744281E-16
      7137.22  4.746825E-16
      7141.35  4.753561E-16
      7145.47  4.847578E-16
      7149.60  4.954856E-16
      7153.72  5.025050E-16
      7157.85  5.065397E-16
      7161.97  5.076566E-16
      7166.10  5.175657E-16
      7170.22  5.272164E-16
      7174.35  5.394209E-16
      7178.47  5.568275E-16
      7182.60  5.677903E-16
      7186.72  5.903277E-16
      7190.85  6.047271E-16
      7194.97  6.197456E-16
      7199.10  6.431012E-16
      7203.23  6.812699E-16
      7207.35  6.994066E-16
      7211.48  6.983272E-16
      7215.60  7.059864E-16
      7219.73  7.266202E-16
      7223.85  7.424247E-16
      7227.98  7.456858E-16
      7232.10  7.522579E-16
      7236.23  7.568983E-16
      7240.35  7.780956E-16
      7244.48  7.963961E-16
      7248.60  7.994585E-16
      7252.73  7.957315E-16
      7256.85  8.142632E-16
      7260.98  8.322743E-16
      7265.10  8.634620E-16
      7269.23  8.805612E-16
      7273.35  8.931270E-16
      7277.48  9.304963E-16
      7281.60  9.605024E-16
      7285.73  9.896713E-16
      7289.85  1.016368E-15
      7293.98  1.014581E-15
      7298.10  1.032991E-15
      7302.23  1.017896E-15
      7306.35  1.036488E-15
      7310.48  1.057201E-15
      7314.60  1.030860E-15
      7318.73  1.036718E-15
      7322.86  1.040104E-15
      7326.98  1.042425E-15
      7331.11  1.018367E-15
      7335.23  9.733265E-16
      7339.36  9.461293E-16
      7343.48  9.150069E-16
      7347.61  8.879310E-16
      7351.73  8.590551E-16
      7355.86  8.365018E-16
      7359.98  8.139853E-16
      7364.11  8.139112E-16
      7368.23  7.916839E-16
      7372.36  7.521385E-16
      7376.48  7.178752E-16
      7380.61  7.203361E-16
      7384.73  6.989142E-16
      7388.86  6.897111E-16
      7392.98  6.732768E-16
      7397.11  6.415922E-16
      7401.23  6.515635E-16
      7405.36  6.365408E-16
      7409.48  6.231776E-16
      7413.61  6.047413E-16
      7417.73  5.988831E-16
      7421.86  5.989167E-16
      7425.98  5.912202E-16
      7430.11  5.699261E-16
      7434.23  5.512129E-16
      7438.36  5.613436E-16
      7442.48  5.709608E-16
      7446.61  5.449936E-16
      7450.74  5.425838E-16
      7454.86  5.266093E-16
      7458.99  4.997237E-16
      7463.11  4.790206E-16
      7467.24  4.773952E-16
      7471.36  4.761565E-16
      7475.49  4.501467E-16
      7479.61  4.344838E-16
      7483.74  4.172203E-16
      7487.86  3.966976E-16
      7491.99  3.848567E-16
      7496.11  3.721709E-16
      7500.24  3.633699E-16
      7504.36  3.528934E-16
      7508.49  3.410783E-16
      7512.61  3.273645E-16
      7516.74  3.055075E-16
      7520.86  2.937217E-16
      7524.99  2.865713E-16
      7529.11  2.807948E-16
      7533.24  2.855618E-16
      7537.36  2.795909E-16
      7541.49  2.717107E-16
      7545.61  2.699123E-16
      7549.74  2.597428E-16
      7553.86  2.458123E-16
      7557.99  2.340659E-16
      7562.11  2.286636E-16
      7566.24  2.230166E-16
      7570.37  2.122525E-16
      7574.49  2.005058E-16
      7578.62  1.933090E-16
      7582.74  1.899219E-16
      7586.87  1.698877E-16
      7590.99  1.376765E-16
      7595.12  1.136720E-16
      7599.24  1.307435E-16
      7603.37  2.082644E-16
      7607.49  2.946678E-16
      7611.62  3.295024E-16
      7615.74  2.959200E-16
      7619.87  2.564015E-16
      7623.99  2.492661E-16
      7628.12  2.534247E-16
      7632.24  2.920480E-16
      7636.37  3.449359E-16
      7640.49  3.571414E-16
      7644.62  3.843288E-16
      7648.74  4.008178E-16
      7652.87  3.995345E-16
      7656.99  3.856178E-16
      7661.12  3.985896E-16
      7665.24  4.468465E-16
      7669.37  4.568751E-16
      7673.49  4.547072E-16
      7677.62  4.665309E-16
      7681.74  4.904843E-16
      7685.87  4.908957E-16
      7690.00  4.865407E-16
      7694.12  4.810974E-16
      7698.25  4.711126E-16
      7702.37  4.956627E-16
      7706.50  5.263149E-16
      7710.62  5.055946E-16
      7714.75  4.987839E-16
      7718.87  5.207387E-16
      7723.00  5.147647E-16
      7727.12  5.254845E-16
      7731.25  5.026155E-16
      7735.37  5.342114E-16
      7739.50  5.414661E-16
      7743.62  5.570799E-16
      7747.75  5.537802E-16
      7751.87  5.224549E-16
      7756.00  5.118622E-16
      7760.12  5.394906E-16
      7764.25  5.391319E-16
      7768.37  5.411765E-16
      7772.50  5.540918E-16
      7776.62  5.629648E-16
      7780.75  5.879457E-16
      7784.87  5.990060E-16
      7789.00  5.711879E-16
      7793.12  5.513804E-16
      7797.25  5.314511E-16
      7801.37  5.225607E-16
      7805.50  5.213557E-16
      7809.62  5.088462E-16
      7813.75  5.093121E-16
      7817.88  4.948636E-16
      7822.00  4.698534E-16
      7826.13  4.609871E-16
      7830.25  4.655443E-16
      7834.38  4.601030E-16
      7838.50  4.620613E-16
      7842.63  4.681011E-16
      7846.75  4.552050E-16
      7850.88  4.579369E-16
      7855.00  4.473613E-16
      7859.13  4.111352E-16
      7863.25  4.006564E-16
      7867.38  3.893996E-16
      7871.50  3.797213E-16
      7875.63  4.016142E-16
      7879.75  4.234100E-16
      7883.88  4.178240E-16
      7888.00  4.028333E-16
      7892.13  3.851574E-16
      7896.25  3.724418E-16
      7900.38  3.704265E-16
      7904.50  3.827263E-16
      7908.63  3.891924E-16
      7912.75  3.879995E-16
      7916.88  3.824879E-16
      7921.00  3.832534E-16
      7925.13  3.757614E-16
      7929.25  3.744985E-16
      7933.38  3.911642E-16
      7937.51  3.989938E-16
      7941.63  3.984996E-16
      7945.76  3.999173E-16
      7949.88  3.815388E-16
      7954.01  3.562104E-16
      7958.13  3.641037E-16
      7962.26  3.722110E-16
      7966.38  3.640057E-16
      7970.51  3.819886E-16
      7974.63  3.984271E-16
      7978.76  3.788051E-16
      7982.88  3.660452E-16
      7987.01  3.727807E-16
      7991.13  3.694717E-16
      7995.26  3.713464E-16
      7999.38  3.874808E-16
      8003.51  3.864395E-16
      8007.63  3.718487E-16
      8011.76  3.833183E-16
      8015.88  3.986619E-16
      8020.01  3.859398E-16
      8024.13  3.901410E-16
      8028.26  4.031089E-16
      8032.38  4.095669E-16
      8036.51  4.151801E-16
      8040.63  4.091174E-16
      8044.76  4.089530E-16
      8048.88  4.084074E-16
      8053.01  4.183904E-16
      8057.13  4.134311E-16
      8061.26  4.087315E-16
      8065.39  4.082650E-16
      8069.51  3.874024E-16
      8073.64  4.074787E-16
      8077.76  4.150261E-16
      8081.89  4.019274E-16
      8086.01  3.935752E-16
      8090.14  3.993690E-16
      8094.26  3.894513E-16
      8098.39  3.732431E-16
      8102.51  3.619955E-16
      8106.64  3.605100E-16
      8110.76  3.483749E-16
      8114.89  3.483694E-16
      8119.01  3.366183E-16
      8123.14  3.328592E-16
      8127.26  3.345556E-16
      8131.39  3.286211E-16
      8135.51  3.270188E-16
      8139.64  3.273397E-16
      8143.76  2.830812E-16
      8147.89  2.975681E-16
      8152.01  3.110121E-16
      8156.14  2.765750E-16
      8160.26  2.840361E-16
      8164.39  3.115898E-16
      8168.51  3.082907E-16
      8172.64  2.974697E-16
      8176.76  3.228169E-16
      8180.89  3.296890E-16
      8185.02  3.424807E-16
      8189.14  3.492440E-16
      8193.27  3.469579E-16
      8197.39  3.501447E-16
      8201.52  3.579004E-16
      8205.64  3.643355E-16
      8209.77  3.649378E-16
      8213.89  3.685800E-16
      8218.02  3.796855E-16
      8222.14  3.791432E-16
      8226.27  3.631056E-16
      8230.39  3.696565E-16
      8234.52  3.834813E-16
      8238.64  3.666551E-16
      8242.77  3.580191E-16
      8246.89  3.537775E-16
      8251.02  3.489986E-16
      8255.14  3.465025E-16
      8259.27  3.357750E-16
      8263.39  3.263243E-16
      8267.52  3.163289E-16
      8271.64  3.062342E-16
      8275.77  3.019821E-16
      8279.89  2.819886E-16
      8284.02  2.760856E-16
      8288.14  2.733865E-16
      8292.27  2.524093E-16
      8296.39  2.404015E-16
      8300.52  2.403006E-16
      8304.65  2.201014E-16
      8308.77  2.021296E-16
      8312.90  1.996171E-16
      8317.02  1.985239E-16
      8321.15  1.894943E-16
      8325.27  1.765734E-16
      8329.40  1.654102E-16
      8333.52  1.580806E-16
      8337.65  1.613171E-16
      8341.77  1.653943E-16
      8345.90  1.564830E-16
      8350.02  1.483352E-16
      8354.15  1.544327E-16
      8358.27  1.617306E-16
      8362.40  1.612091E-16
      8366.52  1.640580E-16
      8370.65  1.768581E-16
      8374.77  1.843786E-16
      8378.90  1.840826E-16
      8383.02  1.955216E-16
      8387.15  2.084155E-16
      8391.27  2.207551E-16
      8395.40  2.449617E-16
      8399.52  2.610896E-16
      8403.65  2.663293E-16
      8407.77  2.838580E-16
      8411.90  3.191856E-16
      8416.02  3.358252E-16
      8420.15  3.755088E-16
      8424.27  4.266629E-16
      8428.40  4.416601E-16
      8432.53  4.891392E-16
      8436.65  5.414898E-16
      8440.78  5.590084E-16
      8444.90  5.790639E-16
      8449.03  6.136244E-16
      8453.15  6.288694E-16
      8457.28  6.370156E-16
      8461.40  6.433615E-16
      8465.53  6.304663E-16
      8469.65  6.395207E-16
      8473.78  6.497276E-16
      8477.90  6.808643E-16
      8482.03  7.036369E-16
      8486.15  7.477959E-16
      8490.28  7.354780E-16
      8494.40  7.219755E-16
      8498.53  7.146190E-16
      8502.65  7.269625E-16
      8506.78  7.451548E-16
      8510.90  7.290971E-16
      8515.03  7.681291E-16
      8519.15  8.137429E-16
      8523.28  8.398893E-16
      8527.40  8.779119E-16
      8531.53  9.012683E-16
      8535.65  9.517848E-16
      8539.78  9.597584E-16
      8543.90  9.490151E-16
      8548.03  9.638953E-16
      8552.16  9.564633E-16
      8556.28  9.753067E-16
      8560.41  1.048887E-15
      8564.53  1.067114E-15
      8568.66  1.134601E-15
      8572.78  1.163030E-15
      8576.91  1.228713E-15
      8581.03  1.251030E-15
      8585.16  1.252110E-15
      8589.28  1.304550E-15
      8593.41  1.323815E-15
      8597.53  1.327971E-15
      8601.66  1.389920E-15
      8605.78  1.488396E-15
      8609.91  1.586667E-15
      8614.03  1.635905E-15
      8618.16  1.705848E-15
      8622.28  1.752499E-15
      8626.41  1.774861E-15
      8630.53  1.811065E-15
      8634.66  1.810532E-15
      8638.78  1.836404E-15
      8642.91  1.886194E-15
      8647.03  1.897559E-15
      8651.16  1.928433E-15
      8655.28  1.947538E-15
      8659.41  1.958533E-15
      8663.53  1.980081E-15
      8667.66  1.928438E-15
      8671.78  1.888029E-15
      8675.91  1.818526E-15
      8680.04  1.786601E-15
      8684.16  1.773591E-15
      8688.29  1.756300E-15
      8692.41  1.753569E-15
      8696.54  1.766142E-15
      8700.66  1.742638E-15
      8704.79  1.735523E-15
      8708.91  1.731369E-15
      8713.04  1.686321E-15
      8717.16  1.609222E-15
      8721.29  1.549240E-15
      8725.41  1.497775E-15
      8729.54  1.474687E-15
      8733.66  1.493171E-15
      8737.79  1.469898E-15
      8741.91  1.414930E-15
      8746.04  1.402029E-15
      8750.16  1.381896E-15
      8754.29  1.318339E-15
      8758.41  1.266854E-15
      8762.54  1.213494E-15
      8766.66  1.150675E-15
      8770.79  1.127197E-15
      8774.91  1.114379E-15
      8779.04  1.092842E-15
      8783.16  1.069911E-15
      8787.29  1.042049E-15
      8791.41  1.023326E-15
      8795.54  1.014142E-15
      8799.67  1.000549E-15
      8803.79  9.535489E-16
      8807.92  9.282035E-16
      8812.04  9.091308E-16
      8816.17  9.007929E-16
      8820.29  8.793957E-16
      8824.42  8.576287E-16
      8828.54  8.160574E-16
      8832.67  7.872357E-16
      8836.79  7.819639E-16
      8840.92  7.699339E-16
      8845.04  7.376375E-16
      8849.17  6.849851E-16
      8853.29  6.856465E-16
      8857.42  7.061521E-16
      8861.54  6.769702E-16
      8865.67  6.652390E-16
      8869.79  6.501992E-16
      8873.92  6.347604E-16
      8878.04  6.356413E-16
      8882.17  6.093480E-16
      8886.29  5.480134E-16
      8890.42  5.079385E-16
      8894.54  4.816372E-16
      8898.67  4.865851E-16
      8902.79  4.420548E-16
      8906.92  4.600189E-16
      8911.04  4.294372E-16
      8915.17  4.584668E-16
      8919.30  4.110350E-16
      8923.42  3.656859E-16
      8927.55  4.261201E-16
      8931.67  5.045732E-16
      8935.80  4.875004E-16
      8939.92  4.318489E-16
      8944.05  3.912370E-16
      8948.17  4.200009E-16
      8952.30  4.103305E-16
      8956.42  3.846044E-16
      8960.55  3.994767E-16
      8964.67  4.006402E-16
      8968.80  4.142134E-16
      8972.92  4.014413E-16
      8977.05  4.101888E-16
      8981.17  3.928974E-16
      8985.30  3.919407E-16
      8989.42  4.100664E-16
      8993.55  4.162293E-16
      8997.67  4.083075E-16
      9001.80  4.304876E-16
      9005.92  4.167418E-16
      9010.05  3.979104E-16
      9014.17  4.019369E-16
      9018.30  3.994079E-16
      9022.42  3.935180E-16
      9026.55  3.955765E-16
      9030.67  3.895276E-16
      9034.80  3.700285E-16
      9038.92  3.641705E-16
      9043.05  3.850594E-16
      9047.18  3.668762E-16
      9051.30  3.369877E-16
      9055.43  3.354026E-16
      9059.55  3.294135E-16
      9063.68  3.260653E-16
      9067.80  3.280287E-16
      9071.93  3.217101E-16
      9076.05  3.448905E-16
      9080.18  3.608673E-16
      9084.30  3.863109E-16
      9088.43  3.643235E-16
      9092.55  3.738449E-16
      9096.68  3.661877E-16
      9100.80  3.707664E-16
      9104.93  3.636395E-16
      9109.05  3.629027E-16
      9113.18  3.698736E-16
      9117.30  3.485152E-16
      9121.43  3.379211E-16
      9125.55  3.509215E-16
      9129.68  3.475724E-16
      9133.80  3.608311E-16
      9137.93  3.754658E-16
      9142.05  3.533811E-16
      9146.18  3.393608E-16
      9150.30  3.413874E-16
      9154.43  3.400073E-16
      9158.55  3.322256E-16
      9162.68  3.210421E-16
      9166.81  3.189160E-16
      9170.93  3.158796E-16
      9175.06  3.241182E-16
      9179.18  3.641760E-16
      9183.31  3.692233E-16
      9187.43  3.319971E-16
      9191.56  3.409550E-16
      9195.68  3.598611E-16
      9199.81  3.616123E-16
      9203.93  3.681964E-16
      9208.06  3.688152E-16
      9212.18  3.749044E-16
      9216.31  3.676951E-16
      9220.43  3.782138E-16
      9224.56  3.981705E-16
      9228.68  4.024654E-16
      9232.81  4.085195E-16
      9236.93  4.023357E-16
      9241.06  4.144804E-16
      9245.18  4.308022E-16
      9249.31  4.440159E-16
      9253.43  4.473342E-16
      9257.56  4.582372E-16
      9261.68  4.658151E-16
      9265.81  4.684391E-16
      9269.93  4.596935E-16
      9274.06  4.191596E-16
      9278.18  4.288410E-16
      9282.31  4.331373E-16
      9286.44  4.152445E-16
      9290.56  4.347439E-16
      9294.69  4.203538E-16
      9298.81  4.397852E-16
      9302.94  4.377579E-16
      9307.06  4.831195E-16
      9311.19  3.841622E-16
      9315.31  3.819827E-16
      9319.44  3.909804E-16
      9323.56  4.096089E-16
      9327.69  4.250109E-16
      9331.81  4.152230E-16
      9335.94  4.105127E-16
      9340.06  4.585035E-16
      9344.19  4.868319E-16
      9348.31  4.571660E-16
      9352.44  4.662916E-16
      9356.56  4.224371E-16
      9360.69  4.430929E-16
      9364.81  4.990032E-16
      9368.94  3.544392E-16
      9373.06  3.801915E-16
      9377.19  4.737837E-16
      9381.31  4.701351E-16
      9385.44  4.254677E-16
      9389.56  3.406618E-16
      9393.69  3.141233E-16
      9397.81  3.126443E-16
      9401.94  3.280331E-16
      9406.06  3.280568E-16
      9410.19  3.655038E-16
      9414.32  3.477681E-16
      9418.44  3.316267E-16
      9422.57  3.043572E-16
      9426.69  3.394079E-16
      9430.82  3.570557E-16
      9434.94  3.412008E-16
      9439.07  3.229989E-16
      9443.19  3.413374E-16
      9447.32  3.422393E-16
      9451.44  3.466906E-16
      9455.57  3.241882E-16
      9459.69  3.115468E-16
      9463.82  2.742533E-16
      9467.94  3.329998E-16
      9472.07  3.449096E-16
      9476.19  2.980802E-16
      9480.32  2.892208E-16
      9484.44  2.753359E-16
      9488.57  2.786644E-16
      9492.69  2.682842E-16
      9496.82  2.481794E-16
      9500.94  2.899849E-16
      9505.07  3.370038E-16
      9509.19  3.117436E-16
      9513.32  2.850940E-16
      9517.44  2.888999E-16
      9521.57  3.051991E-16
      9525.69  3.296008E-16
      9529.82  3.310802E-16
      9533.95  2.990947E-16
      9538.07  2.961178E-16
      9542.20  3.037598E-16
      9546.32  2.878555E-16
      9550.45  2.939016E-16
      9554.57  3.015303E-16
      9558.70  2.981687E-16
      9562.82  2.921685E-16
      9566.95  3.012190E-16
      9571.07  3.213390E-16
      9575.20  3.008699E-16
      9579.32  2.628526E-16
      9583.45  2.241917E-16
      9587.57  2.312430E-16
      9591.70  2.705384E-16
      9595.82  2.735709E-16
      9599.95  2.813249E-16
      9604.07  2.913646E-16
      9608.20  2.696527E-16
      9612.32  2.675569E-16
      9616.45  2.785438E-16
      9620.57  2.649716E-16
      9624.70  2.625313E-16
      9628.82  2.719996E-16
      9632.95  2.578152E-16
      9637.07  2.403557E-16
      9641.20  2.487785E-16
      9645.32  2.897990E-16
      9649.45  3.055998E-16
      9653.57  2.945978E-16
      9657.70  3.075073E-16
      9661.83  2.786327E-16
      9665.95  2.645945E-16
      9670.08  2.643241E-16
      9674.20  2.596642E-16
      9678.33  2.350772E-16
      9682.45  2.745101E-16
      9686.58  2.810307E-16
      9690.70  2.807798E-16
      9694.83  2.629876E-16
      9698.95  2.545548E-16
      9703.08  2.657872E-16
      9707.20  2.384469E-16
      9711.33  2.362532E-16
      9715.45  2.800944E-16
      9719.58  2.472817E-16
      9723.70  2.891362E-16
      9727.83  2.640429E-16
      9731.95  2.221014E-16
      9736.08  2.293392E-16
      9740.20  2.363387E-16
      9744.33  2.586680E-16
      9748.45  2.128098E-16
      9752.58  2.472818E-16
      9756.70  2.429775E-16
      9760.83  2.458555E-16
      9764.95  2.034785E-16
      9769.08  2.144890E-16
      9773.20  2.860141E-16
      9777.33  1.923215E-16
      9781.46  2.473687E-16
      9785.58  3.194995E-16
      9789.71  2.132638E-16
      9793.83  2.871108E-16
      9797.96  1.945752E-16
      9802.08  1.973686E-16
      9806.21  2.706636E-16
      9810.33  2.437847E-16
      9814.46  2.120360E-16
      9818.58  2.286756E-16
      9822.71  2.053381E-16
      9826.83  1.785376E-16
      9830.96  2.156932E-16
      9835.08  2.587339E-16
      9839.21  2.912117E-16
      9843.33  2.539316E-16
      9847.46  2.231468E-16
      9851.58  2.102518E-16
      9855.71  2.016668E-16
      9859.83  1.912595E-16
      9863.96  2.669695E-16
      9868.08  2.614186E-16
      9872.21  2.342699E-16
      9876.33  3.048867E-16
      9880.46  1.976971E-16
      9884.58  1.499068E-16
      9888.71  2.448010E-16
      9892.83  2.657837E-16
      9896.96  2.724614E-16
      9901.09  1.932579E-16
      9905.21  2.130214E-16
      9909.34  2.381542E-16
      9913.46  2.450398E-16
      9917.59  2.089877E-16
      9921.71  1.404464E-16
      9925.84  1.494886E-16
      9929.96  1.135644E-16
      9934.09  1.291396E-16
