      3470.00  1.697210E-01
      3472.00  2.068660E-01
      3474.00  1.012010E-01
      3476.00  1.057280E-01
      3478.00  1.930340E-01
      3480.00  1.191030E-01
      3482.00  6.462750E-02
      3484.00  2.029190E-01
      3486.00  1.721230E-01
      3488.00  1.434790E-01
      3490.00  8.021690E-02
      3492.00  1.033250E-01
      3494.00  1.911510E-01
      3496.00  2.478160E-01
      3498.00  1.400840E-01
      3500.00  1.309920E-01
      3502.00  8.782100E-02
      3504.00  1.567210E-01
      3506.00  7.278840E-02
      3508.00  1.426010E-01
      3510.00  6.683410E-02
      3512.00  1.273300E-01
      3514.00  3.494020E-02
      3516.00  8.266170E-02
      3518.00  1.151660E-01
      3520.00  1.984180E-01
      3522.00  8.604420E-02
      3524.00  1.033390E-01
      3526.00  1.976920E-01
      3528.00  1.558540E-01
      3530.00  1.155520E-01
      3532.00  7.300270E-02
      3534.00  1.249940E-01
      3536.00  1.254600E-01
      3538.00  1.541830E-01
      3540.00  1.261300E-01
      3542.00  1.533620E-01
      3544.00  1.215920E-01
      3546.00  1.461400E-01
      3548.00  9.528980E-02
      3550.00  1.476660E-01
      3552.00  1.679740E-01
      3554.00  1.029940E-01
      3556.00  1.499420E-01
      3558.00  1.461350E-01
      3560.00  2.231670E-01
      3562.00  9.142860E-02
      3564.00  1.429050E-01
      3566.00  2.128200E-01
      3568.00  1.169450E-01
      3570.00  2.497080E-01
      3572.00  1.768540E-01
      3574.00  1.197430E-01
      3576.00  1.822940E-01
      3578.00  1.405070E-01
      3580.00  2.360320E-01
      3582.00  1.109780E-01
      3584.00  1.797920E-01
      3586.00  8.368290E-02
      3588.00  2.203560E-01
      3590.00  1.442080E-01
      3592.00  2.774290E-01
      3594.00  1.634990E-01
      3596.00  1.409160E-01
      3598.00  1.723600E-01
      3600.00  1.301640E-01
      3602.00  1.965890E-01
      3604.00  1.635550E-01
      3606.00  1.918220E-01
      3608.00  1.946190E-01
      3610.00  1.538680E-01
      3612.00  2.678320E-01
      3614.00  1.114990E-01
      3616.00  1.288210E-01
      3618.00  1.775180E-01
      3620.00  1.849980E-01
      3622.00  1.507120E-01
      3624.00  1.846910E-01
      3626.00  1.951490E-01
      3628.00  1.401690E-01
      3630.00  1.665250E-01
      3632.00  1.512800E-01
      3634.00  1.783770E-01
      3636.00  9.523130E-02
      3638.00  1.275930E-01
      3640.00  1.327500E-01
      3642.00  1.049820E-01
      3644.00  1.019470E-01
      3646.00  1.784820E-01
      3648.00  1.486300E-01
      3650.00  1.184380E-01
      3652.00  1.003090E-01
      3654.00  1.257830E-01
      3656.00  1.497950E-01
      3658.00  1.350580E-01
      3660.00  1.580060E-01
      3662.00  1.707030E-01
      3664.00  1.959180E-01
      3666.00  1.783280E-01
      3668.00  1.809150E-01
      3670.00  1.338760E-01
      3672.00  9.137150E-02
      3674.00  8.514240E-02
      3676.00  7.606900E-02
      3678.00  1.825240E-01
      3680.00  1.441210E-01
      3682.00  1.507550E-01
      3684.00  1.883810E-01
      3686.00  1.588220E-01
      3688.00  1.333400E-01
      3690.00  1.825770E-01
      3692.00  1.882730E-01
      3694.00  1.796410E-01
      3696.00  1.782010E-01
      3698.00  2.204490E-01
      3700.00  1.666460E-01
      3702.00  1.522260E-01
      3704.00  2.123490E-01
      3706.00  2.281310E-01
      3708.00  2.222480E-01
      3710.00  2.313970E-01
      3712.00  1.806110E-01
      3714.00  2.429460E-01
      3716.00  2.268170E-01
      3718.00  2.796780E-01
      3720.00  2.679650E-01
      3722.00  2.159720E-01
      3724.00  2.108470E-01
      3726.00  2.187320E-01
      3728.00  2.671170E-01
      3730.00  1.662640E-01
      3732.00  2.151310E-01
      3734.00  1.836790E-01
      3736.00  2.143070E-01
      3738.00  1.535660E-01
      3740.00  2.139580E-01
      3742.00  2.231140E-01
      3744.00  2.257110E-01
      3746.00  1.913980E-01
      3748.00  1.922950E-01
      3750.00  2.003960E-01
      3752.00  1.950420E-01
      3754.00  1.858050E-01
      3756.00  2.306220E-01
      3758.00  1.868050E-01
      3760.00  1.727960E-01
      3762.00  1.766030E-01
      3764.00  1.601700E-01
      3766.00  1.801050E-01
      3768.00  1.663600E-01
      3770.00  2.019480E-01
      3772.00  1.903580E-01
      3774.00  1.663030E-01
      3776.00  2.048870E-01
      3778.00  1.728110E-01
      3780.00  1.861020E-01
      3782.00  1.650190E-01
      3784.00  1.883300E-01
      3786.00  2.128560E-01
      3788.00  1.550630E-01
      3790.00  1.977800E-01
      3792.00  1.775480E-01
      3794.00  1.907840E-01
      3796.00  1.596540E-01
      3798.00  1.768090E-01
      3800.00  1.891850E-01
      3802.00  1.528350E-01
      3804.00  1.937680E-01
      3806.00  1.394380E-01
      3808.00  2.199110E-01
      3810.00  1.436700E-01
      3812.00  2.137210E-01
      3814.00  1.578240E-01
      3816.00  1.864500E-01
      3818.00  1.901900E-01
      3820.00  2.190460E-01
      3822.00  1.672910E-01
      3824.00  1.615830E-01
      3826.00  1.204000E-01
      3828.00  9.778690E-02
      3830.00  1.450150E-01
      3832.00  1.424020E-01
      3834.00  1.353110E-01
      3836.00  1.499600E-01
      3838.00  1.514950E-01
      3840.00  1.280150E-01
      3842.00  1.314180E-01
      3844.00  1.560250E-01
      3846.00  1.272710E-01
      3848.00  9.695770E-02
      3850.00  1.496300E-01
      3852.00  1.293580E-01
      3854.00  9.887650E-02
      3856.00  1.281450E-01
      3858.00  1.141720E-01
      3860.00  9.369990E-02
      3862.00  9.920880E-02
      3864.00  1.499580E-01
      3866.00  1.344490E-01
      3868.00  1.407220E-01
      3870.00  1.498970E-01
      3872.00  1.107440E-01
      3874.00  1.472870E-01
      3876.00  1.546630E-01
      3878.00  1.522910E-01
      3880.00  1.765030E-01
      3882.00  2.114740E-01
      3884.00  2.207360E-01
      3886.00  1.799460E-01
      3888.00  1.825710E-01
      3890.00  2.648230E-01
      3892.00  2.650360E-01
      3894.00  2.476260E-01
      3896.00  2.586730E-01
      3898.00  2.510860E-01
      3900.00  2.868020E-01
      3902.00  2.896660E-01
      3904.00  3.521420E-01
      3906.00  2.959950E-01
      3908.00  2.849630E-01
      3910.00  3.430490E-01
      3912.00  3.650800E-01
      3914.00  2.977750E-01
      3916.00  3.387890E-01
      3918.00  3.378030E-01
      3920.00  3.515580E-01
      3922.00  3.075250E-01
      3924.00  3.493070E-01
      3926.00  3.124590E-01
      3928.00  3.495320E-01
      3930.00  3.442640E-01
      3932.00  3.234750E-01
      3934.00  3.582720E-01
      3936.00  3.606940E-01
      3938.00  3.383900E-01
      3940.00  3.426650E-01
      3942.00  3.430400E-01
      3944.00  3.578270E-01
      3946.00  3.725770E-01
      3948.00  3.214690E-01
      3950.00  3.587310E-01
      3952.00  3.778770E-01
      3954.00  3.951090E-01
      3956.00  3.875860E-01
      3958.00  3.942720E-01
      3960.00  3.929240E-01
      3962.00  4.023080E-01
      3964.00  3.729750E-01
      3966.00  3.482780E-01
      3968.00  3.754120E-01
      3970.00  3.674260E-01
      3972.00  3.591960E-01
      3974.00  4.281050E-01
      3976.00  3.977110E-01
      3978.00  3.762700E-01
      3980.00  4.110680E-01
      3982.00  4.121660E-01
      3984.00  3.677450E-01
      3986.00  4.108330E-01
      3988.00  3.669010E-01
      3990.00  4.513010E-01
      3992.00  4.719680E-01
      3994.00  3.895200E-01
      3996.00  4.293070E-01
      3998.00  4.697990E-01
      4000.00  4.896200E-01
      4002.00  4.928890E-01
      4004.00  4.430650E-01
      4006.00  4.616440E-01
      4008.00  5.054250E-01
      4010.00  5.082610E-01
      4012.00  5.047850E-01
      4014.00  5.450250E-01
      4016.00  5.604530E-01
      4018.00  4.944210E-01
      4020.00  5.477630E-01
      4022.00  5.545490E-01
      4024.00  5.079110E-01
      4026.00  5.256070E-01
      4028.00  5.232800E-01
      4030.00  5.295610E-01
      4032.00  5.419250E-01
      4034.00  4.664920E-01
      4036.00  4.701400E-01
      4038.00  4.792820E-01
      4040.00  4.877510E-01
      4042.00  3.849660E-01
      4044.00  3.751140E-01
      4046.00  4.181680E-01
      4048.00  3.761890E-01
      4050.00  3.696840E-01
      4052.00  3.732660E-01
      4054.00  3.728750E-01
      4056.00  4.005170E-01
      4058.00  3.806260E-01
      4060.00  3.931010E-01
      4062.00  3.428760E-01
      4064.00  3.652020E-01
      4066.00  3.810270E-01
      4068.00  3.460240E-01
      4070.00  3.668940E-01
      4072.00  4.214350E-01
      4074.00  3.978080E-01
      4076.00  4.133770E-01
      4078.00  3.995760E-01
      4080.00  4.164440E-01
      4082.00  4.394360E-01
      4084.00  4.050310E-01
      4086.00  3.440680E-01
      4088.00  3.929880E-01
      4090.00  4.353350E-01
      4092.00  4.320490E-01
      4094.00  4.161700E-01
      4096.00  3.942970E-01
      4098.00  4.273640E-01
      4100.00  4.198540E-01
      4102.00  4.116090E-01
      4104.00  4.307370E-01
      4106.00  4.221910E-01
      4108.00  3.894520E-01
      4110.00  3.931580E-01
      4112.00  4.333260E-01
      4114.00  4.612710E-01
      4116.00  4.531920E-01
      4118.00  4.062440E-01
      4120.00  4.391610E-01
      4122.00  4.559300E-01
      4124.00  4.587050E-01
      4126.00  4.700000E-01
      4128.00  4.380240E-01
      4130.00  4.498570E-01
      4132.00  4.195090E-01
      4134.00  4.221510E-01
      4136.00  4.570670E-01
      4138.00  4.267680E-01
      4140.00  3.829060E-01
      4142.00  4.066690E-01
      4144.00  3.895140E-01
      4146.00  3.947520E-01
      4148.00  3.806000E-01
      4150.00  4.207940E-01
      4152.00  3.787670E-01
      4154.00  3.835700E-01
      4156.00  3.547920E-01
      4158.00  3.963280E-01
      4160.00  3.965690E-01
      4162.00  3.371860E-01
      4164.00  3.555840E-01
      4166.00  3.946330E-01
      4168.00  3.494160E-01
      4170.00  3.406520E-01
      4172.00  3.548780E-01
      4174.00  3.566990E-01
      4176.00  3.786000E-01
      4178.00  3.469790E-01
      4180.00  3.410530E-01
      4182.00  3.486120E-01
      4184.00  3.358750E-01
      4186.00  3.483150E-01
      4188.00  3.351710E-01
      4190.00  3.275030E-01
      4192.00  3.282780E-01
      4194.00  3.217760E-01
      4196.00  3.128370E-01
      4198.00  3.092420E-01
      4200.00  2.785890E-01
      4202.00  2.594450E-01
      4204.00  2.641710E-01
      4206.00  2.983640E-01
      4208.00  2.696830E-01
      4210.00  2.445400E-01
      4212.00  2.366450E-01
      4214.00  2.707900E-01
      4216.00  2.749040E-01
      4218.00  2.738280E-01
      4220.00  2.571000E-01
      4222.00  2.739890E-01
      4224.00  2.787370E-01
      4226.00  2.933340E-01
      4228.00  3.075870E-01
      4230.00  3.184350E-01
      4232.00  3.030890E-01
      4234.00  2.977320E-01
      4236.00  2.817880E-01
      4238.00  2.827740E-01
      4240.00  2.774380E-01
      4242.00  3.195540E-01
      4244.00  2.830080E-01
      4246.00  3.259510E-01
      4248.00  2.916180E-01
      4250.00  3.250660E-01
      4252.00  3.102570E-01
      4254.00  3.165350E-01
      4256.00  3.078250E-01
      4258.00  3.183790E-01
      4260.00  3.630720E-01
      4262.00  3.276800E-01
      4264.00  3.393290E-01
      4266.00  3.157090E-01
      4268.00  3.528940E-01
      4270.00  3.278490E-01
      4272.00  3.452920E-01
      4274.00  3.533160E-01
      4276.00  3.737380E-01
      4278.00  3.475540E-01
      4280.00  3.536920E-01
      4282.00  3.404070E-01
      4284.00  3.579440E-01
      4286.00  3.476970E-01
      4288.00  3.379550E-01
      4290.00  3.634710E-01
      4292.00  2.943330E-01
      4294.00  3.300720E-01
      4296.00  3.363760E-01
      4298.00  3.597170E-01
      4300.00  3.224200E-01
      4302.00  3.036890E-01
      4304.00  3.139440E-01
      4306.00  2.980900E-01
      4308.00  2.959200E-01
      4310.00  3.160250E-01
      4312.00  3.016080E-01
      4314.00  3.079310E-01
      4316.00  3.436440E-01
      4318.00  3.252650E-01
      4320.00  3.259530E-01
      4322.00  3.310640E-01
      4324.00  3.431640E-01
      4326.00  3.538300E-01
      4328.00  3.470210E-01
      4330.00  3.393200E-01
      4332.00  3.126360E-01
      4334.00  3.817620E-01
      4336.00  3.633930E-01
      4338.00  3.790180E-01
      4340.00  3.296370E-01
      4342.00  3.426880E-01
      4344.00  3.595130E-01
      4346.00  3.542830E-01
      4348.00  3.330950E-01
      4350.00  3.825900E-01
      4352.00  3.783460E-01
      4354.00  3.801580E-01
      4356.00  3.845660E-01
      4358.00  3.093930E-01
      4360.00  3.535510E-01
      4362.00  3.766240E-01
      4364.00  3.433460E-01
      4366.00  3.824770E-01
      4368.00  3.693890E-01
      4370.00  3.573580E-01
      4372.00  3.915110E-01
      4374.00  3.658540E-01
      4376.00  3.892430E-01
      4378.00  3.884990E-01
      4380.00  3.813580E-01
      4382.00  3.586580E-01
      4384.00  3.939970E-01
      4386.00  4.063900E-01
      4388.00  4.022800E-01
      4390.00  4.171480E-01
      4392.00  4.239050E-01
      4394.00  4.245910E-01
      4396.00  4.020670E-01
      4398.00  4.215910E-01
      4400.00  4.098600E-01
      4402.00  4.352080E-01
      4404.00  4.340360E-01
      4406.00  4.750930E-01
      4408.00  4.465970E-01
      4410.00  4.368630E-01
      4412.00  4.355100E-01
      4414.00  4.422750E-01
      4416.00  4.543540E-01
      4418.00  4.269890E-01
      4420.00  4.238020E-01
      4422.00  4.338710E-01
      4424.00  3.920360E-01
      4426.00  3.917960E-01
      4428.00  3.781910E-01
      4430.00  3.903740E-01
      4432.00  4.015830E-01
      4434.00  3.719700E-01
      4436.00  3.864830E-01
      4438.00  3.838730E-01
      4440.00  3.817260E-01
      4442.00  3.852430E-01
      4444.00  3.626770E-01
      4446.00  3.623160E-01
      4448.00  3.350180E-01
      4450.00  3.671370E-01
      4452.00  3.248630E-01
      4454.00  3.482520E-01
      4456.00  3.339320E-01
      4458.00  3.616880E-01
      4460.00  3.728590E-01
      4462.00  3.281940E-01
      4464.00  3.260330E-01
      4466.00  3.420250E-01
      4468.00  3.731010E-01
      4470.00  3.490670E-01
      4472.00  3.487260E-01
      4474.00  2.886310E-01
      4476.00  3.431710E-01
      4478.00  3.699860E-01
      4480.00  3.729660E-01
      4482.00  3.833190E-01
      4484.00  3.568030E-01
      4486.00  4.101920E-01
      4488.00  4.033520E-01
      4490.00  3.896160E-01
      4492.00  4.381120E-01
      4494.00  4.097610E-01
      4496.00  4.682980E-01
      4498.00  4.673630E-01
      4500.00  4.400410E-01
      4502.00  4.833030E-01
      4504.00  5.132780E-01
      4506.00  4.792890E-01
      4508.00  5.550570E-01
      4510.00  4.966150E-01
      4512.00  5.179160E-01
      4514.00  5.312530E-01
      4516.00  5.512300E-01
      4518.00  5.882990E-01
      4520.00  6.293760E-01
      4522.00  6.570990E-01
      4524.00  6.850150E-01
      4526.00  6.792260E-01
      4528.00  7.025430E-01
      4530.00  7.374630E-01
      4532.00  7.309530E-01
      4534.00  7.556260E-01
      4536.00  7.718770E-01
      4538.00  8.176640E-01
      4540.00  8.695970E-01
      4542.00  8.315220E-01
      4544.00  9.058590E-01
      4546.00  8.600050E-01
      4548.00  8.911610E-01
      4550.00  9.198570E-01
      4552.00  9.689640E-01
      4554.00  9.210190E-01
      4556.00  9.529530E-01
      4558.00  9.408770E-01
      4560.00  9.761490E-01
      4562.00  9.641520E-01
      4564.00  9.946540E-01
      4566.00  9.755670E-01
      4568.00  1.019890E+00
      4570.00  9.738210E-01
      4572.00  9.722990E-01
      4574.00  1.012690E+00
      4576.00  1.027170E+00
      4578.00  1.022220E+00
      4580.00  9.579400E-01
      4582.00  1.044830E+00
      4584.00  1.029830E+00
      4586.00  1.043090E+00
      4588.00  1.027940E+00
      4590.00  1.052460E+00
      4592.00  1.065940E+00
      4594.00  1.058870E+00
      4596.00  1.056410E+00
      4598.00  1.110570E+00
      4600.00  1.098710E+00
      4602.00  1.085880E+00
      4604.00  1.086930E+00
      4606.00  1.136480E+00
      4608.00  1.131690E+00
      4610.00  1.150330E+00
      4612.00  1.147360E+00
      4614.00  1.112280E+00
      4616.00  1.189150E+00
      4618.00  1.215670E+00
      4620.00  1.203930E+00
      4622.00  1.240950E+00
      4624.00  1.192410E+00
      4626.00  1.226830E+00
      4628.00  1.179400E+00
      4630.00  1.173010E+00
      4632.00  1.186680E+00
      4634.00  1.194250E+00
      4636.00  1.157360E+00
      4638.00  1.144080E+00
      4640.00  1.161640E+00
      4642.00  1.201520E+00
      4644.00  1.211670E+00
      4646.00  1.189830E+00
      4648.00  1.172560E+00
      4650.00  1.175610E+00
      4652.00  1.159390E+00
      4654.00  1.176660E+00
      4656.00  1.171540E+00
      4658.00  1.188570E+00
      4660.00  1.183000E+00
      4662.00  1.140140E+00
      4664.00  1.170790E+00
      4666.00  1.138240E+00
      4668.00  1.108130E+00
      4670.00  1.096220E+00
      4672.00  1.131120E+00
      4674.00  1.090870E+00
      4676.00  1.086000E+00
      4678.00  1.039310E+00
      4680.00  1.059580E+00
      4682.00  1.022520E+00
      4684.00  9.767150E-01
      4686.00  9.900190E-01
      4688.00  1.004520E+00
      4690.00  9.622470E-01
      4692.00  9.258700E-01
      4694.00  9.185290E-01
      4696.00  9.033890E-01
      4698.00  8.837140E-01
      4700.00  8.918670E-01
      4702.00  9.281920E-01
      4704.00  9.178610E-01
      4706.00  9.058440E-01
      4708.00  8.692790E-01
      4710.00  8.766380E-01
      4712.00  8.479570E-01
      4714.00  8.477420E-01
      4716.00  8.509760E-01
      4718.00  8.302980E-01
      4720.00  8.309300E-01
      4722.00  8.015230E-01
      4724.00  7.582920E-01
      4726.00  7.920070E-01
      4728.00  8.514930E-01
      4730.00  8.119090E-01
      4732.00  8.471720E-01
      4734.00  8.406090E-01
      4736.00  8.237990E-01
      4738.00  8.059620E-01
      4740.00  8.671000E-01
      4742.00  8.921460E-01
      4744.00  8.468210E-01
      4746.00  8.883630E-01
      4748.00  8.530360E-01
      4750.00  7.942910E-01
      4752.00  8.241380E-01
      4754.00  8.243070E-01
      4756.00  8.196110E-01
      4758.00  7.738640E-01
      4760.00  7.429560E-01
      4762.00  7.644580E-01
      4764.00  7.476680E-01
      4766.00  7.232430E-01
      4768.00  6.988240E-01
      4770.00  6.717810E-01
      4772.00  6.672660E-01
      4774.00  6.293470E-01
      4776.00  6.068790E-01
      4778.00  5.927770E-01
      4780.00  5.471490E-01
      4782.00  5.240840E-01
      4784.00  5.321820E-01
      4786.00  5.259460E-01
      4788.00  4.904630E-01
      4790.00  5.140320E-01
      4792.00  5.125850E-01
      4794.00  4.818980E-01
      4796.00  5.219900E-01
      4798.00  5.123130E-01
      4800.00  4.813390E-01
      4802.00  5.464760E-01
      4804.00  5.849450E-01
      4806.00  5.315910E-01
      4808.00  5.831140E-01
      4810.00  5.866680E-01
      4812.00  6.328390E-01
      4814.00  6.480070E-01
      4816.00  6.615380E-01
      4818.00  7.097950E-01
      4820.00  7.213940E-01
      4822.00  7.154030E-01
      4824.00  7.146700E-01
      4826.00  7.330090E-01
      4828.00  7.219710E-01
      4830.00  7.534180E-01
      4832.00  7.753530E-01
      4834.00  7.880050E-01
      4836.00  7.861170E-01
      4838.00  7.723730E-01
      4840.00  7.766270E-01
      4842.00  7.807400E-01
      4844.00  7.469120E-01
      4846.00  7.466070E-01
      4848.00  8.070070E-01
      4850.00  8.652840E-01
      4852.00  8.644170E-01
      4854.00  8.800340E-01
      4856.00  9.065280E-01
      4858.00  9.265000E-01
      4860.00  9.403470E-01
      4862.00  9.634670E-01
      4864.00  9.847010E-01
      4866.00  9.734630E-01
      4868.00  1.001370E+00
      4870.00  1.083150E+00
      4872.00  1.062410E+00
      4874.00  1.086470E+00
      4876.00  1.071170E+00
      4878.00  1.122710E+00
      4880.00  1.131630E+00
      4882.00  1.161100E+00
      4884.00  1.174030E+00
      4886.00  1.212130E+00
      4888.00  1.210470E+00
      4890.00  1.187860E+00
      4892.00  1.210500E+00
      4894.00  1.233150E+00
      4896.00  1.187720E+00
      4898.00  1.211950E+00
      4900.00  1.234440E+00
      4902.00  1.181670E+00
      4904.00  1.135890E+00
      4906.00  1.095880E+00
      4908.00  1.122540E+00
      4910.00  1.056030E+00
      4912.00  1.056670E+00
      4914.00  1.026280E+00
      4916.00  1.059360E+00
      4918.00  1.009410E+00
      4920.00  9.692060E-01
      4922.00  9.562720E-01
      4924.00  9.852550E-01
      4926.00  9.150890E-01
      4928.00  9.467770E-01
      4930.00  9.053220E-01
      4932.00  9.345890E-01
      4934.00  8.837350E-01
      4936.00  9.016220E-01
      4938.00  8.821960E-01
      4940.00  8.492730E-01
      4942.00  8.825370E-01
      4944.00  8.785650E-01
      4946.00  9.409330E-01
      4948.00  9.175490E-01
      4950.00  9.257480E-01
      4952.00  9.176260E-01
      4954.00  9.814940E-01
      4956.00  9.761840E-01
      4958.00  9.789640E-01
      4960.00  9.650040E-01
      4962.00  1.019460E+00
      4964.00  1.031820E+00
      4966.00  1.065360E+00
      4968.00  1.064900E+00
      4970.00  1.114340E+00
      4972.00  1.131040E+00
      4974.00  1.186990E+00
      4976.00  1.221150E+00
      4978.00  1.234270E+00
      4980.00  1.222260E+00
      4982.00  1.259460E+00
      4984.00  1.309000E+00
      4986.00  1.362720E+00
      4988.00  1.309760E+00
      4990.00  1.336720E+00
      4992.00  1.345360E+00
      4994.00  1.323930E+00
      4996.00  1.333830E+00
      4998.00  1.355010E+00
      5000.00  1.322910E+00
      5002.00  1.343290E+00
      5004.00  1.339280E+00
      5006.00  1.364510E+00
      5008.00  1.409350E+00
      5010.00  1.377150E+00
      5012.00  1.355130E+00
      5014.00  1.408340E+00
      5016.00  1.399130E+00
      5018.00  1.338700E+00
      5020.00  1.322500E+00
      5022.00  1.343570E+00
      5024.00  1.360040E+00
      5026.00  1.295030E+00
      5028.00  1.248220E+00
      5030.00  1.253540E+00
      5032.00  1.221950E+00
      5034.00  1.195630E+00
      5036.00  1.176400E+00
      5038.00  1.205630E+00
      5040.00  1.118020E+00
      5042.00  1.119560E+00
      5044.00  1.079320E+00
      5046.00  1.038400E+00
      5048.00  1.053620E+00
      5050.00  9.927390E-01
      5052.00  9.429670E-01
      5054.00  9.315170E-01
      5056.00  9.193170E-01
      5058.00  8.858400E-01
      5060.00  8.635120E-01
      5062.00  8.299820E-01
      5064.00  7.905650E-01
      5066.00  7.851550E-01
      5068.00  7.757360E-01
      5070.00  7.750830E-01
      5072.00  7.163900E-01
      5074.00  7.189400E-01
      5076.00  7.047950E-01
      5078.00  6.846190E-01
      5080.00  6.398060E-01
      5082.00  6.259840E-01
      5084.00  5.967940E-01
      5086.00  6.266610E-01
      5088.00  6.055680E-01
      5090.00  5.897630E-01
      5092.00  5.888270E-01
      5094.00  6.025040E-01
      5096.00  6.040070E-01
      5098.00  6.247870E-01
      5100.00  6.280690E-01
      5102.00  6.291370E-01
      5104.00  6.091010E-01
      5106.00  6.180160E-01
      5108.00  6.233530E-01
      5110.00  6.641200E-01
      5112.00  6.441990E-01
      5114.00  6.505460E-01
      5116.00  6.675690E-01
      5118.00  6.508620E-01
      5120.00  6.864520E-01
      5122.00  6.611440E-01
      5124.00  6.840780E-01
      5126.00  6.887350E-01
      5128.00  7.322670E-01
      5130.00  7.373220E-01
      5132.00  7.202810E-01
      5134.00  7.537340E-01
      5136.00  7.489890E-01
      5138.00  7.780430E-01
      5140.00  7.898320E-01
      5142.00  8.024660E-01
      5144.00  7.809730E-01
      5146.00  7.756380E-01
      5148.00  8.063830E-01
      5150.00  7.986700E-01
      5152.00  8.101610E-01
      5154.00  8.555090E-01
      5156.00  8.594830E-01
      5158.00  8.691450E-01
      5160.00  8.553450E-01
      5162.00  8.617110E-01
      5164.00  9.192210E-01
      5166.00  9.147960E-01
      5168.00  8.751570E-01
      5170.00  8.917260E-01
      5172.00  9.267200E-01
      5174.00  9.594910E-01
      5176.00  9.559590E-01
      5178.00  9.634920E-01
      5180.00  9.679690E-01
      5182.00  9.662810E-01
      5184.00  9.884960E-01
      5186.00  1.016470E+00
      5188.00  9.902870E-01
      5190.00  1.065170E+00
      5192.00  1.027890E+00
      5194.00  1.013140E+00
      5196.00  1.061990E+00
      5198.00  1.062350E+00
      5200.00  1.145670E+00
      5202.00  1.130770E+00
      5204.00  1.139110E+00
      5206.00  1.145010E+00
      5208.00  1.141610E+00
      5210.00  1.157320E+00
      5212.00  1.141920E+00
      5214.00  1.187440E+00
      5216.00  1.173380E+00
      5218.00  1.153330E+00
      5220.00  1.180170E+00
      5222.00  1.139910E+00
      5224.00  1.130740E+00
      5226.00  1.082550E+00
      5228.00  1.072830E+00
      5230.00  1.099260E+00
      5232.00  1.071350E+00
      5234.00  1.044880E+00
      5236.00  1.060160E+00
      5238.00  1.020810E+00
      5240.00  1.010150E+00
      5242.00  9.880830E-01
      5244.00  9.660150E-01
      5246.00  1.000140E+00
      5248.00  9.464880E-01
      5250.00  9.633250E-01
      5252.00  9.532180E-01
      5254.00  1.032710E+00
      5256.00  9.937290E-01
      5258.00  1.035730E+00
      5260.00  9.900280E-01
      5262.00  1.052260E+00
      5264.00  1.022490E+00
      5266.00  1.069280E+00
      5268.00  1.033490E+00
      5270.00  1.115500E+00
      5272.00  1.155880E+00
      5274.00  1.119230E+00
      5276.00  1.131290E+00
      5278.00  1.144290E+00
      5280.00  1.152340E+00
      5282.00  1.135820E+00
      5284.00  1.155640E+00
      5286.00  1.170100E+00
      5288.00  1.104650E+00
      5290.00  1.141130E+00
      5292.00  1.137370E+00
      5294.00  1.111180E+00
      5296.00  1.107250E+00
      5298.00  1.126820E+00
      5300.00  1.087520E+00
      5302.00  1.100620E+00
      5304.00  1.057290E+00
      5306.00  1.084640E+00
      5308.00  1.126230E+00
      5310.00  1.129650E+00
      5312.00  1.118640E+00
      5314.00  1.162510E+00
      5316.00  1.169400E+00
      5318.00  1.123220E+00
      5320.00  1.160250E+00
      5322.00  1.156500E+00
      5324.00  1.154340E+00
      5326.00  1.117510E+00
      5328.00  1.183100E+00
      5330.00  1.214370E+00
      5332.00  1.216250E+00
      5334.00  1.188730E+00
      5336.00  1.188440E+00
      5338.00  1.189000E+00
      5340.00  1.230700E+00
      5342.00  1.221570E+00
      5344.00  1.245100E+00
      5346.00  1.166450E+00
      5348.00  1.148900E+00
      5350.00  1.161750E+00
      5352.00  1.134290E+00
      5354.00  1.147500E+00
      5356.00  1.234630E+00
      5358.00  1.195840E+00
      5360.00  1.179470E+00
      5362.00  1.226920E+00
      5364.00  1.283100E+00
      5366.00  1.216200E+00
      5368.00  1.236100E+00
      5370.00  1.279180E+00
      5372.00  1.300560E+00
      5374.00  1.250940E+00
      5376.00  1.276750E+00
      5378.00  1.260490E+00
      5380.00  1.273720E+00
      5382.00  1.288390E+00
      5384.00  1.281690E+00
      5386.00  1.259920E+00
      5388.00  1.334170E+00
      5390.00  1.287820E+00
      5392.00  1.330950E+00
      5394.00  1.326180E+00
      5396.00  1.295080E+00
      5398.00  1.344720E+00
      5400.00  1.298050E+00
      5402.00  1.290870E+00
      5404.00  1.253060E+00
      5406.00  1.307080E+00
      5408.00  1.245930E+00
      5410.00  1.276180E+00
      5412.00  1.298870E+00
      5414.00  1.279800E+00
      5416.00  1.269210E+00
      5418.00  1.257790E+00
      5420.00  1.242020E+00
      5422.00  1.214990E+00
      5424.00  1.262710E+00
      5426.00  1.208830E+00
      5428.00  1.255740E+00
      5430.00  1.270070E+00
      5432.00  1.270520E+00
      5434.00  1.276750E+00
      5436.00  1.249750E+00
      5438.00  1.280680E+00
      5440.00  1.313620E+00
      5442.00  1.295930E+00
      5444.00  1.285390E+00
      5446.00  1.289270E+00
      5448.00  1.275120E+00
      5450.00  1.263800E+00
      5452.00  1.288230E+00
      5454.00  1.279710E+00
      5456.00  1.267910E+00
      5458.00  1.331040E+00
      5460.00  1.345370E+00
      5462.00  1.343220E+00
      5464.00  1.387690E+00
      5466.00  1.378780E+00
      5468.00  1.387580E+00
      5470.00  1.404640E+00
      5472.00  1.391360E+00
      5474.00  1.379830E+00
      5476.00  1.394840E+00
      5478.00  1.395850E+00
      5480.00  1.410950E+00
      5482.00  1.425450E+00
      5484.00  1.438930E+00
      5486.00  1.448460E+00
      5488.00  1.461380E+00
      5490.00  1.484150E+00
      5492.00  1.512990E+00
      5494.00  1.531010E+00
      5496.00  1.538020E+00
      5498.00  1.554270E+00
      5500.00  1.580610E+00
      5502.00  1.601040E+00
      5504.00  1.606430E+00
      5506.00  1.605610E+00
      5508.00  1.619800E+00
      5510.00  1.650120E+00
      5512.00  1.663820E+00
      5514.00  1.672290E+00
      5516.00  1.671080E+00
      5518.00  1.650790E+00
      5520.00  1.627280E+00
      5522.00  1.634340E+00
      5524.00  1.670580E+00
      5526.00  1.679070E+00
      5528.00  1.674760E+00
      5530.00  1.665830E+00
      5532.00  1.649510E+00
      5534.00  1.630570E+00
      5536.00  1.617290E+00
      5538.00  1.608280E+00
      5540.00  1.587430E+00
      5542.00  1.555980E+00
      5544.00  1.526270E+00
      5546.00  1.495190E+00
      5548.00  1.465920E+00
      5550.00  1.442490E+00
      5552.00  1.423330E+00
      5554.00  1.400440E+00
      5556.00  1.375180E+00
      5558.00  1.351900E+00
      5560.00  1.329200E+00
      5562.00  1.308260E+00
      5564.00  1.289390E+00
      5566.00  1.272520E+00
      5568.00  1.259740E+00
      5570.00  1.263580E+00
      5572.00  1.239700E+00
      5574.00  1.182130E+00
      5576.00  1.140080E+00
      5578.00  1.129060E+00
      5580.00  1.134710E+00
      5582.00  1.143380E+00
      5584.00  1.174510E+00
      5586.00  1.172370E+00
      5588.00  1.137290E+00
      5590.00  1.116520E+00
      5592.00  1.117530E+00
      5594.00  1.127570E+00
      5596.00  1.136380E+00
      5598.00  1.150610E+00
      5600.00  1.157300E+00
      5602.00  1.158700E+00
      5604.00  1.160310E+00
      5606.00  1.162370E+00
      5608.00  1.163390E+00
      5610.00  1.161690E+00
      5612.00  1.157150E+00
      5614.00  1.157570E+00
      5616.00  1.163240E+00
      5618.00  1.165240E+00
      5620.00  1.162330E+00
      5622.00  1.160960E+00
      5624.00  1.166550E+00
      5626.00  1.176550E+00
      5628.00  1.179090E+00
      5630.00  1.171290E+00
      5632.00  1.175830E+00
      5634.00  1.190970E+00
      5636.00  1.207450E+00
      5638.00  1.224470E+00
      5640.00  1.241340E+00
      5642.00  1.243420E+00
      5644.00  1.224170E+00
      5646.00  1.223760E+00
      5648.00  1.235490E+00
      5650.00  1.245130E+00
      5652.00  1.247160E+00
      5654.00  1.248510E+00
      5656.00  1.261140E+00
      5658.00  1.286910E+00
      5660.00  1.298180E+00
      5662.00  1.300850E+00
      5664.00  1.302410E+00
      5666.00  1.303380E+00
      5668.00  1.302430E+00
      5670.00  1.298470E+00
      5672.00  1.290520E+00
      5674.00  1.287320E+00
      5676.00  1.286560E+00
      5678.00  1.286750E+00
      5680.00  1.288750E+00
      5682.00  1.291050E+00
      5684.00  1.292780E+00
      5686.00  1.294890E+00
      5688.00  1.290890E+00
      5690.00  1.283360E+00
      5692.00  1.271000E+00
      5694.00  1.250930E+00
      5696.00  1.230790E+00
      5698.00  1.214580E+00
      5700.00  1.200140E+00
      5702.00  1.189640E+00
      5704.00  1.186280E+00
      5706.00  1.177000E+00
      5708.00  1.170060E+00
      5710.00  1.152530E+00
      5712.00  1.114490E+00
      5714.00  1.066160E+00
      5716.00  1.036550E+00
      5718.00  1.019000E+00
      5720.00  9.986440E-01
      5722.00  9.831510E-01
      5724.00  9.635250E-01
      5726.00  9.370280E-01
      5728.00  9.076360E-01
      5730.00  8.802820E-01
      5732.00  8.502150E-01
      5734.00  8.304910E-01
      5736.00  8.236560E-01
      5738.00  8.102390E-01
      5740.00  7.905270E-01
      5742.00  7.660230E-01
      5744.00  7.347670E-01
      5746.00  6.951910E-01
      5748.00  6.646170E-01
      5750.00  6.402110E-01
      5752.00  6.133940E-01
      5754.00  5.824150E-01
      5756.00  5.540390E-01
      5758.00  5.350630E-01
      5760.00  5.231110E-01
      5762.00  5.004400E-01
      5764.00  4.670590E-01
      5766.00  4.422770E-01
      5768.00  4.222300E-01
      5770.00  4.063040E-01
      5772.00  3.956010E-01
      5774.00  3.891720E-01
      5776.00  3.802630E-01
      5778.00  3.711260E-01
      5780.00  3.622940E-01
      5782.00  3.536140E-01
      5784.00  3.451000E-01
      5786.00  3.356160E-01
      5788.00  3.267970E-01
      5790.00  3.238040E-01
      5792.00  3.245970E-01
      5794.00  3.294960E-01
      5796.00  3.403660E-01
      5798.00  3.516180E-01
      5800.00  3.627360E-01
      5802.00  3.745310E-01
      5804.00  3.868540E-01
      5806.00  3.989370E-01
      5808.00  4.151220E-01
      5810.00  4.375490E-01
      5812.00  4.557200E-01
      5814.00  4.668150E-01
      5816.00  4.786850E-01
      5818.00  4.986010E-01
      5820.00  5.230210E-01
      5822.00  5.543370E-01
      5824.00  5.978120E-01
      5826.00  6.345290E-01
      5828.00  6.658250E-01
      5830.00  6.959040E-01
      5832.00  7.266290E-01
      5834.00  7.570010E-01
      5836.00  7.889600E-01
      5838.00  8.265080E-01
      5840.00  8.544410E-01
      5842.00  8.713140E-01
      5844.00  8.900100E-01
      5846.00  9.147710E-01
      5848.00  9.432430E-01
      5850.00  9.793650E-01
      5852.00  1.026450E+00
      5854.00  1.068450E+00
      5856.00  1.110630E+00
      5858.00  1.151550E+00
      5860.00  1.193870E+00
      5862.00  1.233230E+00
      5864.00  1.256580E+00
      5866.00  1.258340E+00
      5868.00  1.283540E+00
      5870.00  1.324340E+00
      5872.00  1.363460E+00
      5874.00  1.401860E+00
      5876.00  1.438340E+00
      5878.00  1.467880E+00
      5880.00  1.492620E+00
      5882.00  1.512370E+00
      5884.00  1.517840E+00
      5886.00  1.537390E+00
      5888.00  1.574760E+00
      5890.00  1.614730E+00
      5892.00  1.644010E+00
      5894.00  1.667690E+00
      5896.00  1.699200E+00
      5898.00  1.739750E+00
      5900.00  1.771340E+00
      5902.00  1.800460E+00
      5904.00  1.819580E+00
      5906.00  1.820660E+00
      5908.00  1.808300E+00
      5910.00  1.805810E+00
      5912.00  1.803790E+00
      5914.00  1.806290E+00
      5916.00  1.813060E+00
      5918.00  1.822040E+00
      5920.00  1.835220E+00
      5922.00  1.849700E+00
      5924.00  1.851980E+00
      5926.00  1.843650E+00
      5928.00  1.836970E+00
      5930.00  1.826910E+00
      5932.00  1.817280E+00
      5934.00  1.810240E+00
      5936.00  1.802410E+00
      5938.00  1.786860E+00
      5940.00  1.760560E+00
      5942.00  1.750510E+00
      5944.00  1.753130E+00
      5946.00  1.754280E+00
      5948.00  1.753560E+00
      5950.00  1.753280E+00
      5952.00  1.755190E+00
      5954.00  1.760120E+00
      5956.00  1.756890E+00
      5958.00  1.747010E+00
      5960.00  1.737010E+00
      5962.00  1.725210E+00
      5964.00  1.713390E+00
      5966.00  1.704940E+00
      5968.00  1.699010E+00
      5970.00  1.680840E+00
      5972.00  1.644470E+00
      5974.00  1.625110E+00
      5976.00  1.619150E+00
      5978.00  1.616970E+00
      5980.00  1.616610E+00
      5982.00  1.618630E+00
      5984.00  1.610060E+00
      5986.00  1.591570E+00
      5988.00  1.576410E+00
      5990.00  1.561800E+00
      5992.00  1.545410E+00
      5994.00  1.523010E+00
      5996.00  1.500230E+00
      5998.00  1.494460E+00
      6000.00  1.511710E+00
      6002.00  1.503240E+00
      6004.00  1.473890E+00
      6006.00  1.451900E+00
      6008.00  1.443280E+00
      6010.00  1.437830E+00
      6012.00  1.424270E+00
      6014.00  1.406770E+00
      6016.00  1.387580E+00
      6018.00  1.361310E+00
      6020.00  1.341980E+00
      6022.00  1.332470E+00
      6024.00  1.324260E+00
      6026.00  1.308740E+00
      6028.00  1.288760E+00
      6030.00  1.273210E+00
      6032.00  1.257810E+00
      6034.00  1.246820E+00
      6036.00  1.241980E+00
      6038.00  1.237490E+00
      6040.00  1.229630E+00
      6042.00  1.220310E+00
      6044.00  1.209040E+00
      6046.00  1.194760E+00
      6048.00  1.181460E+00
      6050.00  1.167490E+00
      6052.00  1.154690E+00
      6054.00  1.143490E+00
      6056.00  1.133780E+00
      6058.00  1.127440E+00
      6060.00  1.126050E+00
      6062.00  1.121980E+00
      6064.00  1.117180E+00
      6066.00  1.112470E+00
      6068.00  1.108090E+00
      6070.00  1.103770E+00
      6072.00  1.099070E+00
      6074.00  1.092970E+00
      6076.00  1.090480E+00
      6078.00  1.089260E+00
      6080.00  1.091610E+00
      6082.00  1.099680E+00
      6084.00  1.109200E+00
      6086.00  1.114410E+00
      6088.00  1.118630E+00
      6090.00  1.116520E+00
      6092.00  1.102820E+00
      6094.00  1.098690E+00
      6096.00  1.108350E+00
      6098.00  1.117400E+00
      6100.00  1.112820E+00
      6102.00  1.099650E+00
      6104.00  1.089880E+00
      6106.00  1.073330E+00
      6108.00  1.069550E+00
      6110.00  1.079180E+00
      6112.00  1.091730E+00
      6114.00  1.102620E+00
      6116.00  1.114270E+00
      6118.00  1.119950E+00
      6120.00  1.120160E+00
      6122.00  1.120990E+00
      6124.00  1.119210E+00
      6126.00  1.119240E+00
      6128.00  1.123950E+00
      6130.00  1.130600E+00
      6132.00  1.132110E+00
      6134.00  1.128950E+00
      6136.00  1.128890E+00
      6138.00  1.128810E+00
      6140.00  1.130950E+00
      6142.00  1.137270E+00
      6144.00  1.144660E+00
      6146.00  1.146690E+00
      6148.00  1.142790E+00
      6150.00  1.147370E+00
      6152.00  1.158240E+00
      6154.00  1.168670E+00
      6156.00  1.180130E+00
      6158.00  1.190320E+00
      6160.00  1.195350E+00
      6162.00  1.197120E+00
      6164.00  1.194180E+00
      6166.00  1.182090E+00
      6168.00  1.175940E+00
      6170.00  1.172790E+00
      6172.00  1.174670E+00
      6174.00  1.185510E+00
      6176.00  1.204190E+00
      6178.00  1.217030E+00
      6180.00  1.230490E+00
      6182.00  1.238700E+00
      6184.00  1.240130E+00
      6186.00  1.241690E+00
      6188.00  1.246610E+00
      6190.00  1.253020E+00
      6192.00  1.261010E+00
      6194.00  1.273470E+00
      6196.00  1.280630E+00
      6198.00  1.280830E+00
      6200.00  1.285690E+00
      6202.00  1.298620E+00
      6204.00  1.316740E+00
      6206.00  1.338710E+00
      6208.00  1.373580E+00
      6210.00  1.388420E+00
      6212.00  1.386400E+00
      6214.00  1.386830E+00
      6216.00  1.389500E+00
      6218.00  1.395390E+00
      6220.00  1.412290E+00
      6222.00  1.441410E+00
      6224.00  1.460070E+00
      6226.00  1.472080E+00
      6228.00  1.487390E+00
      6230.00  1.508470E+00
      6232.00  1.528430E+00
      6234.00  1.539630E+00
      6236.00  1.543980E+00
      6238.00  1.554450E+00
      6240.00  1.570700E+00
      6242.00  1.580490E+00
      6244.00  1.584380E+00
      6246.00  1.585710E+00
      6248.00  1.585010E+00
      6250.00  1.581730E+00
      6252.00  1.586540E+00
      6254.00  1.600260E+00
      6256.00  1.608300E+00
      6258.00  1.614940E+00
      6260.00  1.617900E+00
      6262.00  1.615250E+00
      6264.00  1.608560E+00
      6266.00  1.602770E+00
      6268.00  1.592540E+00
      6270.00  1.589850E+00
      6272.00  1.591170E+00
      6274.00  1.596550E+00
      6276.00  1.608810E+00
      6278.00  1.623540E+00
      6280.00  1.629020E+00
      6282.00  1.628310E+00
      6284.00  1.627510E+00
      6286.00  1.624600E+00
      6288.00  1.620040E+00
      6290.00  1.610780E+00
      6292.00  1.602660E+00
      6294.00  1.605510E+00
      6296.00  1.617710E+00
      6298.00  1.624560E+00
      6300.00  1.639340E+00
      6302.00  1.636000E+00
      6304.00  1.610260E+00
      6306.00  1.577730E+00
      6308.00  1.549880E+00
      6310.00  1.520160E+00
      6312.00  1.502430E+00
      6314.00  1.498590E+00
      6316.00  1.488020E+00
      6318.00  1.469620E+00
      6320.00  1.455380E+00
      6322.00  1.454130E+00
      6324.00  1.461020E+00
      6326.00  1.458530E+00
      6328.00  1.454970E+00
      6330.00  1.443170E+00
      6332.00  1.418160E+00
      6334.00  1.397720E+00
      6336.00  1.388970E+00
      6338.00  1.386350E+00
      6340.00  1.383580E+00
      6342.00  1.388510E+00
      6344.00  1.381420E+00
      6346.00  1.366020E+00
      6348.00  1.348390E+00
      6350.00  1.325020E+00
      6352.00  1.302380E+00
      6354.00  1.298060E+00
      6356.00  1.313140E+00
      6358.00  1.310590E+00
      6360.00  1.305620E+00
      6362.00  1.287290E+00
      6364.00  1.246270E+00
      6366.00  1.202490E+00
      6368.00  1.182610E+00
      6370.00  1.179800E+00
      6372.00  1.161670E+00
      6374.00  1.136320E+00
      6376.00  1.111060E+00
      6378.00  1.080930E+00
      6380.00  1.055040E+00
      6382.00  1.042960E+00
      6384.00  1.041040E+00
      6386.00  1.032780E+00
      6388.00  1.024340E+00
      6390.00  1.013840E+00
      6392.00  1.001890E+00
      6394.00  9.879260E-01
      6396.00  9.703980E-01
      6398.00  9.505070E-01
      6400.00  9.361980E-01
      6402.00  9.284950E-01
      6404.00  9.145660E-01
      6406.00  8.978250E-01
      6408.00  8.784950E-01
      6410.00  8.541900E-01
      6412.00  8.282830E-01
      6414.00  8.121400E-01
      6416.00  8.054850E-01
      6418.00  7.929000E-01
      6420.00  7.759670E-01
      6422.00  7.634290E-01
      6424.00  7.575960E-01
      6426.00  7.545920E-01
      6428.00  7.495960E-01
      6430.00  7.445110E-01
      6432.00  7.396310E-01
      6434.00  7.331820E-01
      6436.00  7.301800E-01
      6438.00  7.318100E-01
      6440.00  7.347490E-01
      6442.00  7.339000E-01
      6444.00  7.286460E-01
      6446.00  7.435050E-01
      6448.00  7.787160E-01
      6450.00  8.084550E-01
      6452.00  8.306010E-01
      6454.00  8.598890E-01
      6456.00  9.056090E-01
      6458.00  9.630680E-01
      6460.00  1.031140E+00
      6462.00  1.113440E+00
      6464.00  1.199490E+00
      6466.00  1.289970E+00
      6468.00  1.389310E+00
      6470.00  1.496430E+00
      6472.00  1.613170E+00
      6474.00  1.755560E+00
      6476.00  1.923190E+00
      6478.00  2.097830E+00
      6480.00  2.283970E+00
      6482.00  2.483860E+00
      6484.00  2.699110E+00
      6486.00  2.927530E+00
      6488.00  3.165430E+00
      6490.00  3.425500E+00
      6492.00  3.660870E+00
      6494.00  3.872640E+00
      6496.00  4.099080E+00
      6498.00  4.350730E+00
      6500.00  4.606370E+00
      6502.00  4.843310E+00
      6504.00  5.079400E+00
      6506.00  5.265800E+00
      6508.00  5.399120E+00
      6510.00  5.536740E+00
      6512.00  5.668810E+00
      6514.00  5.803700E+00
      6516.00  5.957390E+00
      6518.00  6.125780E+00
      6520.00  6.272050E+00
      6522.00  6.396770E+00
      6524.00  6.536920E+00
      6526.00  6.709890E+00
      6528.00  6.856900E+00
      6530.00  6.932310E+00
      6532.00  6.960990E+00
      6534.00  7.031450E+00
      6536.00  7.135370E+00
      6538.00  7.198380E+00
      6540.00  7.228420E+00
      6542.00  7.253670E+00
      6544.00  7.285460E+00
      6546.00  7.314810E+00
      6548.00  7.329620E+00
      6550.00  7.338860E+00
      6552.00  7.326570E+00
      6554.00  7.279840E+00
      6556.00  7.247900E+00
      6558.00  7.247270E+00
      6560.00  7.254680E+00
      6562.00  7.236830E+00
      6564.00  7.209540E+00
      6566.00  7.160750E+00
      6568.00  7.082250E+00
      6570.00  7.009110E+00
      6572.00  6.947060E+00
      6574.00  6.881310E+00
      6576.00  6.795950E+00
      6578.00  6.694470E+00
      6580.00  6.599920E+00
      6582.00  6.505480E+00
      6584.00  6.409250E+00
      6586.00  6.306560E+00
      6588.00  6.208620E+00
      6590.00  6.122760E+00
      6592.00  6.044420E+00
      6594.00  5.990320E+00
      6596.00  5.960550E+00
      6598.00  5.936740E+00
      6600.00  5.922230E+00
      6602.00  5.918210E+00
      6604.00  5.932320E+00
      6606.00  5.958380E+00
      6608.00  5.948100E+00
      6610.00  5.896370E+00
      6612.00  5.877340E+00
      6614.00  5.888660E+00
      6616.00  5.882770E+00
      6618.00  5.837260E+00
      6620.00  5.775360E+00
      6622.00  5.743420E+00
      6624.00  5.739090E+00
      6626.00  5.704570E+00
      6628.00  5.648010E+00
      6630.00  5.595810E+00
      6632.00  5.553670E+00
      6634.00  5.512310E+00
      6636.00  5.462250E+00
      6638.00  5.410390E+00
      6640.00  5.341240E+00
      6642.00  5.247550E+00
      6644.00  5.165440E+00
      6646.00  5.102720E+00
      6648.00  5.037210E+00
      6650.00  4.946230E+00
      6652.00  4.837380E+00
      6654.00  4.731540E+00
      6656.00  4.620970E+00
      6658.00  4.508480E+00
      6660.00  4.391190E+00
      6662.00  4.274820E+00
      6664.00  4.162310E+00
      6666.00  4.051860E+00
      6668.00  3.953420E+00
      6670.00  3.867540E+00
      6672.00  3.781400E+00
      6674.00  3.703420E+00
      6676.00  3.619570E+00
      6678.00  3.522390E+00
      6680.00  3.417090E+00
      6682.00  3.312340E+00
      6684.00  3.194030E+00
      6686.00  3.099130E+00
      6688.00  3.022410E+00
      6690.00  2.948860E+00
      6692.00  2.873040E+00
      6694.00  2.801250E+00
      6696.00  2.743700E+00
      6698.00  2.702680E+00
      6700.00  2.652410E+00
      6702.00  2.601670E+00
      6704.00  2.547880E+00
      6706.00  2.489330E+00
      6708.00  2.429330E+00
      6710.00  2.372190E+00
      6712.00  2.314840E+00
      6714.00  2.264570E+00
      6716.00  2.216610E+00
      6718.00  2.178350E+00
      6720.00  2.154690E+00
      6722.00  2.133170E+00
      6724.00  2.100690E+00
      6726.00  2.061640E+00
      6728.00  2.034230E+00
      6730.00  2.022020E+00
      6732.00  1.994630E+00
      6734.00  1.952670E+00
      6736.00  1.908100E+00
      6738.00  1.864920E+00
      6740.00  1.821020E+00
      6742.00  1.792970E+00
      6744.00  1.785540E+00
      6746.00  1.764040E+00
      6748.00  1.733290E+00
      6750.00  1.703380E+00
      6752.00  1.677930E+00
      6754.00  1.654260E+00
      6756.00  1.630030E+00
      6758.00  1.608310E+00
      6760.00  1.581310E+00
      6762.00  1.547180E+00
      6764.00  1.517490E+00
      6766.00  1.492800E+00
      6768.00  1.473280E+00
      6770.00  1.464350E+00
      6772.00  1.469430E+00
      6774.00  1.463230E+00
      6776.00  1.450510E+00
      6778.00  1.440270E+00
      6780.00  1.434280E+00
      6782.00  1.428200E+00
      6784.00  1.418170E+00
      6786.00  1.407210E+00
      6788.00  1.386070E+00
      6790.00  1.348500E+00
      6792.00  1.322840E+00
      6794.00  1.306800E+00
      6796.00  1.297170E+00
      6798.00  1.294620E+00
      6800.00  1.299810E+00
      6802.00  1.297080E+00
      6804.00  1.292740E+00
      6806.00  1.283520E+00
      6808.00  1.267420E+00
      6810.00  1.251080E+00
      6812.00  1.237320E+00
      6814.00  1.224620E+00
      6816.00  1.215860E+00
      6818.00  1.215980E+00
      6820.00  1.205110E+00
      6822.00  1.184850E+00
      6824.00  1.165290E+00
      6826.00  1.146880E+00
      6828.00  1.130720E+00
      6830.00  1.127640E+00
      6832.00  1.140850E+00
      6834.00  1.142660E+00
      6836.00  1.141750E+00
      6838.00  1.137200E+00
      6840.00  1.128460E+00
      6842.00  1.116480E+00
      6844.00  1.102050E+00
      6846.00  1.081560E+00
      6848.00  1.071610E+00
      6850.00  1.069990E+00
      6852.00  1.067770E+00
      6854.00  1.069600E+00
      6856.00  1.067060E+00
      6858.00  1.047040E+00
      6860.00  1.011410E+00
      6862.00  9.928180E-01
      6864.00  9.778200E-01
      6866.00  9.750240E-01
      6868.00  9.899370E-01
      6870.00  1.006450E+00
      6872.00  1.014660E+00
      6874.00  1.019890E+00
      6876.00  1.012490E+00
      6878.00  9.896130E-01
      6880.00  9.712340E-01
      6882.00  9.509680E-01
      6884.00  9.334940E-01
      6886.00  9.211310E-01
      6888.00  9.124100E-01
      6890.00  9.066750E-01
      6892.00  9.062810E-01
      6894.00  9.040920E-01
      6896.00  9.038140E-01
      6898.00  9.009700E-01
      6900.00  8.926940E-01
      6902.00  8.827440E-01
      6904.00  8.792630E-01
      6906.00  8.806420E-01
      6908.00  8.805890E-01
      6910.00  8.814850E-01
      6912.00  8.820110E-01
      6914.00  8.804740E-01
      6916.00  8.801280E-01
      6918.00  8.867990E-01
      6920.00  9.011590E-01
      6922.00  9.054040E-01
      6924.00  9.013100E-01
      6926.00  9.006270E-01
      6928.00  9.022750E-01
      6930.00  9.059950E-01
      6932.00  9.129190E-01
      6934.00  9.229440E-01
      6936.00  9.315910E-01
      6938.00  9.404080E-01
      6940.00  9.492030E-01
      6942.00  9.615080E-01
      6944.00  9.688610E-01
      6946.00  9.629040E-01
      6948.00  9.480940E-01
      6950.00  9.488150E-01
      6952.00  9.603890E-01
      6954.00  9.702620E-01
      6956.00  9.847950E-01
      6958.00  9.955350E-01
      6960.00  9.968770E-01
      6962.00  9.939820E-01
      6964.00  1.000610E+00
      6966.00  1.016120E+00
      6968.00  1.024900E+00
      6970.00  1.031800E+00
      6972.00  1.036280E+00
      6974.00  1.035260E+00
      6976.00  1.033830E+00
      6978.00  1.044190E+00
      6980.00  1.068050E+00
      6982.00  1.075950E+00
      6984.00  1.073300E+00
      6986.00  1.070980E+00
      6988.00  1.066680E+00
      6990.00  1.064150E+00
      6992.00  1.070960E+00
      6994.00  1.085890E+00
      6996.00  1.095370E+00
      6998.00  1.104550E+00
      7000.00  1.111020E+00
      7002.00  1.113330E+00
      7004.00  1.115500E+00
      7006.00  1.121130E+00
      7008.00  1.128730E+00
      7010.00  1.134760E+00
      7012.00  1.140900E+00
      7014.00  1.145550E+00
      7016.00  1.147020E+00
      7018.00  1.150320E+00
      7020.00  1.160480E+00
      7022.00  1.174080E+00
      7024.00  1.174270E+00
      7026.00  1.160770E+00
      7028.00  1.154360E+00
      7030.00  1.148370E+00
      7032.00  1.145670E+00
      7034.00  1.147890E+00
      7036.00  1.153350E+00
      7038.00  1.158510E+00
      7040.00  1.162940E+00
      7042.00  1.173340E+00
      7044.00  1.193770E+00
      7046.00  1.207020E+00
      7048.00  1.209080E+00
      7050.00  1.206370E+00
      7052.00  1.205850E+00
      7054.00  1.203000E+00
      7056.00  1.206400E+00
      7058.00  1.213710E+00
      7060.00  1.223880E+00
      7062.00  1.242010E+00
      7064.00  1.257530E+00
      7066.00  1.256710E+00
      7068.00  1.243380E+00
      7070.00  1.235970E+00
      7072.00  1.226850E+00
      7074.00  1.220990E+00
      7076.00  1.218060E+00
      7078.00  1.217030E+00
      7080.00  1.218180E+00
      7082.00  1.221590E+00
      7084.00  1.220600E+00
      7086.00  1.215300E+00
      7088.00  1.212790E+00
      7090.00  1.211950E+00
      7092.00  1.211560E+00
      7094.00  1.211910E+00
      7096.00  1.212520E+00
      7098.00  1.209100E+00
      7100.00  1.202770E+00
      7102.00  1.194960E+00
      7104.00  1.186920E+00
      7106.00  1.174120E+00
      7108.00  1.151140E+00
      7110.00  1.125610E+00
      7112.00  1.116500E+00
      7114.00  1.118800E+00
      7116.00  1.123140E+00
      7118.00  1.140100E+00
      7120.00  1.147470E+00
      7122.00  1.137210E+00
      7124.00  1.124910E+00
      7126.00  1.132890E+00
      7128.00  1.158530E+00
      7130.00  1.163940E+00
      7132.00  1.157350E+00
      7134.00  1.150290E+00
      7136.00  1.140400E+00
      7138.00  1.130290E+00
      7140.00  1.122750E+00
      7142.00  1.115680E+00
      7144.00  1.117570E+00
      7146.00  1.128140E+00
      7148.00  1.139370E+00
      7150.00  1.153910E+00
      7152.00  1.168860E+00
      7154.00  1.181730E+00
      7156.00  1.193850E+00
      7158.00  1.208650E+00
      7160.00  1.225200E+00
      7162.00  1.242610E+00
      7164.00  1.266470E+00
      7166.00  1.282760E+00
      7168.00  1.283270E+00
      7170.00  1.275240E+00
      7172.00  1.276250E+00
      7174.00  1.279270E+00
      7176.00  1.286220E+00
      7178.00  1.297620E+00
      7180.00  1.310450E+00
      7182.00  1.322860E+00
      7184.00  1.337620E+00
      7186.00  1.360450E+00
      7188.00  1.392930E+00
      7190.00  1.417840E+00
      7192.00  1.442450E+00
      7194.00  1.461040E+00
      7196.00  1.470700E+00
      7198.00  1.477700E+00
      7200.00  1.489630E+00
      7202.00  1.503140E+00
      7204.00  1.518840E+00
      7206.00  1.535710E+00
      7208.00  1.556290E+00
      7210.00  1.581780E+00
      7212.00  1.608700E+00
      7214.00  1.634920E+00
      7216.00  1.661890E+00
      7218.00  1.683070E+00
      7220.00  1.701920E+00
      7222.00  1.714430E+00
      7224.00  1.721620E+00
      7226.00  1.723000E+00
      7228.00  1.715960E+00
      7230.00  1.702450E+00
      7232.00  1.697720E+00
      7234.00  1.698520E+00
      7236.00  1.697680E+00
      7238.00  1.693160E+00
      7240.00  1.695530E+00
      7242.00  1.710580E+00
      7244.00  1.732220E+00
      7246.00  1.746810E+00
      7248.00  1.756480E+00
      7250.00  1.772510E+00
      7252.00  1.795020E+00
      7254.00  1.814020E+00
      7256.00  1.829730E+00
      7258.00  1.841260E+00
      7260.00  1.842220E+00
      7262.00  1.825970E+00
      7264.00  1.838490E+00
      7266.00  1.877450E+00
      7268.00  1.906940E+00
      7270.00  1.922450E+00
      7272.00  1.938640E+00
      7274.00  1.969840E+00
      7276.00  2.012170E+00
      7278.00  2.045880E+00
      7280.00  2.083610E+00
      7282.00  2.106090E+00
      7284.00  2.106690E+00
      7286.00  2.107870E+00
      7288.00  2.128620E+00
      7290.00  2.160530E+00
      7292.00  2.172020E+00
      7294.00  2.162670E+00
      7296.00  2.168850E+00
      7298.00  2.184310E+00
      7300.00  2.204090E+00
      7302.00  2.230760E+00
      7304.00  2.261130E+00
      7306.00  2.270210E+00
      7308.00  2.258310E+00
      7310.00  2.254690E+00
      7312.00  2.249790E+00
      7314.00  2.246780E+00
      7316.00  2.247830E+00
      7318.00  2.250110E+00
      7320.00  2.247700E+00
      7322.00  2.246050E+00
      7324.00  2.232160E+00
      7326.00  2.205050E+00
      7328.00  2.178940E+00
      7330.00  2.152660E+00
      7332.00  2.128290E+00
      7334.00  2.113140E+00
      7336.00  2.107300E+00
      7338.00  2.093170E+00
      7340.00  2.076930E+00
      7342.00  2.056800E+00
      7344.00  2.030300E+00
      7346.00  2.003240E+00
      7348.00  1.982380E+00
      7350.00  1.965870E+00
      7352.00  1.940740E+00
      7354.00  1.912710E+00
      7356.00  1.877350E+00
      7358.00  1.830210E+00
      7360.00  1.783940E+00
      7362.00  1.744990E+00
      7364.00  1.709920E+00
      7366.00  1.687370E+00
      7368.00  1.681530E+00
      7370.00  1.668800E+00
      7372.00  1.655300E+00
      7374.00  1.640250E+00
      7376.00  1.620210E+00
      7378.00  1.599010E+00
      7380.00  1.592540E+00
      7382.00  1.600930E+00
      7384.00  1.603270E+00
      7386.00  1.612170E+00
      7388.00  1.609910E+00
      7390.00  1.590340E+00
      7392.00  1.561780E+00
      7394.00  1.535940E+00
      7396.00  1.503730E+00
      7398.00  1.485130E+00
      7400.00  1.476610E+00
      7402.00  1.470430E+00
      7404.00  1.467600E+00
      7406.00  1.466710E+00
      7408.00  1.465260E+00
      7410.00  1.466050E+00
      7412.00  1.457820E+00
      7414.00  1.438900E+00
      7416.00  1.425510E+00
      7418.00  1.417670E+00
      7420.00  1.410710E+00
      7422.00  1.402120E+00
      7424.00  1.393400E+00
      7426.00  1.380280E+00
      7428.00  1.362020E+00
      7430.00  1.345550E+00
      7432.00  1.328190E+00
      7434.00  1.313130E+00
      7436.00  1.302090E+00
      7438.00  1.294120E+00
      7440.00  1.289650E+00
      7442.00  1.291770E+00
      7444.00  1.289710E+00
      7446.00  1.286730E+00
      7448.00  1.281820E+00
      7450.00  1.274900E+00
      7452.00  1.265900E+00
      7454.00  1.253660E+00
      7456.00  1.238220E+00
      7458.00  1.221070E+00
      7460.00  1.197720E+00
      7462.00  1.179590E+00
      7464.00  1.169760E+00
      7466.00  1.163370E+00
      7468.00  1.154840E+00
      7470.00  1.148980E+00
      7472.00  1.133130E+00
      7474.00  1.104210E+00
      7476.00  1.083140E+00
      7478.00  1.073010E+00
      7480.00  1.064400E+00
      7482.00  1.048450E+00
      7484.00  1.028640E+00
      7486.00  1.008420E+00
      7488.00  9.840350E-01
      7490.00  9.636390E-01
      7492.00  9.463520E-01
      7494.00  9.313390E-01
      7496.00  9.170780E-01
      7498.00  9.039110E-01
      7500.00  9.029950E-01
      7502.00  9.244840E-01
      7504.00  9.231910E-01
      7506.00  9.029730E-01
      7508.00  8.797510E-01
      7510.00  8.579390E-01
      7512.00  8.355810E-01
      7514.00  8.239430E-01
      7516.00  8.261660E-01
      7518.00  8.180440E-01
      7520.00  8.053780E-01
      7522.00  7.912010E-01
      7524.00  7.749810E-01
      7526.00  7.579620E-01
      7528.00  7.452450E-01
      7530.00  7.349780E-01
      7532.00  7.267350E-01
      7534.00  7.204240E-01
      7536.00  7.166820E-01
      7538.00  7.197630E-01
      7540.00  7.216340E-01
      7542.00  7.083680E-01
      7544.00  6.824350E-01
      7546.00  6.623290E-01
      7548.00  6.388740E-01
      7550.00  6.220460E-01
      7552.00  6.137050E-01
      7554.00  6.077030E-01
      7556.00  5.983470E-01
      7558.00  5.877990E-01
      7560.00  5.805870E-01
      7562.00  5.764460E-01
      7564.00  5.714930E-01
      7566.00  5.670600E-01
      7568.00  5.615950E-01
      7570.00  5.536160E-01
      7572.00  5.438860E-01
      7574.00  5.354380E-01
      7576.00  5.214660E-01
      7578.00  5.208150E-01
      7580.00  5.370350E-01
      7582.00  5.488670E-01
      7584.00  5.469330E-01
      7586.00  5.383950E-01
      7588.00  5.334660E-01
      7590.00  5.242440E-01
      7592.00  5.251740E-01
      7594.00  5.330670E-01
      7596.00  5.448640E-01
      7598.00  5.622710E-01
      7600.00  5.821520E-01
      7602.00  5.957540E-01
      7604.00  6.049130E-01
      7606.00  6.167240E-01
      7608.00  6.276170E-01
      7610.00  6.416200E-01
      7612.00  6.641500E-01
      7614.00  6.841510E-01
      7616.00  6.850580E-01
      7618.00  6.693190E-01
      7620.00  6.669810E-01
      7622.00  6.583220E-01
      7624.00  6.741170E-01
      7626.00  7.263110E-01
      7628.00  7.793180E-01
      7630.00  8.025620E-01
      7632.00  8.092870E-01
      7634.00  8.187750E-01
      7636.00  8.170670E-01
      7638.00  8.280140E-01
      7640.00  8.527260E-01
      7642.00  8.766350E-01
      7644.00  8.934220E-01
      7646.00  9.064840E-01
      7648.00  9.104370E-01
      7650.00  8.972470E-01
      7652.00  8.998760E-01
      7654.00  9.111510E-01
      7656.00  9.268830E-01
      7658.00  9.475500E-01
      7660.00  9.718340E-01
      7662.00  9.923460E-01
      7664.00  1.014850E+00
      7666.00  1.028180E+00
      7668.00  1.031900E+00
      7670.00  1.036730E+00
      7672.00  1.042730E+00
      7674.00  1.050400E+00
      7676.00  1.064600E+00
      7678.00  1.087210E+00
      7680.00  1.099360E+00
      7682.00  1.102770E+00
      7684.00  1.109860E+00
      7686.00  1.120850E+00
      7688.00  1.133570E+00
      7690.00  1.147750E+00
      7692.00  1.164970E+00
      7694.00  1.173870E+00
      7696.00  1.174830E+00
      7698.00  1.178180E+00
      7700.00  1.182470E+00
      7702.00  1.187450E+00
      7704.00  1.192340E+00
      7706.00  1.197150E+00
      7708.00  1.211270E+00
      7710.00  1.239510E+00
      7712.00  1.255940E+00
      7714.00  1.264570E+00
      7716.00  1.269870E+00
      7718.00  1.270320E+00
      7720.00  1.267970E+00
      7722.00  1.281540E+00
      7724.00  1.317700E+00
      7726.00  1.331380E+00
      7728.00  1.325300E+00
      7730.00  1.326890E+00
      7732.00  1.349210E+00
      7734.00  1.376800E+00
      7736.00  1.379200E+00
      7738.00  1.357250E+00
      7740.00  1.354640E+00
      7742.00  1.359020E+00
      7744.00  1.367640E+00
      7746.00  1.386630E+00
      7748.00  1.404500E+00
      7750.00  1.400310E+00
      7752.00  1.377910E+00
      7754.00  1.364020E+00
      7756.00  1.338910E+00
      7758.00  1.336460E+00
      7760.00  1.366730E+00
      7762.00  1.400910E+00
      7764.00  1.410890E+00
      7766.00  1.407270E+00
      7768.00  1.412340E+00
      7770.00  1.418130E+00
      7772.00  1.426500E+00
      7774.00  1.440030E+00
      7776.00  1.451740E+00
      7778.00  1.457740E+00
      7780.00  1.460090E+00
      7782.00  1.455460E+00
      7784.00  1.447940E+00
      7786.00  1.427940E+00
      7788.00  1.387330E+00
      7790.00  1.353320E+00
      7792.00  1.339760E+00
      7794.00  1.335500E+00
      7796.00  1.318410E+00
      7798.00  1.287130E+00
      7800.00  1.274570E+00
      7802.00  1.278010E+00
      7804.00  1.277940E+00
      7806.00  1.270810E+00
      7808.00  1.260290E+00
      7810.00  1.246460E+00
      7812.00  1.223770E+00
      7814.00  1.216550E+00
      7816.00  1.224580E+00
      7818.00  1.226580E+00
      7820.00  1.220500E+00
      7822.00  1.211830E+00
      7824.00  1.205090E+00
      7826.00  1.199170E+00
      7828.00  1.188750E+00
      7830.00  1.171560E+00
      7832.00  1.159800E+00
      7834.00  1.154230E+00
      7836.00  1.149790E+00
      7838.00  1.142040E+00
      7840.00  1.132480E+00
      7842.00  1.129700E+00
      7844.00  1.136600E+00
      7846.00  1.134720E+00
      7848.00  1.124970E+00
      7850.00  1.114170E+00
      7852.00  1.105530E+00
      7854.00  1.097260E+00
      7856.00  1.089160E+00
      7858.00  1.083530E+00
      7860.00  1.072940E+00
      7862.00  1.055500E+00
      7864.00  1.041450E+00
      7866.00  1.035120E+00
      7868.00  1.032540E+00
      7870.00  1.027180E+00
      7872.00  1.022530E+00
      7874.00  1.014740E+00
      7876.00  1.001640E+00
      7878.00  9.926050E-01
      7880.00  9.905350E-01
      7882.00  9.908610E-01
      7884.00  9.871930E-01
      7886.00  9.812750E-01
      7888.00  9.771440E-01
      7890.00  9.752060E-01
      7892.00  9.705120E-01
      7894.00  9.595640E-01
      7896.00  9.502870E-01
      7898.00  9.516210E-01
      7900.00  9.597350E-01
      7902.00  9.738220E-01
      7904.00  1.003810E+00
      7906.00  1.019730E+00
      7908.00  1.024650E+00
      7910.00  1.021830E+00
      7912.00  1.009940E+00
      7914.00  9.887880E-01
      7916.00  9.787940E-01
      7918.00  9.737350E-01
      7920.00  9.712040E-01
      7922.00  9.738680E-01
      7924.00  9.763190E-01
      7926.00  9.760490E-01
      7928.00  9.745860E-01
      7930.00  9.723750E-01
      7932.00  9.697260E-01
      7934.00  9.650660E-01
      7936.00  9.547740E-01
      7938.00  9.498710E-01
      7940.00  9.558300E-01
      7942.00  9.661830E-01
      7944.00  9.682010E-01
      7946.00  9.663980E-01
      7948.00  9.622100E-01
      7950.00  9.544620E-01
      7952.00  9.452660E-01
      7954.00  9.320340E-01
      7956.00  9.196150E-01
      7958.00  9.169000E-01
      7960.00  9.214570E-01
      7962.00  9.264510E-01
      7964.00  9.405450E-01
      7966.00  9.441800E-01
      7968.00  9.334560E-01
      7970.00  9.207680E-01
      7972.00  9.173930E-01
      7974.00  9.186220E-01
      7976.00  9.201860E-01
      7978.00  9.265870E-01
      7980.00  9.281120E-01
      7982.00  9.241450E-01
      7984.00  9.202150E-01
      7986.00  9.199980E-01
      7988.00  9.216040E-01
      7990.00  9.211350E-01
      7992.00  9.202840E-01
      7994.00  9.179380E-01
      7996.00  9.120930E-01
      7998.00  9.086500E-01
      8000.00  9.101130E-01
      8002.00  9.146780E-01
      8004.00  9.205150E-01
      8006.00  9.349850E-01
      8008.00  9.349700E-01
      8010.00  9.192830E-01
      8012.00  9.101730E-01
      8014.00  9.117440E-01
      8016.00  9.198350E-01
      8018.00  9.347090E-01
      8020.00  9.651150E-01
      8022.00  9.722660E-01
      8024.00  9.582230E-01
      8026.00  9.518470E-01
      8028.00  9.548490E-01
      8030.00  9.620390E-01
      8032.00  9.722460E-01
      8034.00  9.894380E-01
      8036.00  9.915240E-01
      8038.00  9.783780E-01
      8040.00  9.720530E-01
      8042.00  9.705520E-01
      8044.00  9.723660E-01
      8046.00  9.779780E-01
      8048.00  9.873940E-01
      8050.00  9.974150E-01
      8052.00  1.014460E+00
      8054.00  1.021500E+00
      8056.00  1.022260E+00
      8058.00  1.015840E+00
      8060.00  9.989080E-01
      8062.00  9.737040E-01
      8064.00  9.572950E-01
      8066.00  9.408400E-01
      8068.00  9.336790E-01
      8070.00  9.367670E-01
      8072.00  9.410550E-01
      8074.00  9.461390E-01
      8076.00  9.509410E-01
      8078.00  9.442960E-01
      8080.00  9.253110E-01
      8082.00  9.127320E-01
      8084.00  8.985890E-01
      8086.00  8.894600E-01
      8088.00  8.894330E-01
      8090.00  8.917490E-01
      8092.00  8.841960E-01
      8094.00  8.678660E-01
      8096.00  8.612390E-01
      8098.00  8.587120E-01
      8100.00  8.597810E-01
      8102.00  8.708880E-01
      8104.00  8.787490E-01
      8106.00  8.646440E-01
      8108.00  8.320930E-01
      8110.00  8.169460E-01
      8112.00  8.102560E-01
      8114.00  8.035740E-01
      8116.00  8.015270E-01
      8118.00  7.962590E-01
      8120.00  7.779500E-01
      8122.00  7.501220E-01
      8124.00  7.439250E-01
      8126.00  7.589050E-01
      8128.00  7.622560E-01
      8130.00  7.592140E-01
      8132.00  7.547900E-01
      8134.00  7.504490E-01
      8136.00  7.454230E-01
      8138.00  7.415310E-01
      8140.00  7.393530E-01
      8142.00  7.347510E-01
      8144.00  7.272520E-01
      8146.00  7.213010E-01
      8148.00  7.195260E-01
      8150.00  7.187200E-01
      8152.00  7.115810E-01
      8154.00  6.963430E-01
      8156.00  6.912010E-01
      8158.00  6.922910E-01
      8160.00  6.948240E-01
      8162.00  6.990360E-01
      8164.00  7.044650E-01
      8166.00  7.092150E-01
      8168.00  7.139510E-01
      8170.00  7.193100E-01
      8172.00  7.211980E-01
      8174.00  7.313200E-01
      8176.00  7.542930E-01
      8178.00  7.778310E-01
      8180.00  7.896540E-01
      8182.00  7.945450E-01
      8184.00  8.002600E-01
      8186.00  8.020640E-01
      8188.00  8.067820E-01
      8190.00  8.151260E-01
      8192.00  8.225720E-01
      8194.00  8.255940E-01
      8196.00  8.259530E-01
      8198.00  8.304230E-01
      8200.00  8.398960E-01
      8202.00  8.437840E-01
      8204.00  8.391090E-01
      8206.00  8.402070E-01
      8208.00  8.555100E-01
      8210.00  8.779760E-01
      8212.00  8.901200E-01
      8214.00  9.014130E-01
      8216.00  9.012920E-01
      8218.00  8.877360E-01
      8220.00  8.749760E-01
      8222.00  8.602100E-01
      8224.00  8.496380E-01
      8226.00  8.663080E-01
      8228.00  9.183470E-01
      8230.00  9.310910E-01
      8232.00  9.168220E-01
      8234.00  9.067700E-01
      8236.00  8.994070E-01
      8238.00  8.959150E-01
      8240.00  9.054390E-01
      8242.00  9.297120E-01
      8244.00  9.333070E-01
      8246.00  9.267700E-01
      8248.00  9.126050E-01
      8250.00  8.852010E-01
      8252.00  8.564670E-01
      8254.00  8.370870E-01
      8256.00  8.219710E-01
      8258.00  8.115170E-01
      8260.00  8.107030E-01
      8262.00  8.032610E-01
      8264.00  7.897590E-01
      8266.00  7.766520E-01
      8268.00  7.668240E-01
      8270.00  7.587090E-01
      8272.00  7.538470E-01
      8274.00  7.584930E-01
      8276.00  7.501530E-01
      8278.00  7.336150E-01
      8280.00  7.117920E-01
      8282.00  6.811170E-01
      8284.00  6.467630E-01
      8286.00  6.303260E-01
      8288.00  6.317220E-01
      8290.00  6.215600E-01
      8292.00  6.074900E-01
      8294.00  5.928180E-01
      8296.00  5.769610E-01
      8298.00  5.611550E-01
      8300.00  5.492850E-01
      8302.00  5.417610E-01
      8304.00  5.291080E-01
      8306.00  5.142930E-01
      8308.00  4.972840E-01
      8310.00  4.763680E-01
      8312.00  4.550890E-01
      8314.00  4.364690E-01
      8316.00  4.167710E-01
      8318.00  4.141570E-01
      8320.00  4.358240E-01
      8322.00  4.412070E-01
      8324.00  4.292820E-01
      8326.00  4.161360E-01
      8328.00  4.130510E-01
      8330.00  4.148940E-01
      8332.00  4.116810E-01
      8334.00  4.061160E-01
      8336.00  4.004470E-01
      8338.00  3.940320E-01
      8340.00  3.872510E-01
      8342.00  3.795050E-01
      8344.00  3.714200E-01
      8346.00  3.679620E-01
      8348.00  3.673930E-01
      8350.00  3.695670E-01
      8352.00  3.773360E-01
      8354.00  3.830980E-01
      8356.00  3.834550E-01
      8358.00  3.822130E-01
      8360.00  3.862940E-01
      8362.00  3.924170E-01
      8364.00  4.031190E-01
      8366.00  4.239710E-01
      8368.00  4.368260E-01
      8370.00  4.335750E-01
      8372.00  4.291540E-01
      8374.00  4.465060E-01
      8376.00  4.828100E-01
      8378.00  5.021550E-01
      8380.00  5.122360E-01
      8382.00  5.240510E-01
      8384.00  5.377000E-01
      8386.00  5.508380E-01
      8388.00  5.611990E-01
      8390.00  5.687260E-01
      8392.00  5.836920E-01
      8394.00  6.073060E-01
      8396.00  6.251300E-01
      8398.00  6.349090E-01
      8400.00  6.479290E-01
      8402.00  6.717110E-01
      8404.00  7.024200E-01
      8406.00  7.341790E-01
      8408.00  7.735990E-01
      8410.00  8.057320E-01
      8412.00  8.313700E-01
      8414.00  8.577490E-01
      8416.00  8.870510E-01
      8418.00  9.180690E-01
      8420.00  9.530150E-01
      8422.00  9.933210E-01
      8424.00  1.031310E+00
      8426.00  1.068910E+00
      8428.00  1.107070E+00
      8430.00  1.148920E+00
      8432.00  1.189480E+00
      8434.00  1.215310E+00
      8436.00  1.218150E+00
      8438.00  1.256450E+00
      8440.00  1.326010E+00
      8442.00  1.386690E+00
      8444.00  1.441230E+00
      8446.00  1.486450E+00
      8448.00  1.507990E+00
      8450.00  1.504290E+00
      8452.00  1.523140E+00
      8454.00  1.557660E+00
      8456.00  1.582120E+00
      8458.00  1.597880E+00
      8460.00  1.608690E+00
      8462.00  1.616530E+00
      8464.00  1.620800E+00
      8466.00  1.617210E+00
      8468.00  1.604400E+00
      8470.00  1.591240E+00
      8472.00  1.570150E+00
      8474.00  1.555520E+00
      8476.00  1.557310E+00
      8478.00  1.569780E+00
      8480.00  1.579860E+00
      8482.00  1.597600E+00
      8484.00  1.604980E+00
      8486.00  1.604070E+00
      8488.00  1.601800E+00
      8490.00  1.600820E+00
      8492.00  1.598870E+00
      8494.00  1.592570E+00
      8496.00  1.574230E+00
      8498.00  1.576690E+00
      8500.00  1.595480E+00
      8502.00  1.615480E+00
      8504.00  1.639830E+00
      8506.00  1.662000E+00
      8508.00  1.661310E+00
      8510.00  1.631940E+00
      8512.00  1.641330E+00
      8514.00  1.681840E+00
      8516.00  1.713890E+00
      8518.00  1.739680E+00
      8520.00  1.759470E+00
      8522.00  1.764960E+00
      8524.00  1.753210E+00
      8526.00  1.773130E+00
      8528.00  1.818220E+00
      8530.00  1.859430E+00
      8532.00  1.906670E+00
      8534.00  1.946720E+00
      8536.00  1.962540E+00
      8538.00  1.960210E+00
      8540.00  1.989100E+00
      8542.00  2.032200E+00
      8544.00  2.090150E+00
      8546.00  2.176990E+00
      8548.00  2.256920E+00
      8550.00  2.310990E+00
      8552.00  2.351210E+00
      8554.00  2.393260E+00
      8556.00  2.431940E+00
      8558.00  2.465870E+00
      8560.00  2.488410E+00
      8562.00  2.518520E+00
      8564.00  2.561450E+00
      8566.00  2.612550E+00
      8568.00  2.669870E+00
      8570.00  2.746140E+00
      8572.00  2.794000E+00
      8574.00  2.818110E+00
      8576.00  2.846280E+00
      8578.00  2.880600E+00
      8580.00  2.917500E+00
      8582.00  2.958350E+00
      8584.00  3.006290E+00
      8586.00  3.041450E+00
      8588.00  3.058270E+00
      8590.00  3.092290E+00
      8592.00  3.138460E+00
      8594.00  3.200900E+00
      8596.00  3.294570E+00
      8598.00  3.422010E+00
      8600.00  3.496470E+00
      8602.00  3.532970E+00
      8604.00  3.574120E+00
      8606.00  3.605520E+00
      8608.00  3.644290E+00
      8610.00  3.713020E+00
      8612.00  3.801220E+00
      8614.00  3.830120E+00
      8616.00  3.805470E+00
      8618.00  3.797360E+00
      8620.00  3.773610E+00
      8622.00  3.774110E+00
      8624.00  3.828100E+00
      8626.00  3.910450E+00
      8628.00  3.946800E+00
      8630.00  3.955350E+00
      8632.00  3.966690E+00
      8634.00  3.947590E+00
      8636.00  3.964630E+00
      8638.00  4.048400E+00
      8640.00  4.157900E+00
      8642.00  4.219890E+00
      8644.00  4.259120E+00
      8646.00  4.292010E+00
      8648.00  4.313180E+00
      8650.00  4.323600E+00
      8652.00  4.325120E+00
      8654.00  4.314050E+00
      8656.00  4.283240E+00
      8658.00  4.230430E+00
      8660.00  4.188350E+00
      8662.00  4.147550E+00
      8664.00  4.104880E+00
      8666.00  4.056100E+00
      8668.00  4.011510E+00
      8670.00  3.980970E+00
      8672.00  3.960480E+00
      8674.00  3.941760E+00
      8676.00  3.929590E+00
      8678.00  3.917610E+00
      8680.00  3.905870E+00
      8682.00  3.897280E+00
      8684.00  3.892180E+00
      8686.00  3.890510E+00
      8688.00  3.900070E+00
      8690.00  3.944560E+00
      8692.00  3.936570E+00
      8694.00  3.877630E+00
      8696.00  3.823590E+00
      8698.00  3.796980E+00
      8700.00  3.778570E+00
      8702.00  3.739960E+00
      8704.00  3.678450E+00
      8706.00  3.642540E+00
      8708.00  3.618410E+00
      8710.00  3.604060E+00
      8712.00  3.610580E+00
      8714.00  3.618600E+00
      8716.00  3.584320E+00
      8718.00  3.507350E+00
      8720.00  3.472720E+00
      8722.00  3.462450E+00
      8724.00  3.451370E+00
      8726.00  3.441460E+00
      8728.00  3.431550E+00
      8730.00  3.417390E+00
      8732.00  3.401880E+00
      8734.00  3.377350E+00
      8736.00  3.347360E+00
      8738.00  3.308620E+00
      8740.00  3.258080E+00
      8742.00  3.203860E+00
      8744.00  3.150180E+00
      8746.00  3.094120E+00
      8748.00  3.053010E+00
      8750.00  3.026110E+00
      8752.00  2.996880E+00
      8754.00  2.975200E+00
      8756.00  2.945180E+00
      8758.00  2.896780E+00
      8760.00  2.836660E+00
      8762.00  2.779760E+00
      8764.00  2.707080E+00
      8766.00  2.664290E+00
      8768.00  2.652830E+00
      8770.00  2.634450E+00
      8772.00  2.600650E+00
      8774.00  2.557660E+00
      8776.00  2.500460E+00
      8778.00  2.410840E+00
      8780.00  2.367960E+00
      8782.00  2.355790E+00
      8784.00  2.351490E+00
      8786.00  2.357870E+00
      8788.00  2.369380E+00
      8790.00  2.371370E+00
      8792.00  2.371620E+00
      8794.00  2.360650E+00
      8796.00  2.330150E+00
      8798.00  2.314040E+00
      8800.00  2.321650E+00
      8802.00  2.326720E+00
      8804.00  2.301520E+00
      8806.00  2.254450E+00
      8808.00  2.223420E+00
      8810.00  2.191370E+00
      8812.00  2.172620E+00
      8814.00  2.176200E+00
      8816.00  2.174870E+00
      8818.00  2.149870E+00
      8820.00  2.110690E+00
      8822.00  2.068400E+00
      8824.00  2.006510E+00
      8826.00  1.966320E+00
      8828.00  1.943690E+00
      8830.00  1.923970E+00
      8832.00  1.901110E+00
      8834.00  1.879330E+00
      8836.00  1.863070E+00
      8838.00  1.852330E+00
      8840.00  1.841620E+00
      8842.00  1.839550E+00
      8844.00  1.826920E+00
      8846.00  1.794320E+00
      8848.00  1.754380E+00
      8850.00  1.730720E+00
      8852.00  1.717530E+00
      8854.00  1.700270E+00
      8856.00  1.685800E+00
      8858.00  1.667210E+00
      8860.00  1.640630E+00
      8862.00  1.613930E+00
      8864.00  1.598230E+00
      8866.00  1.590980E+00
      8868.00  1.579110E+00
      8870.00  1.567720E+00
      8872.00  1.554040E+00
      8874.00  1.538520E+00
      8876.00  1.520870E+00
      8878.00  1.501430E+00
      8880.00  1.480710E+00
      8882.00  1.450200E+00
      8884.00  1.402280E+00
      8886.00  1.370230E+00
      8888.00  1.350880E+00
      8890.00  1.336330E+00
      8892.00  1.322880E+00
      8894.00  1.312560E+00
      8896.00  1.306160E+00
      8898.00  1.313380E+00
      8900.00  1.301240E+00
      8902.00  1.272630E+00
      8904.00  1.242410E+00
      8906.00  1.211650E+00
      8908.00  1.181620E+00
      8910.00  1.169880E+00
      8912.00  1.180640E+00
      8914.00  1.174800E+00
      8916.00  1.160390E+00
      8918.00  1.147720E+00
      8920.00  1.141010E+00
      8922.00  1.133750E+00
      8924.00  1.114210E+00
      8926.00  1.078250E+00
      8928.00  1.067480E+00
      8930.00  1.080020E+00
      8932.00  1.083190E+00
      8934.00  1.075750E+00
      8936.00  1.063900E+00
      8938.00  1.050230E+00
      8940.00  1.032100E+00
      8942.00  1.020460E+00
      8944.00  1.011920E+00
      8946.00  1.005960E+00
      8948.00  1.002280E+00
      8950.00  1.001750E+00
      8952.00  1.006990E+00
      8954.00  1.017620E+00
      8956.00  1.015630E+00
      8958.00  9.997260E-01
      8960.00  9.937230E-01
      8962.00  9.991170E-01
      8964.00  9.993000E-01
      8966.00  9.819430E-01
      8968.00  9.557650E-01
      8970.00  9.518320E-01
      8972.00  9.669910E-01
      8974.00  9.746450E-01
      8976.00  9.854920E-01
      8978.00  9.906010E-01
      8980.00  9.838840E-01
      8982.00  9.726500E-01
      8984.00  9.741330E-01
      8986.00  9.841490E-01
      8988.00  9.934290E-01
      8990.00  1.014740E+00
      8992.00  1.019680E+00
      8994.00  9.956610E-01
      8996.00  9.652940E-01
      8998.00  9.624320E-01
      9000.00  9.777530E-01
      9002.00  9.871890E-01
      9004.00  1.002340E+00
      9006.00  1.011200E+00
      9008.00  1.010830E+00
      9010.00  1.009680E+00
      9012.00  1.018220E+00
      9014.00  1.035310E+00
      9016.00  1.028680E+00
      9018.00  9.992700E-01
      9020.00  9.773810E-01
      9022.00  9.570730E-01
      9024.00  9.404790E-01
      9026.00  9.313750E-01
      9028.00  9.280090E-01
      9030.00  9.205480E-01
      9032.00  9.115970E-01
      9034.00  9.037230E-01
      9036.00  8.968360E-01
      9038.00  8.896070E-01
      9040.00  8.814380E-01
      9042.00  8.727570E-01
      9044.00  8.641460E-01
      9046.00  8.529140E-01
      9048.00  8.474620E-01
      9050.00  8.487470E-01
      9052.00  8.473100E-01
      9054.00  8.392660E-01
      9056.00  8.295850E-01
      9058.00  8.267760E-01
      9060.00  8.288130E-01
      9062.00  8.302370E-01
      9064.00  8.316100E-01
      9066.00  8.361630E-01
      9068.00  8.476940E-01
      9070.00  8.586700E-01
      9072.00  8.570890E-01
      9074.00  8.440320E-01
      9076.00  8.436430E-01
      9078.00  8.546500E-01
      9080.00  8.574480E-01
      9082.00  8.482330E-01
      9084.00  8.403710E-01
      9086.00  8.467480E-01
      9088.00  8.631070E-01
      9090.00  8.678600E-01
      9092.00  8.641540E-01
      9094.00  8.648890E-01
      9096.00  8.724330E-01
      9098.00  8.749860E-01
      9100.00  8.618740E-01
      9102.00  8.393160E-01
      9104.00  8.383500E-01
      9106.00  8.606870E-01
      9108.00  8.647420E-01
      9110.00  8.494770E-01
      9112.00  8.457630E-01
      9114.00  8.701840E-01
      9116.00  9.071340E-01
      9118.00  9.214590E-01
      9120.00  9.265930E-01
      9122.00  9.212030E-01
      9124.00  8.978530E-01
      9126.00  8.784780E-01
      9128.00  8.649770E-01
      9130.00  8.558240E-01
      9132.00  8.564020E-01
      9134.00  8.723690E-01
      9136.00  8.670990E-01
      9138.00  8.420120E-01
      9140.00  8.265110E-01
      9142.00  8.243340E-01
      9144.00  8.246520E-01
      9146.00  8.159150E-01
      9148.00  7.994030E-01
      9150.00  8.019900E-01
      9152.00  8.293270E-01
      9154.00  8.371060E-01
      9156.00  8.268910E-01
      9158.00  8.092940E-01
      9160.00  7.877850E-01
      9162.00  7.594490E-01
      9164.00  7.472860E-01
      9166.00  7.440640E-01
      9168.00  7.479450E-01
      9170.00  7.638860E-01
      9172.00  7.804220E-01
      9174.00  7.915850E-01
      9176.00  8.009980E-01
      9178.00  8.118400E-01
      9180.00  8.185640E-01
      9182.00  8.359070E-01
      9184.00  8.682050E-01
      9186.00  8.928240E-01
      9188.00  9.014680E-01
      9190.00  9.023340E-01
      9192.00  9.072960E-01
      9194.00  9.144400E-01
      9196.00  9.136630E-01
      9198.00  9.043530E-01
      9200.00  8.969780E-01
      9202.00  8.891120E-01
      9204.00  8.854420E-01
      9206.00  8.980020E-01
      9208.00  9.265430E-01
      9210.00  9.464990E-01
      9212.00  9.637590E-01
      9214.00  9.838780E-01
      9216.00  1.010330E+00
      9218.00  1.034720E+00
      9220.00  1.048150E+00
      9222.00  1.054150E+00
      9224.00  1.056920E+00
      9226.00  1.051820E+00
      9228.00  1.049050E+00
      9230.00  1.048520E+00
      9232.00  1.046440E+00
      9234.00  1.039660E+00
      9236.00  1.029620E+00
      9238.00  1.024650E+00
      9240.00  1.020270E+00
      9242.00  1.021730E+00
      9244.00  1.028220E+00
      9246.00  1.038660E+00
      9248.00  1.055560E+00
      9250.00  1.076040E+00
      9252.00  1.083700E+00
      9254.00  1.075280E+00
      9256.00  1.081970E+00
      9258.00  1.093390E+00
      9260.00  1.112760E+00
      9262.00  1.149950E+00
      9264.00  1.189760E+00
      9266.00  1.193450E+00
      9268.00  1.164680E+00
      9270.00  1.151670E+00
      9272.00  1.140050E+00
      9274.00  1.128600E+00
      9276.00  1.117900E+00
      9278.00  1.106900E+00
      9280.00  1.094110E+00
      9282.00  1.081170E+00
      9284.00  1.062030E+00
      9286.00  1.035690E+00
      9288.00  1.011080E+00
      9290.00  9.817070E-01
      9292.00  9.597690E-01
      9294.00  9.595640E-01
      9296.00  9.764710E-01
      9298.00  9.859920E-01
      9300.00  9.991600E-01
      9302.00  1.006920E+00
      9304.00  1.013140E+00
      9306.00  1.012570E+00
      9308.00  1.003290E+00
      9310.00  9.862550E-01
      9312.00  9.519940E-01
      9314.00  8.676060E-01
      9316.00  8.525110E-01
      9318.00  9.128220E-01
      9320.00  9.521470E-01
      9322.00  9.280710E-01
      9324.00  8.768510E-01
      9326.00  8.596080E-01
      9328.00  8.597150E-01
      9330.00  8.553300E-01
      9332.00  8.531080E-01
      9334.00  8.527160E-01
      9336.00  8.469880E-01
      9338.00  8.481450E-01
      9340.00  8.856120E-01
      9342.00  9.689770E-01
      9344.00  9.989390E-01
      9346.00  1.008020E+00
      9348.00  9.913520E-01
      9350.00  9.209470E-01
      9352.00  8.543350E-01
      9354.00  8.777660E-01
      9356.00  9.812440E-01
      9358.00  9.700020E-01
      9360.00  8.540720E-01
      9362.00  7.969860E-01
      9364.00  7.847680E-01
      9366.00  7.977530E-01
      9368.00  8.444590E-01
      9370.00  9.284460E-01
      9372.00  9.087460E-01
      9374.00  7.556190E-01
      9376.00  7.180600E-01
      9378.00  7.864890E-01
      9380.00  8.526880E-01
      9382.00  8.632250E-01
      9384.00  8.507720E-01
      9386.00  8.531290E-01
      9388.00  8.529710E-01
      9390.00  8.631050E-01
      9392.00  8.904980E-01
      9394.00  9.069560E-01
      9396.00  8.982350E-01
      9398.00  8.799790E-01
      9400.00  8.848670E-01
      9402.00  9.123660E-01
      9404.00  9.165100E-01
      9406.00  9.070970E-01
      9408.00  8.958670E-01
      9410.00  8.837210E-01
      9412.00  8.693250E-01
      9414.00  8.535280E-01
      9416.00  8.371220E-01
      9418.00  8.141630E-01
      9420.00  7.746960E-01
      9422.00  7.540890E-01
      9424.00  7.489830E-01
      9426.00  7.604310E-01
      9428.00  8.043920E-01
      9430.00  8.895680E-01
      9432.00  8.769990E-01
      9434.00  7.464650E-01
      9436.00  7.038520E-01
      9438.00  7.463680E-01
      9440.00  8.009770E-01
      9442.00  8.323970E-01
      9444.00  8.598970E-01
      9446.00  8.331090E-01
      9448.00  7.293940E-01
      9450.00  6.788440E-01
      9452.00  6.515830E-01
      9454.00  6.462880E-01
      9456.00  6.741800E-01
      9458.00  7.236140E-01
      9460.00  7.356040E-01
      9462.00  7.230230E-01
      9464.00  7.148270E-01
      9466.00  6.968300E-01
      9468.00  6.845760E-01
      9470.00  6.831780E-01
      9472.00  6.866570E-01
      9474.00  6.866760E-01
      9476.00  6.859940E-01
      9478.00  6.866050E-01
      9480.00  6.839960E-01
      9482.00  6.894630E-01
      9484.00  7.132000E-01
      9486.00  7.351020E-01
      9488.00  7.225830E-01
      9490.00  6.766990E-01
      9492.00  6.727600E-01
      9494.00  6.954080E-01
      9496.00  7.182910E-01
      9498.00  7.502440E-01
      9500.00  7.780990E-01
      9502.00  7.859850E-01
      9504.00  7.799250E-01
      9506.00  7.759400E-01
      9508.00  7.670040E-01
      9510.00  7.584510E-01
      9512.00  7.400720E-01
      9514.00  7.343170E-01
      9516.00  7.645410E-01
      9518.00  8.174460E-01
      9520.00  8.186150E-01
      9522.00  7.699860E-01
      9524.00  7.510360E-01
      9526.00  7.392590E-01
      9528.00  7.406770E-01
      9530.00  7.666900E-01
      9532.00  8.043610E-01
      9534.00  8.075480E-01
      9536.00  7.787970E-01
      9538.00  7.703600E-01
      9540.00  7.716020E-01
      9542.00  7.685940E-01
      9544.00  7.608040E-01
      9546.00  7.479440E-01
      9548.00  7.220350E-01
      9550.00  6.703090E-01
      9552.00  6.666240E-01
      9554.00  7.080560E-01
      9556.00  7.357080E-01
      9558.00  7.522010E-01
      9560.00  7.581120E-01
      9562.00  7.410560E-01
      9564.00  6.963250E-01
      9566.00  6.946270E-01
      9568.00  7.380430E-01
      9570.00  7.496940E-01
      9572.00  7.309080E-01
      9574.00  7.026370E-01
      9576.00  6.742190E-01
      9578.00  6.394320E-01
      9580.00  6.279080E-01
      9582.00  6.377390E-01
      9584.00  6.428490E-01
      9586.00  6.471600E-01
      9588.00  6.545890E-01
      9590.00  6.702420E-01
      9592.00  6.901710E-01
      9594.00  6.907400E-01
      9596.00  6.707110E-01
      9598.00  6.623150E-01
      9600.00  6.568290E-01
      9602.00  6.539570E-01
      9604.00  6.535610E-01
      9606.00  6.558380E-01
      9608.00  6.620180E-01
      9610.00  6.812110E-01
      9612.00  6.764630E-01
      9614.00  6.403810E-01
      9616.00  6.257880E-01
      9618.00  6.473390E-01
      9620.00  6.799610E-01
      9622.00  6.927320E-01
      9624.00  7.019090E-01
      9626.00  6.885610E-01
      9628.00  6.391720E-01
      9630.00  6.119310E-01
      9632.00  6.101280E-01
      9634.00  6.169950E-01
      9636.00  6.199020E-01
      9638.00  6.241290E-01
      9640.00  6.329630E-01
      9642.00  6.461360E-01
      9644.00  6.611180E-01
      9646.00  6.854540E-01
      9648.00  7.022710E-01
      9650.00  6.951730E-01
      9652.00  6.715320E-01
      9654.00  6.704080E-01
      9656.00  6.853120E-01
      9658.00  6.936480E-01
      9660.00  6.976690E-01
      9662.00  7.050610E-01
      9664.00  7.223910E-01
      9666.00  7.439400E-01
      9668.00  7.483870E-01
      9670.00  7.426250E-01
      9672.00  7.295200E-01
      9674.00  6.976610E-01
      9676.00  6.759990E-01
      9678.00  6.703890E-01
      9680.00  6.755820E-01
      9682.00  6.930530E-01
      9684.00  7.372040E-01
      9686.00  7.452940E-01
      9688.00  7.252710E-01
      9690.00  7.097530E-01
      9692.00  7.016680E-01
      9694.00  6.943610E-01
      9696.00  6.826330E-01
      9698.00  6.647110E-01
      9700.00  6.639550E-01
      9702.00  6.852880E-01
      9704.00  6.911840E-01
      9706.00  6.782780E-01
      9708.00  6.629120E-01
      9710.00  6.562930E-01
      9712.00  6.519400E-01
      9714.00  6.642350E-01
      9716.00  7.143110E-01
      9718.00  7.201140E-01
      9720.00  6.748960E-01
      9722.00  6.322300E-01
      9724.00  6.250870E-01
      9726.00  6.354760E-01
      9728.00  6.334510E-01
      9730.00  6.350040E-01
      9732.00  6.219810E-01
      9734.00  5.746400E-01
      9736.00  5.568470E-01
      9738.00  6.083720E-01
      9740.00  6.914960E-01
      9742.00  7.095310E-01
      9744.00  6.844280E-01
      9746.00  6.656930E-01
      9748.00  6.215850E-01
      9750.00  5.994060E-01
      9752.00  6.177390E-01
      9754.00  6.492920E-01
      9756.00  6.497210E-01
      9758.00  6.270750E-01
      9760.00  6.252570E-01
      9762.00  6.410110E-01
      9764.00  6.438530E-01
      9766.00  6.271990E-01
      9768.00  6.073220E-01
      9770.00  6.013870E-01
      9772.00  6.026820E-01
      9774.00  6.063030E-01
      9776.00  6.136010E-01
      9778.00  6.252980E-01
      9780.00  6.487290E-01
      9782.00  6.669030E-01
      9784.00  6.618850E-01
      9786.00  6.400530E-01
      9788.00  6.412290E-01
      9790.00  6.632560E-01
      9792.00  6.698510E-01
      9794.00  6.681800E-01
      9796.00  6.592940E-01
      9798.00  6.374800E-01
      9800.00  6.074660E-01
      9802.00  6.052520E-01
      9804.00  6.291440E-01
      9806.00  6.420670E-01
      9808.00  6.602290E-01
      9810.00  6.673030E-01
      9812.00  6.554300E-01
      9814.00  6.328410E-01
      9816.00  6.147130E-01
      9818.00  5.839470E-01
      9820.00  5.841800E-01
      9822.00  6.172220E-01
      9824.00  6.404490E-01
      9826.00  6.494930E-01
      9828.00  6.508320E-01
      9830.00  6.453240E-01
      9832.00  6.333830E-01
      9834.00  6.110810E-01
      9836.00  5.509870E-01
      9838.00  5.386780E-01
      9840.00  5.964200E-01
      9842.00  6.630330E-01
      9844.00  6.766670E-01
      9846.00  6.608140E-01
      9848.00  6.509100E-01
      9850.00  6.211580E-01
      9852.00  6.157790E-01
      9854.00  6.409360E-01
      9856.00  6.653560E-01
      9858.00  6.666740E-01
      9860.00  6.556920E-01
      9862.00  6.535970E-01
      9864.00  6.529000E-01
      9866.00  6.542720E-01
      9868.00  6.622480E-01
      9870.00  6.648160E-01
      9872.00  6.550910E-01
      9874.00  6.381960E-01
      9876.00  6.256390E-01
      9878.00  6.090960E-01
      9880.00  6.025690E-01
      9882.00  6.033440E-01
      9884.00  6.076710E-01
      9886.00  6.194560E-01
      9888.00  6.321110E-01
      9890.00  6.253100E-01
      9892.00  5.968970E-01
      9894.00  5.886010E-01
      9896.00  5.871460E-01
      9898.00  5.939730E-01
      9900.00  6.126540E-01
      9902.00  6.362840E-01
      9904.00  6.553900E-01
      9906.00  6.768590E-01
      9908.00  6.835710E-01
      9910.00  6.808810E-01
      9912.00  6.690920E-01
      9914.00  6.434140E-01
      9916.00  6.143280E-01
      9918.00  5.900750E-01
      9920.00  5.650520E-01
      9922.00  5.591000E-01
      9924.00  5.741410E-01
      9926.00  5.832130E-01
      9928.00  5.905260E-01
      9930.00  5.979450E-01
      9932.00  6.045230E-01
      9934.00  6.108130E-01
      9936.00  6.261760E-01
      9938.00  6.594450E-01
      9940.00  6.708010E-01
      9942.00  6.663950E-01
      9944.00  6.563880E-01
      9946.00  6.417170E-01
      9948.00  6.229760E-01
      9950.00  6.115500E-01
      9952.00  6.012450E-01
      9954.00  5.991200E-01
      9956.00  6.039570E-01
      9958.00  6.132760E-01
      9960.00  6.331390E-01
      9962.00  6.530940E-01
      9964.00  6.483990E-01
      9966.00  6.233460E-01
      9968.00  6.031210E-01
      9970.00  5.670000E-01
      9972.00  5.529050E-01
      9974.00  5.718480E-01
      9976.00  5.980900E-01
      9978.00  6.008330E-01
      9980.00  5.879510E-01
      9982.00  5.966150E-01
      9984.00  6.258410E-01
      9986.00  6.417350E-01
      9988.00  6.469650E-01
      9990.00  6.457280E-01
      9992.00  6.335130E-01
      9994.00  6.090730E-01
      9996.00  6.292810E-01
      9998.00  7.040000E-01
