      3428.12  6.653420E-14
      3430.42  6.673837E-14
      3432.73  6.787706E-14
      3435.03  6.707069E-14
      3437.34  6.654386E-14
      3439.64  6.665995E-14
      3441.95  6.671285E-14
      3444.25  6.783545E-14
      3446.56  6.736626E-14
      3448.86  6.721125E-14
      3451.17  6.812067E-14
      3453.47  6.744725E-14
      3455.78  6.832448E-14
      3458.08  6.862292E-14
      3460.39  6.770244E-14
      3462.69  6.806964E-14
      3464.99  6.826380E-14
      3467.30  6.751449E-14
      3469.60  6.721833E-14
      3471.91  6.787999E-14
      3474.21  6.724841E-14
      3476.52  6.702358E-14
      3478.82  6.723120E-14
      3481.13  6.691175E-14
      3483.43  6.708380E-14
      3485.74  6.678489E-14
      3488.04  6.703523E-14
      3490.35  6.673474E-14
      3492.65  6.696752E-14
      3494.96  6.754942E-14
      3497.26  6.722980E-14
      3499.57  6.723384E-14
      3501.87  6.786846E-14
      3504.18  6.770373E-14
      3506.48  6.860549E-14
      3508.79  6.866892E-14
      3511.09  6.845796E-14
      3513.40  6.800182E-14
      3515.70  6.798426E-14
      3518.00  6.823940E-14
      3520.31  6.837270E-14
      3522.61  6.841677E-14
      3524.92  6.899960E-14
      3527.22  6.903167E-14
      3529.53  6.890311E-14
      3531.83  6.872363E-14
      3534.14  6.867623E-14
      3536.44  6.937447E-14
      3538.75  6.975243E-14
      3541.05  6.966225E-14
      3543.36  7.013771E-14
      3545.66  7.002278E-14
      3547.97  6.962428E-14
      3550.27  6.966711E-14
      3552.58  6.975963E-14
      3554.88  6.914607E-14
      3557.19  6.915666E-14
      3559.49  6.919751E-14
      3561.80  6.901043E-14
      3564.10  6.957840E-14
      3566.41  6.981025E-14
      3568.71  7.001909E-14
      3571.01  6.957243E-14
      3573.32  6.934942E-14
      3575.62  6.952491E-14
      3577.93  6.913876E-14
      3580.23  6.918885E-14
      3582.54  6.952000E-14
      3584.84  6.937107E-14
      3587.15  6.976168E-14
      3589.45  6.942655E-14
      3591.76  6.907725E-14
      3594.06  6.902974E-14
      3596.37  6.878853E-14
      3598.67  6.922764E-14
      3600.98  6.838002E-14
      3603.28  6.837183E-14
      3605.59  6.858506E-14
      3607.89  6.821055E-14
      3610.20  6.792856E-14
      3612.50  6.743970E-14
      3614.81  6.715659E-14
      3617.11  6.763462E-14
      3619.42  6.833326E-14
      3621.72  6.841893E-14
      3624.03  6.807947E-14
      3626.33  6.841466E-14
      3628.63  6.802441E-14
      3630.94  6.800714E-14
      3633.24  6.792346E-14
      3635.55  6.834549E-14
      3637.85  6.893395E-14
      3640.16  6.833619E-14
      3642.46  6.834064E-14
      3644.77  6.933467E-14
      3647.07  6.936446E-14
      3649.38  6.939635E-14
      3651.68  7.002284E-14
      3653.99  6.987935E-14
      3656.29  6.987087E-14
      3658.60  6.952632E-14
      3660.90  6.954978E-14
      3663.21  7.001049E-14
      3665.51  7.030811E-14
      3667.82  6.990575E-14
      3670.12  6.920547E-14
      3672.43  6.958700E-14
      3674.73  6.980890E-14
      3677.04  6.919470E-14
      3679.34  6.920611E-14
      3681.64  6.924789E-14
      3683.95  6.929459E-14
      3686.25  6.925971E-14
      3688.56  6.940402E-14
      3690.86  6.914338E-14
      3693.17  6.889819E-14
      3695.47  6.905882E-14
      3697.78  6.869385E-14
      3700.08  6.864551E-14
      3702.39  6.799802E-14
      3704.69  6.819019E-14
      3707.00  6.833233E-14
      3709.30  6.796852E-14
      3711.61  6.782972E-14
      3713.91  6.738352E-14
      3716.22  6.701363E-14
      3718.52  6.714635E-14
      3720.83  6.750676E-14
      3723.13  6.708649E-14
      3725.44  6.644982E-14
      3727.74  6.691269E-14
      3730.05  6.664568E-14
      3732.35  6.608203E-14
      3734.66  6.581555E-14
      3736.96  6.636532E-14
      3739.26  6.621879E-14
      3741.57  6.598097E-14
      3743.87  6.593966E-14
      3746.18  6.556392E-14
      3748.48  6.580882E-14
      3750.79  6.535320E-14
      3753.09  6.558545E-14
      3755.40  6.557100E-14
      3757.70  6.562279E-14
      3760.01  6.548685E-14
      3762.31  6.471694E-14
      3764.62  6.458135E-14
      3766.92  6.497354E-14
      3769.23  6.476914E-14
      3771.53  6.485773E-14
      3773.84  6.461283E-14
      3776.14  6.457298E-14
      3778.45  6.464391E-14
      3780.75  6.407910E-14
      3783.06  6.365994E-14
      3785.36  6.338116E-14
      3787.67  6.312152E-14
      3789.97  6.298406E-14
      3792.27  6.274876E-14
      3794.58  6.275122E-14
      3796.88  6.221350E-14
      3799.19  6.215802E-14
      3801.49  6.268357E-14
      3803.80  6.203028E-14
      3806.10  6.146646E-14
      3808.41  6.159550E-14
      3810.71  6.157689E-14
      3813.02  6.113110E-14
      3815.32  6.096503E-14
      3817.63  6.113069E-14
      3819.93  6.077169E-14
      3822.24  6.051901E-14
      3824.54  6.099727E-14
      3826.85  6.127020E-14
      3829.15  6.129419E-14
      3831.46  6.112788E-14
      3833.76  6.094437E-14
      3836.07  6.093635E-14
      3838.37  6.103630E-14
      3840.68  6.092699E-14
      3842.98  6.136002E-14
      3845.29  6.096532E-14
      3847.59  6.081060E-14
      3849.89  6.153306E-14
      3852.20  6.190488E-14
      3854.50  6.175115E-14
      3856.81  6.190324E-14
      3859.11  6.123795E-14
      3861.42  6.162908E-14
      3863.72  6.170112E-14
      3866.03  6.086420E-14
      3868.33  6.116949E-14
      3870.64  6.176485E-14
      3872.94  6.168327E-14
      3875.25  6.202934E-14
      3877.55  6.228483E-14
      3879.86  6.248315E-14
      3882.16  6.267017E-14
      3884.47  6.293514E-14
      3886.77  6.335494E-14
      3889.08  6.336495E-14
      3891.38  6.336173E-14
      3893.69  6.352254E-14
      3895.99  6.383882E-14
      3898.30  6.371020E-14
      3900.60  6.342218E-14
      3902.90  6.360862E-14
      3905.21  6.389986E-14
      3907.51  6.345191E-14
      3909.82  6.318290E-14
      3912.12  6.371085E-14
      3914.43  6.372313E-14
      3916.73  6.321561E-14
      3919.04  6.349053E-14
      3921.34  6.324154E-14
      3923.65  6.302730E-14
      3925.95  6.306066E-14
      3928.26  6.208265E-14
      3930.56  6.110635E-14
      3932.87  6.080211E-14
      3935.17  6.094771E-14
      3937.48  6.082505E-14
      3939.78  6.111548E-14
      3942.09  6.125135E-14
      3944.39  6.154113E-14
      3946.70  6.149613E-14
      3949.00  6.102156E-14
      3951.31  6.074073E-14
      3953.61  6.058273E-14
      3955.91  6.034357E-14
      3958.22  6.062457E-14
      3960.52  5.993401E-14
      3962.83  5.905361E-14
      3965.13  5.838623E-14
      3967.44  5.780281E-14
      3969.74  5.781061E-14
      3972.05  5.796337E-14
      3974.35  5.768266E-14
      3976.66  5.733521E-14
      3978.96  5.764895E-14
      3981.27  5.756179E-14
      3983.57  5.781289E-14
      3985.88  5.778932E-14
      3988.18  5.721814E-14
      3990.49  5.743283E-14
      3992.79  5.731458E-14
      3995.10  5.741717E-14
      3997.40  5.722220E-14
      3999.71  5.669966E-14
      4002.01  5.710508E-14
      4004.32  5.733577E-14
      4006.62  5.737839E-14
      4008.93  5.678685E-14
      4011.23  5.659054E-14
      4013.53  5.665808E-14
      4015.84  5.685125E-14
      4018.14  5.725334E-14
      4020.45  5.745928E-14
      4022.75  5.701403E-14
      4025.06  5.734308E-14
      4027.36  5.736057E-14
      4029.67  5.712393E-14
      4031.97  5.664586E-14
      4034.28  5.714497E-14
      4036.58  5.741305E-14
      4038.89  5.765507E-14
      4041.19  5.748198E-14
      4043.50  5.793096E-14
      4045.80  5.764434E-14
      4048.11  5.784511E-14
      4050.41  5.788648E-14
      4052.72  5.809618E-14
      4055.02  5.805207E-14
      4057.33  5.849128E-14
      4059.63  5.850391E-14
      4061.94  5.833937E-14
      4064.24  5.833035E-14
      4066.54  5.854193E-14
      4068.85  5.853673E-14
      4071.15  5.804825E-14
      4073.46  5.795817E-14
      4075.76  5.841452E-14
      4078.07  5.826752E-14
      4080.37  5.772889E-14
      4082.68  5.753810E-14
      4084.98  5.765696E-14
      4087.29  5.752246E-14
      4089.59  5.762000E-14
      4091.90  5.730527E-14
      4094.20  5.735073E-14
      4096.51  5.724615E-14
      4098.81  5.707606E-14
      4101.12  5.720103E-14
      4103.42  5.711982E-14
      4105.73  5.708805E-14
      4108.03  5.681901E-14
      4110.34  5.645429E-14
      4112.64  5.622065E-14
      4114.95  5.608597E-14
      4117.25  5.581743E-14
      4119.56  5.560439E-14
      4121.86  5.512064E-14
      4124.16  5.518797E-14
      4126.47  5.535251E-14
      4128.77  5.451257E-14
      4131.08  5.454695E-14
      4133.38  5.422803E-14
      4135.69  5.423101E-14
      4137.99  5.385948E-14
      4140.30  5.383384E-14
      4142.60  5.398503E-14
      4144.91  5.380682E-14
      4147.21  5.357217E-14
      4149.52  5.346167E-14
      4151.82  5.339535E-14
      4154.13  5.295659E-14
      4156.43  5.247443E-14
      4158.74  5.220858E-14
      4161.04  5.222804E-14
      4163.35  5.205215E-14
      4165.65  5.160122E-14
      4167.96  5.149128E-14
      4170.26  5.136678E-14
      4172.57  5.115601E-14
      4174.87  5.098388E-14
      4177.17  5.072785E-14
      4179.48  5.053184E-14
      4181.78  5.042611E-14
      4184.09  5.043978E-14
      4186.39  5.046314E-14
      4188.70  5.017850E-14
      4191.00  4.991680E-14
      4193.31  5.003090E-14
      4195.61  5.019012E-14
      4197.92  4.985835E-14
      4200.22  4.978661E-14
      4202.53  4.962927E-14
      4204.83  4.949286E-14
      4207.14  4.932014E-14
      4209.44  4.929350E-14
      4211.75  4.916728E-14
      4214.05  4.900279E-14
      4216.36  4.873174E-14
      4218.66  4.863951E-14
      4220.97  4.879642E-14
      4223.27  4.871581E-14
      4225.58  4.857958E-14
      4227.88  4.833507E-14
      4230.18  4.846232E-14
      4232.49  4.830180E-14
      4234.79  4.793187E-14
      4237.10  4.786712E-14
      4239.40  4.799294E-14
      4241.71  4.788756E-14
      4244.01  4.791060E-14
      4246.32  4.799741E-14
      4248.62  4.804681E-14
      4250.93  4.807842E-14
      4253.23  4.821101E-14
      4255.54  4.827100E-14
      4257.84  4.835417E-14
      4260.15  4.880112E-14
      4262.45  4.899022E-14
      4264.76  4.879536E-14
      4267.06  4.884139E-14
      4269.37  4.905910E-14
      4271.67  4.906843E-14
      4273.98  4.881015E-14
      4276.28  4.894639E-14
      4278.59  4.926075E-14
      4280.89  4.892163E-14
      4283.20  4.880018E-14
      4285.50  4.887595E-14
      4287.80  4.887337E-14
      4290.11  4.897083E-14
      4292.41  4.884503E-14
      4294.72  4.873565E-14
      4297.02  4.851005E-14
      4299.33  4.859837E-14
      4301.63  4.902847E-14
      4303.94  4.873211E-14
      4306.24  4.855510E-14
      4308.55  4.821385E-14
      4310.85  4.847943E-14
      4313.16  4.847275E-14
      4315.46  4.835357E-14
      4317.77  4.805865E-14
      4320.07  4.820423E-14
      4322.38  4.807329E-14
      4324.68  4.794684E-14
      4326.99  4.788237E-14
      4329.29  4.788435E-14
      4331.60  4.797844E-14
      4333.90  4.782794E-14
      4336.21  4.780531E-14
      4338.51  4.798003E-14
      4340.81  4.768254E-14
      4343.12  4.769872E-14
      4345.42  4.780994E-14
      4347.73  4.791020E-14
      4350.03  4.788649E-14
      4352.34  4.752793E-14
      4354.64  4.771695E-14
      4356.95  4.775474E-14
      4359.25  4.752618E-14
      4361.56  4.785069E-14
      4363.86  4.786643E-14
      4366.17  4.770847E-14
      4368.47  4.795911E-14
      4370.78  4.761200E-14
      4373.08  4.749244E-14
      4375.39  4.779835E-14
      4377.69  4.767671E-14
      4380.00  4.758713E-14
      4382.30  4.777994E-14
      4384.61  4.736925E-14
      4386.91  4.719793E-14
      4389.22  4.753091E-14
      4391.52  4.723523E-14
      4393.83  4.706362E-14
      4396.13  4.686984E-14
      4398.43  4.681097E-14
      4400.74  4.679530E-14
      4403.04  4.653252E-14
      4405.35  4.589625E-14
      4407.65  4.608979E-14
      4409.96  4.607212E-14
      4412.26  4.581768E-14
      4414.57  4.573435E-14
      4416.87  4.535474E-14
      4419.18  4.517886E-14
      4421.48  4.521915E-14
      4423.79  4.478963E-14
      4426.09  4.451440E-14
      4428.40  4.430671E-14
      4430.70  4.436870E-14
      4433.01  4.422952E-14
      4435.31  4.435580E-14
      4437.62  4.443749E-14
      4439.92  4.432152E-14
      4442.23  4.419168E-14
      4444.53  4.445381E-14
      4446.84  4.470553E-14
      4449.14  4.437609E-14
      4451.44  4.454999E-14
      4453.75  4.475095E-14
      4456.05  4.480350E-14
      4458.36  4.461192E-14
      4460.66  4.464004E-14
      4462.97  4.495539E-14
      4465.27  4.496585E-14
      4467.58  4.487669E-14
      4469.88  4.483499E-14
      4472.19  4.493384E-14
      4474.49  4.523477E-14
      4476.80  4.523576E-14
      4479.10  4.504833E-14
      4481.41  4.547695E-14
      4483.71  4.544457E-14
      4486.02  4.518682E-14
      4488.32  4.540243E-14
      4490.63  4.544816E-14
      4492.93  4.531197E-14
      4495.24  4.529351E-14
      4497.54  4.533574E-14
      4499.85  4.525014E-14
      4502.15  4.520995E-14
      4504.46  4.501305E-14
      4506.76  4.479923E-14
      4509.06  4.494492E-14
      4511.37  4.472266E-14
      4513.67  4.452555E-14
      4515.98  4.441726E-14
      4518.28  4.426819E-14
      4520.59  4.431179E-14
      4522.89  4.433660E-14
      4525.20  4.418214E-14
      4527.50  4.397608E-14
      4529.81  4.410827E-14
      4532.11  4.420287E-14
      4534.42  4.402629E-14
      4536.72  4.405361E-14
      4539.03  4.380314E-14
      4541.33  4.340057E-14
      4543.64  4.357510E-14
      4545.94  4.364909E-14
      4548.25  4.366505E-14
      4550.55  4.355950E-14
      4552.86  4.345069E-14
      4555.16  4.359637E-14
      4557.47  4.355025E-14
      4559.77  4.357203E-14
      4562.07  4.367745E-14
      4564.38  4.391807E-14
      4566.68  4.369931E-14
      4568.99  4.369412E-14
      4571.29  4.416151E-14
      4573.60  4.415069E-14
      4575.90  4.379680E-14
      4578.21  4.375412E-14
      4580.51  4.369405E-14
      4582.82  4.387294E-14
      4585.12  4.373329E-14
      4587.43  4.348053E-14
      4589.73  4.376898E-14
      4592.04  4.393613E-14
      4594.34  4.383213E-14
      4596.65  4.345975E-14
      4598.95  4.341089E-14
      4601.26  4.343476E-14
      4603.56  4.325652E-14
      4605.87  4.331674E-14
      4608.17  4.336276E-14
      4610.48  4.300597E-14
      4612.78  4.269297E-14
      4615.08  4.272870E-14
      4617.39  4.265260E-14
      4619.69  4.271899E-14
      4622.00  4.252772E-14
      4624.30  4.221627E-14
      4626.61  4.200449E-14
      4628.91  4.178344E-14
      4631.22  4.174546E-14
      4633.52  4.151597E-14
      4635.83  4.130095E-14
      4638.13  4.147968E-14
      4640.44  4.116179E-14
      4642.74  4.101896E-14
      4645.05  4.061428E-14
      4647.35  4.062181E-14
      4649.66  4.014010E-14
      4651.96  4.005703E-14
      4654.27  3.976458E-14
      4656.57  3.947863E-14
      4658.88  3.929934E-14
      4661.18  3.896648E-14
      4663.49  3.870661E-14
      4665.79  3.831107E-14
      4668.10  3.820514E-14
      4670.40  3.778321E-14
      4672.70  3.755937E-14
      4675.01  3.736908E-14
      4677.31  3.711840E-14
      4679.62  3.690944E-14
      4681.92  3.694986E-14
      4684.23  3.687916E-14
      4686.53  3.644753E-14
      4688.84  3.626364E-14
      4691.14  3.627343E-14
      4693.45  3.619871E-14
      4695.75  3.632888E-14
      4698.06  3.631453E-14
      4700.36  3.621167E-14
      4702.67  3.631408E-14
      4704.97  3.625903E-14
      4707.28  3.622152E-14
      4709.58  3.645312E-14
      4711.89  3.631300E-14
      4714.19  3.623199E-14
      4716.50  3.654290E-14
      4718.80  3.651914E-14
      4721.11  3.674613E-14
      4723.41  3.673624E-14
      4725.71  3.668353E-14
      4728.02  3.687128E-14
      4730.32  3.704700E-14
      4732.63  3.707363E-14
      4734.93  3.728019E-14
      4737.24  3.749607E-14
      4739.54  3.766480E-14
      4741.85  3.775907E-14
      4744.15  3.787578E-14
      4746.46  3.810206E-14
      4748.76  3.818807E-14
      4751.07  3.829628E-14
      4753.37  3.827900E-14
      4755.68  3.820786E-14
      4757.98  3.847989E-14
      4760.29  3.863761E-14
      4762.59  3.881041E-14
      4764.90  3.899284E-14
      4767.20  3.922441E-14
      4769.51  3.937286E-14
      4771.81  3.931382E-14
      4774.12  3.949729E-14
      4776.42  3.977890E-14
      4778.73  3.970729E-14
      4781.03  3.963271E-14
      4783.33  3.969354E-14
      4785.64  3.956710E-14
      4787.94  3.976403E-14
      4790.25  3.991156E-14
      4792.55  3.994201E-14
      4794.86  4.001757E-14
      4797.16  3.987236E-14
      4799.47  4.005661E-14
      4801.77  4.005905E-14
      4804.08  4.005522E-14
      4806.38  3.994128E-14
      4808.69  4.003664E-14
      4810.99  3.987287E-14
      4813.30  4.012019E-14
      4815.60  4.004376E-14
      4817.91  3.975081E-14
      4820.21  3.955019E-14
      4822.52  3.961055E-14
      4824.82  3.977822E-14
      4827.13  3.954962E-14
      4829.43  3.935894E-14
      4831.74  3.921598E-14
      4834.04  3.922469E-14
      4836.34  3.904418E-14
      4838.65  3.899169E-14
      4840.95  3.892494E-14
      4843.26  3.887763E-14
      4845.56  3.881680E-14
      4847.87  3.864069E-14
      4850.17  3.845973E-14
      4852.48  3.818605E-14
      4854.78  3.839353E-14
      4857.09  3.801847E-14
      4859.39  3.814021E-14
      4861.70  3.800718E-14
      4864.00  3.799563E-14
      4866.31  3.805019E-14
      4868.61  3.778814E-14
      4870.92  3.785679E-14
      4873.22  3.767768E-14
      4875.53  3.742455E-14
      4877.83  3.754564E-14
      4880.14  3.750418E-14
      4882.44  3.723909E-14
      4884.75  3.707596E-14
      4887.05  3.687402E-14
      4889.36  3.726848E-14
      4891.66  3.705747E-14
      4893.96  3.696605E-14
      4896.27  3.675529E-14
      4898.57  3.686704E-14
      4900.88  3.690645E-14
      4903.18  3.673028E-14
      4905.49  3.686723E-14
      4907.79  3.674265E-14
      4910.10  3.665804E-14
      4912.40  3.673118E-14
      4914.71  3.692023E-14
      4917.01  3.659878E-14
      4919.32  3.655831E-14
      4921.62  3.638858E-14
      4923.93  3.632187E-14
      4926.23  3.636426E-14
      4928.54  3.657766E-14
      4930.84  3.656093E-14
      4933.15  3.635667E-14
      4935.45  3.656310E-14
      4937.76  3.641903E-14
      4940.06  3.614429E-14
      4942.37  3.635256E-14
      4944.67  3.626502E-14
      4946.97  3.612290E-14
      4949.28  3.622955E-14
      4951.58  3.621675E-14
      4953.89  3.610519E-14
      4956.19  3.606514E-14
      4958.50  3.628357E-14
      4960.80  3.628215E-14
      4963.11  3.618484E-14
      4965.41  3.611239E-14
      4967.72  3.615596E-14
      4970.02  3.604235E-14
      4972.33  3.592975E-14
      4974.63  3.571955E-14
      4976.94  3.582212E-14
      4979.24  3.567305E-14
      4981.55  3.556727E-14
      4983.85  3.549283E-14
      4986.16  3.519488E-14
      4988.46  3.517980E-14
      4990.77  3.514820E-14
      4993.07  3.531449E-14
      4995.38  3.535521E-14
      4997.68  3.508989E-14
      4999.98  3.509918E-14
      5002.29  3.537143E-14
      5004.59  3.531267E-14
      5006.90  3.515743E-14
      5009.20  3.488672E-14
      5011.51  3.494174E-14
      5013.81  3.513706E-14
      5016.12  3.494772E-14
      5018.42  3.481005E-14
      5020.73  3.472714E-14
      5023.03  3.446541E-14
      5025.34  3.437219E-14
      5027.64  3.434462E-14
      5029.95  3.427587E-14
      5032.25  3.428062E-14
      5034.56  3.393724E-14
      5036.86  3.385865E-14
      5039.17  3.382557E-14
      5041.47  3.389908E-14
      5043.78  3.389064E-14
      5046.08  3.390149E-14
      5048.39  3.396509E-14
      5050.69  3.382062E-14
      5053.00  3.375922E-14
      5055.30  3.379056E-14
      5057.60  3.367876E-14
      5059.91  3.353697E-14
      5062.21  3.353069E-14
      5064.52  3.360647E-14
      5066.82  3.349614E-14
      5069.13  3.320068E-14
      5071.43  3.329835E-14
      5073.74  3.332451E-14
      5076.04  3.296703E-14
      5078.35  3.302738E-14
      5080.65  3.344082E-14
      5082.96  3.310375E-14
      5085.26  3.304297E-14
      5087.57  3.318922E-14
      5089.87  3.298531E-14
      5092.18  3.316525E-14
      5094.48  3.331532E-14
      5096.79  3.302913E-14
      5099.09  3.328294E-14
      5101.40  3.298004E-14
      5103.70  3.303621E-14
      5106.01  3.311189E-14
      5108.31  3.319193E-14
      5110.61  3.308263E-14
      5112.92  3.298461E-14
      5115.22  3.287305E-14
      5117.53  3.293411E-14
      5119.83  3.308338E-14
      5122.14  3.307040E-14
      5124.44  3.308868E-14
      5126.75  3.282189E-14
      5129.05  3.283043E-14
      5131.36  3.296136E-14
      5133.66  3.299456E-14
      5135.97  3.288631E-14
      5138.27  3.303419E-14
      5140.58  3.300989E-14
      5142.88  3.286934E-14
      5145.19  3.278994E-14
      5147.49  3.273101E-14
      5149.80  3.275598E-14
      5152.10  3.265413E-14
      5154.41  3.250366E-14
      5156.71  3.255451E-14
      5159.02  3.254375E-14
      5161.32  3.246011E-14
      5163.63  3.235661E-14
      5165.93  3.204452E-14
      5168.23  3.223146E-14
      5170.54  3.234569E-14
      5172.84  3.222346E-14
      5175.15  3.231039E-14
      5177.45  3.225741E-14
      5179.76  3.220803E-14
      5182.06  3.229731E-14
      5184.37  3.208618E-14
      5186.67  3.196408E-14
      5188.98  3.193510E-14
      5191.28  3.197164E-14
      5193.59  3.195597E-14
      5195.89  3.185865E-14
      5198.20  3.189632E-14
      5200.50  3.201560E-14
      5202.81  3.197304E-14
      5205.11  3.172610E-14
      5207.42  3.180498E-14
      5209.72  3.176941E-14
      5212.03  3.172151E-14
      5214.33  3.162794E-14
      5216.64  3.144338E-14
      5218.94  3.139265E-14
      5221.24  3.161934E-14
      5223.55  3.177613E-14
      5225.85  3.127914E-14
      5228.16  3.110807E-14
      5230.46  3.130181E-14
      5232.77  3.117641E-14
      5235.07  3.114609E-14
      5237.38  3.113405E-14
      5239.68  3.112761E-14
      5241.99  3.107571E-14
      5244.29  3.097470E-14
      5246.60  3.107648E-14
      5248.90  3.094522E-14
      5251.21  3.090680E-14
      5253.51  3.083979E-14
      5255.82  3.064121E-14
      5258.12  3.070923E-14
      5260.43  3.077761E-14
      5262.73  3.074614E-14
      5265.04  3.050957E-14
      5267.34  3.047058E-14
      5269.65  3.023316E-14
      5271.95  3.019438E-14
      5274.25  3.026621E-14
      5276.56  3.023050E-14
      5278.86  3.007931E-14
      5281.17  3.001321E-14
      5283.47  3.010612E-14
      5285.78  3.007750E-14
      5288.08  2.983060E-14
      5290.39  2.956723E-14
      5292.69  2.951521E-14
      5295.00  2.957655E-14
      5297.30  2.965515E-14
      5299.61  2.946149E-14
      5301.91  2.937521E-14
      5304.22  2.944582E-14
      5306.52  2.928234E-14
      5308.83  2.920131E-14
      5311.13  2.919953E-14
      5313.44  2.917830E-14
      5315.74  2.918274E-14
      5318.05  2.909083E-14
      5320.35  2.921897E-14
      5322.66  2.907146E-14
      5324.96  2.911839E-14
      5327.27  2.909602E-14
      5329.57  2.915005E-14
      5331.87  2.898695E-14
      5334.18  2.894447E-14
      5336.48  2.901292E-14
      5338.79  2.906184E-14
      5341.09  2.895483E-14
      5343.40  2.897971E-14
      5345.70  2.892378E-14
      5348.01  2.890944E-14
      5350.31  2.878031E-14
      5352.62  2.888475E-14
      5354.92  2.898688E-14
      5357.23  2.896590E-14
      5359.53  2.884781E-14
      5361.84  2.862592E-14
      5364.14  2.869921E-14
      5366.45  2.887566E-14
      5368.75  2.869762E-14
      5371.06  2.869300E-14
      5373.36  2.870601E-14
      5375.67  2.881882E-14
      5377.97  2.867491E-14
      5380.28  2.856653E-14
      5382.58  2.853041E-14
      5384.88  2.841573E-14
      5387.19  2.854312E-14
      5389.49  2.860940E-14
      5391.80  2.858154E-14
      5394.10  2.850707E-14
      5396.41  2.839339E-14
      5398.71  2.867721E-14
      5401.02  2.853393E-14
      5403.32  2.845403E-14
      5405.63  2.823530E-14
      5407.93  2.824480E-14
      5410.24  2.829818E-14
      5412.54  2.810236E-14
      5414.85  2.800299E-14
      5417.15  2.808347E-14
      5419.46  2.805903E-14
      5421.76  2.808635E-14
      5424.07  2.804891E-14
      5426.37  2.804579E-14
      5428.68  2.799316E-14
      5430.98  2.798343E-14
      5433.29  2.786684E-14
      5435.59  2.786599E-14
      5437.90  2.783018E-14
      5440.20  2.777385E-14
      5442.50  2.766028E-14
      5444.81  2.744743E-14
      5447.11  2.747831E-14
      5449.42  2.738743E-14
      5451.72  2.742573E-14
      5454.03  2.732786E-14
      5456.33  2.719985E-14
      5458.64  2.716807E-14
      5460.94  2.709089E-14
      5463.25  2.707256E-14
      5465.55  2.700015E-14
      5467.86  2.691716E-14
      5470.16  2.693671E-14
      5472.47  2.711526E-14
      5474.77  2.708346E-14
      5477.08  2.706547E-14
      5479.38  2.699553E-14
      5481.69  2.696259E-14
      5483.99  2.677793E-14
      5486.30  2.669397E-14
      5488.60  2.670029E-14
      5490.91  2.673485E-14
      5493.21  2.664780E-14
      5495.51  2.670610E-14
      5497.82  2.659456E-14
      5500.12  2.639685E-14
      5502.43  2.638742E-14
      5504.73  2.634241E-14
      5507.04  2.633476E-14
      5509.34  2.619182E-14
      5511.65  2.631622E-14
      5513.95  2.630935E-14
      5516.26  2.642463E-14
      5518.56  2.631436E-14
      5520.87  2.610818E-14
      5523.17  2.600929E-14
      5525.48  2.601631E-14
      5527.78  2.619350E-14
      5530.09  2.631566E-14
      5532.39  2.620390E-14
      5534.70  2.609772E-14
      5537.00  2.611245E-14
      5539.31  2.627603E-14
      5541.61  2.620203E-14
      5543.92  2.609290E-14
      5546.22  2.607743E-14
      5548.53  2.601701E-14
      5550.83  2.593845E-14
      5553.13  2.598725E-14
      5555.44  2.601463E-14
      5557.74  2.582764E-14
      5560.05  2.583630E-14
      5562.35  2.570789E-14
      5564.66  2.571637E-14
      5566.96  2.583563E-14
      5569.27  2.558726E-14
      5571.57  2.536372E-14
      5573.88  2.568817E-14
      5576.18  2.528817E-14
      5578.49  2.540973E-14
      5580.79  2.536438E-14
      5583.10  2.551892E-14
      5585.40  2.548334E-14
      5587.71  2.551298E-14
      5590.01  2.548757E-14
      5592.32  2.547507E-14
      5594.62  2.536941E-14
      5596.93  2.548598E-14
      5599.23  2.525343E-14
      5601.54  2.528493E-14
      5603.84  2.547949E-14
      5606.14  2.529933E-14
      5608.45  2.530340E-14
      5610.75  2.518094E-14
      5613.06  2.525844E-14
      5615.36  2.538086E-14
      5617.67  2.518976E-14
      5619.97  2.506154E-14
      5622.28  2.515858E-14
      5624.58  2.501819E-14
      5626.89  2.506639E-14
      5629.19  2.486739E-14
      5631.50  2.484299E-14
      5633.80  2.479830E-14
      5636.11  2.491974E-14
      5638.41  2.487178E-14
      5640.72  2.461325E-14
      5643.02  2.484561E-14
      5645.33  2.481415E-14
      5647.63  2.469658E-14
      5649.94  2.460139E-14
      5652.24  2.447956E-14
      5654.55  2.428670E-14
      5656.85  2.420694E-14
      5659.15  2.428725E-14
      5661.46  2.430190E-14
      5663.76  2.442268E-14
      5666.07  2.425450E-14
      5668.37  2.402788E-14
      5670.68  2.410763E-14
      5672.98  2.408030E-14
      5675.29  2.405651E-14
      5677.59  2.407246E-14
      5679.90  2.383150E-14
      5682.20  2.385364E-14
      5684.51  2.387271E-14
      5686.81  2.386836E-14
      5689.12  2.365591E-14
      5691.42  2.367205E-14
      5693.73  2.364776E-14
      5696.03  2.376651E-14
      5698.34  2.389917E-14
      5700.64  2.388363E-14
      5702.95  2.378224E-14
      5705.25  2.391815E-14
      5707.56  2.403554E-14
      5709.86  2.386670E-14
      5712.17  2.387547E-14
      5714.47  2.399683E-14
      5716.77  2.405586E-14
      5719.08  2.401019E-14
      5721.38  2.380091E-14
      5723.69  2.394140E-14
      5725.99  2.396412E-14
      5728.30  2.379362E-14
      5730.60  2.407669E-14
      5732.91  2.406708E-14
      5735.21  2.389606E-14
      5737.52  2.398280E-14
      5739.82  2.399043E-14
      5742.13  2.394793E-14
      5744.43  2.397492E-14
      5746.74  2.411570E-14
      5749.04  2.416802E-14
      5751.35  2.414923E-14
      5753.65  2.426625E-14
      5755.96  2.438783E-14
      5758.26  2.437980E-14
      5760.57  2.440423E-14
      5762.87  2.438063E-14
      5765.18  2.437973E-14
      5767.48  2.444963E-14
      5769.78  2.441964E-14
      5772.09  2.450071E-14
      5774.39  2.460445E-14
      5776.70  2.476711E-14
      5779.00  2.471967E-14
      5781.31  2.462026E-14
      5783.61  2.490243E-14
      5785.92  2.488883E-14
      5788.22  2.476369E-14
      5790.53  2.484000E-14
      5792.83  2.486733E-14
      5795.14  2.493057E-14
      5797.44  2.485427E-14
      5799.75  2.501660E-14
      5802.05  2.515345E-14
      5804.36  2.517944E-14
      5806.66  2.511811E-14
      5808.97  2.494127E-14
      5811.27  2.501455E-14
      5813.58  2.506242E-14
      5815.88  2.513218E-14
      5818.19  2.489728E-14
      5820.49  2.506752E-14
      5822.80  2.508683E-14
      5825.10  2.499146E-14
      5827.40  2.483450E-14
      5829.71  2.494262E-14
      5832.01  2.501779E-14
      5834.32  2.508768E-14
      5836.62  2.494646E-14
      5838.93  2.489508E-14
      5841.23  2.480811E-14
      5843.54  2.470077E-14
      5845.84  2.480689E-14
      5848.15  2.481504E-14
      5850.45  2.490793E-14
      5852.76  2.475732E-14
      5855.06  2.478497E-14
      5857.37  2.464641E-14
      5859.67  2.462133E-14
      5861.98  2.448889E-14
      5864.28  2.435358E-14
      5866.59  2.445236E-14
      5868.89  2.447036E-14
      5871.20  2.417096E-14
      5873.50  2.419224E-14
      5875.81  2.390530E-14
      5878.11  2.378877E-14
      5880.41  2.374198E-14
      5882.72  2.337465E-14
      5885.02  2.277125E-14
      5887.33  2.206483E-14
      5889.63  2.189010E-14
      5891.94  2.188770E-14
      5894.24  2.192158E-14
      5896.55  2.193763E-14
      5898.85  2.212048E-14
      5901.16  2.247217E-14
      5903.46  2.288021E-14
      5905.77  2.296408E-14
      5908.07  2.290395E-14
      5910.38  2.302695E-14
      5912.68  2.270998E-14
      5914.99  2.253937E-14
      5917.29  2.246531E-14
      5919.60  2.238722E-14
      5921.90  2.239149E-14
      5924.21  2.239045E-14
      5926.51  2.268538E-14
      5928.82  2.271218E-14
      5931.12  2.271401E-14
      5933.43  2.254466E-14
      5935.73  2.267721E-14
      5938.03  2.237514E-14
      5940.34  2.210263E-14
      5942.64  2.162288E-14
      5944.95  2.172352E-14
      5947.25  2.175986E-14
      5949.56  2.203619E-14
      5951.86  2.206606E-14
      5954.17  2.213928E-14
      5956.47  2.223561E-14
      5958.78  2.217713E-14
      5961.08  2.228269E-14
      5963.39  2.216221E-14
      5965.69  2.193698E-14
      5968.00  2.181185E-14
      5970.30  2.196078E-14
      5972.61  2.223419E-14
      5974.91  2.211355E-14
      5977.22  2.186059E-14
      5979.52  2.185238E-14
      5981.83  2.211926E-14
      5984.13  2.206549E-14
      5986.44  2.194891E-14
      5988.74  2.201931E-14
      5991.04  2.183262E-14
      5993.35  2.182659E-14
      5995.65  2.195812E-14
      5997.96  2.194145E-14
      6000.26  2.195210E-14
      6002.57  2.200985E-14
      6004.87  2.185350E-14
      6007.18  2.193236E-14
      6009.48  2.193674E-14
      6011.79  2.200249E-14
      6014.09  2.195217E-14
      6016.40  2.204349E-14
      6018.70  2.191614E-14
      6021.01  2.195078E-14
      6023.31  2.192300E-14
      6025.62  2.176767E-14
      6027.92  2.179656E-14
      6030.23  2.162596E-14
      6032.53  2.162572E-14
      6034.84  2.166749E-14
      6037.14  2.163886E-14
      6039.45  2.160463E-14
      6041.75  2.163392E-14
      6044.05  2.154989E-14
      6046.36  2.163119E-14
      6048.66  2.180680E-14
      6050.97  2.172608E-14
      6053.27  2.159882E-14
      6055.58  2.158585E-14
      6057.88  2.147247E-14
      6060.19  2.117999E-14
      6062.49  2.119220E-14
      6064.80  2.135896E-14
      6067.10  2.125858E-14
      6069.41  2.117805E-14
      6071.71  2.127528E-14
      6074.02  2.135527E-14
      6076.32  2.120050E-14
      6078.63  2.118887E-14
      6080.93  2.122537E-14
      6083.24  2.097276E-14
      6085.54  2.093421E-14
      6087.85  2.081628E-14
      6090.15  2.065870E-14
      6092.46  2.074056E-14
      6094.76  2.056427E-14
      6097.07  2.045697E-14
      6099.37  2.046034E-14
      6101.67  2.036263E-14
      6103.98  2.016948E-14
      6106.28  2.020272E-14
      6108.59  2.026100E-14
      6110.89  2.015987E-14
      6113.20  2.019987E-14
      6115.50  1.996219E-14
      6117.81  1.983484E-14
      6120.11  2.001211E-14
      6122.42  1.982254E-14
      6124.72  1.949710E-14
      6127.03  1.953675E-14
      6129.33  1.952882E-14
      6131.64  1.952078E-14
      6133.94  1.951442E-14
      6136.25  1.943303E-14
      6138.55  1.957670E-14
      6140.86  1.950028E-14
      6143.16  1.941128E-14
      6145.47  1.955829E-14
      6147.77  1.950172E-14
      6150.08  1.932938E-14
      6152.38  1.931290E-14
      6154.68  1.928622E-14
      6156.99  1.920586E-14
      6159.29  1.910262E-14
      6161.60  1.893492E-14
      6163.90  1.891118E-14
      6166.21  1.900675E-14
      6168.51  1.910439E-14
      6170.82  1.906472E-14
      6173.12  1.910900E-14
      6175.43  1.917474E-14
      6177.73  1.911111E-14
      6180.04  1.906498E-14
      6182.34  1.896731E-14
      6184.65  1.893420E-14
      6186.95  1.888147E-14
      6189.26  1.891853E-14
      6191.56  1.881016E-14
      6193.87  1.889650E-14
      6196.17  1.908113E-14
      6198.48  1.901152E-14
      6200.78  1.904916E-14
      6203.09  1.883494E-14
      6205.39  1.891544E-14
      6207.70  1.903650E-14
      6210.00  1.907434E-14
      6212.30  1.912056E-14
      6214.61  1.891706E-14
      6216.91  1.883752E-14
      6219.22  1.901287E-14
      6221.52  1.891466E-14
      6223.83  1.876478E-14
      6226.13  1.900491E-14
      6228.44  1.904386E-14
      6230.74  1.893222E-14
      6233.05  1.888704E-14
      6235.35  1.898906E-14
      6237.66  1.894286E-14
      6239.96  1.891508E-14
      6242.27  1.893970E-14
      6244.57  1.880839E-14
      6246.88  1.886019E-14
      6249.18  1.890480E-14
      6251.49  1.882442E-14
      6253.79  1.886625E-14
      6256.10  1.892452E-14
      6258.40  1.882893E-14
      6260.71  1.876835E-14
      6263.01  1.879270E-14
      6265.31  1.883295E-14
      6267.62  1.867647E-14
      6269.92  1.847692E-14
      6272.23  1.850363E-14
      6274.53  1.818217E-14
      6276.84  1.763872E-14
      6279.14  1.750231E-14
      6281.45  1.756060E-14
      6283.75  1.773865E-14
      6286.06  1.797740E-14
      6288.36  1.800733E-14
      6290.67  1.797547E-14
      6292.97  1.796920E-14
      6295.28  1.789344E-14
      6297.58  1.782447E-14
      6299.89  1.787900E-14
      6302.19  1.783843E-14
      6304.50  1.773317E-14
      6306.80  1.768072E-14
      6309.11  1.755073E-14
      6311.41  1.756458E-14
      6313.72  1.768500E-14
      6316.02  1.767085E-14
      6318.32  1.748041E-14
      6320.63  1.746277E-14
      6322.93  1.752981E-14
      6325.24  1.740038E-14
      6327.54  1.754690E-14
      6329.85  1.753744E-14
      6332.15  1.736804E-14
      6334.46  1.738008E-14
      6336.76  1.746033E-14
      6339.07  1.746852E-14
      6341.37  1.741241E-14
      6343.68  1.753259E-14
      6345.98  1.761626E-14
      6348.29  1.775621E-14
      6350.59  1.769681E-14
      6352.90  1.753083E-14
      6355.20  1.758749E-14
      6357.51  1.774386E-14
      6359.81  1.772584E-14
      6362.12  1.776272E-14
      6364.42  1.767414E-14
      6366.73  1.750072E-14
      6369.03  1.775200E-14
      6371.34  1.797416E-14
      6373.64  1.816165E-14
      6375.94  1.814842E-14
      6378.25  1.802476E-14
      6380.55  1.811541E-14
      6382.86  1.842417E-14
      6385.16  1.837250E-14
      6387.47  1.826864E-14
      6389.77  1.850596E-14
      6392.08  1.849479E-14
      6394.38  1.864687E-14
      6396.69  1.870748E-14
      6398.99  1.880045E-14
      6401.30  1.890179E-14
      6403.60  1.901182E-14
      6405.91  1.916838E-14
      6408.21  1.922175E-14
      6410.52  1.928064E-14
      6412.82  1.935531E-14
      6415.13  1.953505E-14
      6417.43  1.956443E-14
      6419.74  1.972156E-14
      6422.04  1.988573E-14
      6424.35  1.994687E-14
      6426.65  2.002759E-14
      6428.95  2.001981E-14
      6431.26  2.013692E-14
      6433.56  2.029090E-14
      6435.87  2.043137E-14
      6438.17  2.037658E-14
      6440.48  2.066433E-14
      6442.78  2.100167E-14
      6445.09  2.100837E-14
      6447.39  2.096001E-14
      6449.70  2.092755E-14
      6452.00  2.103900E-14
      6454.31  2.111234E-14
      6456.61  2.093339E-14
      6458.92  2.087571E-14
      6461.22  2.069523E-14
      6463.53  2.070186E-14
      6465.83  2.083359E-14
      6468.14  2.094033E-14
      6470.44  2.080240E-14
      6472.75  2.069863E-14
      6475.05  2.061918E-14
      6477.36  2.053271E-14
      6479.66  2.068296E-14
      6481.97  2.063135E-14
      6484.27  2.066490E-14
      6486.57  2.071902E-14
      6488.88  2.069781E-14
      6491.18  2.070816E-14
      6493.49  2.096445E-14
      6495.79  2.111656E-14
      6498.10  2.102529E-14
      6500.40  2.132367E-14
      6502.71  2.137927E-14
      6505.01  2.146775E-14
      6507.32  2.151384E-14
      6509.62  2.130577E-14
      6511.93  2.105393E-14
      6514.23  2.087856E-14
      6516.54  2.055070E-14
      6518.84  2.040427E-14
      6521.15  2.085039E-14
      6523.45  2.107695E-14
      6525.76  2.113681E-14
      6528.06  2.118046E-14
      6530.37  2.098686E-14
      6532.67  2.093002E-14
      6534.98  2.096932E-14
      6537.28  2.109559E-14
      6539.58  2.103738E-14
      6541.89  2.087065E-14
      6544.19  2.079765E-14
      6546.50  2.060121E-14
      6548.80  2.060644E-14
      6551.11  2.065594E-14
      6553.41  2.045430E-14
      6555.72  2.041884E-14
      6558.02  2.054044E-14
      6560.33  2.054236E-14
      6562.63  2.053628E-14
      6564.94  2.056170E-14
      6567.24  2.053972E-14
      6569.55  2.061700E-14
      6571.85  2.063112E-14
      6574.16  2.054093E-14
      6576.46  2.075756E-14
      6578.77  2.093974E-14
      6581.07  2.081789E-14
      6583.38  2.063470E-14
      6585.68  2.055244E-14
      6587.99  2.069290E-14
      6590.29  2.059799E-14
      6592.60  2.049414E-14
      6594.90  2.051104E-14
      6597.20  2.037518E-14
      6599.51  2.029279E-14
      6601.81  2.032441E-14
      6604.12  2.028660E-14
      6606.42  2.021825E-14
      6608.73  2.011833E-14
      6611.03  2.011758E-14
      6613.34  2.024562E-14
      6615.64  2.033920E-14
      6617.95  2.035996E-14
      6620.25  2.014241E-14
      6622.56  2.000457E-14
      6624.86  2.013883E-14
      6627.17  1.991357E-14
      6629.47  1.984011E-14
      6631.78  1.987959E-14
      6634.08  1.977864E-14
      6636.39  1.955220E-14
      6638.69  1.942320E-14
      6641.00  1.939012E-14
      6643.30  1.926715E-14
      6645.61  1.924202E-14
      6647.91  1.935842E-14
      6650.21  1.946776E-14
      6652.52  1.935623E-14
      6654.82  1.930198E-14
      6657.13  1.927276E-14
      6659.43  1.934023E-14
      6661.74  1.925953E-14
      6664.04  1.903002E-14
      6666.35  1.896607E-14
      6668.65  1.906114E-14
      6670.96  1.909685E-14
      6673.26  1.891556E-14
      6675.57  1.889603E-14
      6677.87  1.899058E-14
      6680.18  1.882430E-14
      6682.48  1.869842E-14
      6684.79  1.876940E-14
      6687.09  1.871827E-14
      6689.40  1.869100E-14
      6691.70  1.878698E-14
      6694.01  1.883490E-14
      6696.31  1.881955E-14
      6698.62  1.878433E-14
      6700.92  1.872809E-14
      6703.22  1.852075E-14
      6705.53  1.839311E-14
      6707.83  1.833498E-14
      6710.14  1.838232E-14
      6712.44  1.846269E-14
      6714.75  1.835275E-14
      6717.05  1.814166E-14
      6719.36  1.822861E-14
      6721.66  1.827302E-14
      6723.97  1.817818E-14
      6726.27  1.826347E-14
      6728.58  1.824944E-14
      6730.88  1.829496E-14
      6733.19  1.817373E-14
      6735.49  1.800383E-14
      6737.80  1.786307E-14
      6740.10  1.781536E-14
      6742.41  1.781552E-14
      6744.71  1.770669E-14
      6747.02  1.747918E-14
      6749.32  1.763780E-14
      6751.63  1.779722E-14
      6753.93  1.770299E-14
      6756.24  1.756044E-14
      6758.54  1.753002E-14
      6760.84  1.757368E-14
      6763.15  1.746409E-14
      6765.45  1.749282E-14
      6767.76  1.740890E-14
      6770.06  1.743153E-14
      6772.37  1.757976E-14
      6774.67  1.751700E-14
      6776.98  1.729369E-14
      6779.28  1.707466E-14
      6781.59  1.713704E-14
      6783.89  1.698121E-14
      6786.20  1.698686E-14
      6788.50  1.709698E-14
      6790.81  1.701855E-14
      6793.11  1.684621E-14
      6795.42  1.685709E-14
      6797.72  1.688560E-14
      6800.03  1.676435E-14
      6802.33  1.677649E-14
      6804.64  1.675787E-14
      6806.94  1.659680E-14
      6809.25  1.669415E-14
      6811.55  1.676861E-14
      6813.85  1.691632E-14
      6816.16  1.693413E-14
      6818.46  1.694502E-14
      6820.77  1.674090E-14
      6823.07  1.657929E-14
      6825.38  1.657008E-14
      6827.68  1.666060E-14
      6829.99  1.666716E-14
      6832.29  1.658857E-14
      6834.60  1.652343E-14
      6836.90  1.643188E-14
      6839.21  1.632790E-14
      6841.51  1.628848E-14
      6843.82  1.618028E-14
      6846.12  1.613987E-14
      6848.43  1.617984E-14
      6850.73  1.630264E-14
      6853.04  1.652010E-14
      6855.34  1.616312E-14
      6857.65  1.591607E-14
      6859.95  1.600401E-14
      6862.26  1.596458E-14
      6864.56  1.601383E-14
      6866.87  1.636804E-14
      6869.17  1.601982E-14
      6871.47  1.541535E-14
      6873.78  1.545377E-14
      6876.08  1.520291E-14
      6878.39  1.534011E-14
      6880.69  1.565641E-14
      6883.00  1.572201E-14
      6885.30  1.567998E-14
      6887.61  1.558833E-14
      6889.91  1.546185E-14
      6892.22  1.535787E-14
      6894.52  1.548199E-14
      6896.83  1.534051E-14
      6899.13  1.530913E-14
      6901.44  1.528234E-14
      6903.74  1.533132E-14
      6906.05  1.513848E-14
      6908.35  1.514553E-14
      6910.66  1.509454E-14
      6912.96  1.490169E-14
      6915.27  1.499293E-14
      6917.57  1.498027E-14
      6919.88  1.508831E-14
      6922.18  1.506419E-14
      6924.48  1.510553E-14
      6926.79  1.503497E-14
      6929.09  1.511519E-14
      6931.40  1.486994E-14
      6933.70  1.471441E-14
      6936.01  1.454261E-14
      6938.31  1.441863E-14
      6940.62  1.422554E-14
      6942.92  1.428859E-14
      6945.23  1.477688E-14
      6947.53  1.486179E-14
      6949.84  1.479667E-14
      6952.14  1.496814E-14
      6954.45  1.496227E-14
      6956.75  1.479517E-14
      6959.06  1.486279E-14
      6961.36  1.510670E-14
      6963.67  1.521703E-14
      6965.97  1.548260E-14
      6968.28  1.556437E-14
      6970.58  1.562454E-14
      6972.89  1.552664E-14
      6975.19  1.555648E-14
      6977.50  1.550020E-14
      6979.80  1.549133E-14
      6982.10  1.559129E-14
      6984.41  1.545713E-14
      6986.71  1.519470E-14
      6989.02  1.497221E-14
      6991.32  1.495371E-14
      6993.63  1.480504E-14
      6995.93  1.478008E-14
      6998.24  1.469613E-14
      7000.54  1.471485E-14
      7002.85  1.462202E-14
      7005.15  1.464641E-14
      7007.46  1.456541E-14
      7009.76  1.471321E-14
      7012.07  1.497547E-14
      7014.37  1.471246E-14
      7016.68  1.456872E-14
      7018.98  1.471856E-14
      7021.29  1.482017E-14
      7023.59  1.478554E-14
      7025.90  1.461546E-14
      7028.20  1.482498E-14
      7030.51  1.510064E-14
      7032.81  1.528238E-14
      7035.11  1.534207E-14
      7037.42  1.518238E-14
      7039.72  1.507671E-14
      7042.03  1.510471E-14
      7044.33  1.516754E-14
      7046.64  1.518289E-14
      7048.94  1.503980E-14
      7051.25  1.489594E-14
      7053.55  1.479644E-14
      7055.86  1.475266E-14
      7058.16  1.485320E-14
      7060.47  1.495865E-14
      7062.77  1.495342E-14
      7065.08  1.503858E-14
      7067.38  1.539903E-14
      7069.69  1.536078E-14
      7071.99  1.525766E-14
      7074.30  1.518373E-14
      7076.60  1.495213E-14
      7078.91  1.498633E-14
      7081.21  1.493091E-14
      7083.52  1.496165E-14
      7085.82  1.493610E-14
      7088.12  1.501876E-14
      7090.43  1.505554E-14
      7092.73  1.523867E-14
      7095.04  1.536198E-14
      7097.34  1.521803E-14
      7099.65  1.527522E-14
      7101.95  1.537801E-14
      7104.26  1.540150E-14
      7106.56  1.517320E-14
      7108.87  1.527612E-14
      7111.17  1.539053E-14
      7113.48  1.528793E-14
      7115.78  1.530502E-14
      7118.09  1.499172E-14
      7120.39  1.497220E-14
      7122.70  1.500873E-14
      7125.00  1.518861E-14
      7127.31  1.530281E-14
      7129.61  1.529893E-14
      7131.92  1.527294E-14
      7134.22  1.539160E-14
      7136.53  1.519414E-14
      7138.83  1.526873E-14
      7141.14  1.520741E-14
      7143.44  1.522765E-14
      7145.74  1.519017E-14
      7148.05  1.521056E-14
      7150.35  1.502974E-14
      7152.66  1.510590E-14
      7154.96  1.510925E-14
      7157.27  1.479556E-14
      7159.57  1.466866E-14
      7161.88  1.478872E-14
      7164.18  1.486754E-14
      7166.49  1.483557E-14
      7168.79  1.460046E-14
      7171.10  1.455844E-14
      7173.40  1.468972E-14
      7175.71  1.454288E-14
      7178.01  1.483171E-14
      7180.32  1.515622E-14
      7182.62  1.507258E-14
      7184.93  1.485865E-14
      7187.23  1.442324E-14
      7189.54  1.454233E-14
      7191.84  1.443245E-14
      7194.15  1.411527E-14
      7196.45  1.415500E-14
      7198.75  1.439237E-14
      7201.06  1.425525E-14
      7203.36  1.401907E-14
      7205.67  1.410896E-14
      7207.97  1.416561E-14
      7210.28  1.433074E-14
      7212.58  1.452555E-14
      7214.89  1.456179E-14
      7217.19  1.450091E-14
      7219.50  1.446075E-14
      7221.80  1.443090E-14
      7224.11  1.428999E-14
      7226.41  1.434951E-14
      7228.72  1.416400E-14
      7231.02  1.432216E-14
      7233.33  1.407810E-14
      7235.63  1.356820E-14
      7237.94  1.355377E-14
      7240.24  1.380141E-14
      7242.55  1.365855E-14
      7244.85  1.337586E-14
      7247.16  1.346018E-14
      7249.46  1.387588E-14
      7251.77  1.389399E-14
      7254.07  1.381290E-14
      7256.37  1.406354E-14
      7258.68  1.434661E-14
      7260.98  1.445402E-14
      7263.29  1.422640E-14
      7265.59  1.384782E-14
      7267.90  1.364542E-14
      7270.20  1.380256E-14
      7272.51  1.388255E-14
      7274.81  1.355184E-14
      7277.12  1.299016E-14
      7279.42  1.281276E-14
      7281.73  1.304753E-14
      7284.03  1.338593E-14
      7286.34  1.378139E-14
      7288.64  1.374707E-14
      7290.95  1.373346E-14
      7293.25  1.389064E-14
      7295.56  1.383197E-14
      7297.86  1.404644E-14
      7300.17  1.397402E-14
      7302.47  1.373978E-14
      7304.78  1.346770E-14
      7307.08  1.314474E-14
      7309.38  1.295015E-14
      7311.69  1.284728E-14
      7313.99  1.269695E-14
      7316.30  1.256358E-14
      7318.60  1.249905E-14
      7320.91  1.257165E-14
      7323.21  1.285588E-14
      7325.52  1.325857E-14
      7327.82  1.353114E-14
      7330.13  1.356137E-14
      7332.43  1.352189E-14
      7334.74  1.344020E-14
      7337.04  1.350911E-14
      7339.35  1.342235E-14
      7341.65  1.307757E-14
      7343.96  1.280301E-14
      7346.26  1.248967E-14
      7348.57  1.241044E-14
      7350.87  1.263866E-14
      7353.18  1.278249E-14
      7355.48  1.286748E-14
      7357.79  1.283343E-14
      7360.09  1.296241E-14
      7362.39  1.310501E-14
      7364.70  1.299961E-14
      7367.00  1.303576E-14
      7369.31  1.299109E-14
      7371.61  1.316282E-14
      7373.92  1.322701E-14
      7376.22  1.307890E-14
      7378.53  1.304197E-14
      7380.83  1.287206E-14
      7383.14  1.277078E-14
      7385.44  1.268702E-14
      7387.75  1.255852E-14
      7390.05  1.246361E-14
      7392.36  1.259572E-14
      7394.66  1.246677E-14
      7396.97  1.252472E-14
      7399.27  1.284279E-14
      7401.58  1.309175E-14
      7403.88  1.325833E-14
      7406.19  1.326389E-14
      7408.49  1.296826E-14
      7410.80  1.281829E-14
      7413.10  1.270747E-14
      7415.41  1.260073E-14
      7417.71  1.256989E-14
      7420.01  1.249575E-14
      7422.32  1.256797E-14
      7424.62  1.241746E-14
      7426.93  1.224770E-14
      7429.23  1.243896E-14
      7431.54  1.256398E-14
      7433.84  1.274923E-14
      7436.15  1.289882E-14
      7438.45  1.294291E-14
      7440.76  1.293611E-14
      7443.06  1.269607E-14
      7445.37  1.275345E-14
      7447.67  1.284685E-14
      7449.98  1.287075E-14
      7452.28  1.296805E-14
      7454.59  1.288340E-14
      7456.89  1.269859E-14
      7459.20  1.237910E-14
      7461.50  1.229357E-14
      7463.81  1.220068E-14
      7466.11  1.198742E-14
      7468.42  1.177569E-14
      7470.72  1.191381E-14
      7473.02  1.191584E-14
      7475.33  1.198426E-14
      7477.63  1.191552E-14
      7479.94  1.165479E-14
      7482.24  1.183897E-14
      7484.55  1.210082E-14
      7486.85  1.222705E-14
      7489.16  1.220486E-14
      7491.46  1.214195E-14
      7493.77  1.223772E-14
      7496.07  1.240741E-14
      7498.38  1.239583E-14
      7500.68  1.230679E-14
      7502.99  1.226027E-14
      7505.29  1.202352E-14
      7507.60  1.184583E-14
      7509.90  1.160734E-14
      7512.21  1.157697E-14
      7514.51  1.153659E-14
      7516.82  1.143091E-14
      7519.12  1.156933E-14
      7521.43  1.157267E-14
      7523.73  1.145507E-14
      7526.04  1.173436E-14
      7528.34  1.184557E-14
      7530.64  1.171031E-14
      7532.95  1.161811E-14
      7535.25  1.177308E-14
      7537.56  1.182838E-14
      7539.86  1.180173E-14
      7542.17  1.187539E-14
      7544.47  1.196818E-14
      7546.78  1.185697E-14
      7549.08  1.151592E-14
      7551.39  1.131854E-14
      7553.69  1.126359E-14
      7556.00  1.124685E-14
      7558.30  1.112091E-14
      7560.61  1.098953E-14
      7562.91  1.090450E-14
      7565.22  1.102054E-14
      7567.52  1.126045E-14
      7569.83  1.124009E-14
      7572.13  1.117405E-14
      7574.44  1.129611E-14
      7576.74  1.158492E-14
      7579.05  1.169572E-14
      7581.35  1.184934E-14
      7583.65  1.158326E-14
      7585.96  1.148569E-14
      7588.26  1.194532E-14
      7590.57  1.197212E-14
      7592.87  1.194469E-14
      7595.18  1.181019E-14
      7597.48  1.175596E-14
      7599.79  1.116902E-14
      7602.09  1.041000E-14
      7604.40  1.027640E-14
      7606.70  1.015009E-14
      7609.01  9.691896E-15
      7611.31  9.566007E-15
      7613.62  9.348135E-15
      7615.92  1.021424E-14
      7618.23  1.089392E-14
      7620.53  1.114735E-14
      7622.84  1.141692E-14
      7625.14  1.107081E-14
      7627.45  1.075976E-14
      7629.75  1.050849E-14
      7632.06  1.032180E-14
      7634.36  1.044846E-14
      7636.67  1.024513E-14
      7638.97  1.034102E-14
      7641.27  1.044517E-14
      7643.58  1.063458E-14
      7645.88  1.073718E-14
      7648.19  1.057756E-14
      7650.49  1.054235E-14
      7652.80  1.046452E-14
      7655.10  1.039883E-14
      7657.41  1.041356E-14
      7659.71  1.075903E-14
      7662.02  1.093576E-14
      7664.32  1.099114E-14
      7666.63  1.080990E-14
      7668.93  1.067364E-14
      7671.24  1.072199E-14
      7673.54  1.100708E-14
      7675.85  1.107573E-14
      7678.15  1.068325E-14
      7680.46  1.029956E-14
      7682.76  9.981675E-15
      7685.07  9.788286E-15
      7687.37  9.683077E-15
      7689.68  9.717363E-15
      7691.98  9.703793E-15
      7694.28  9.822729E-15
      7696.59  9.945400E-15
      7698.89  1.004714E-14
      7701.20  1.007498E-14
      7703.50  1.036633E-14
      7705.81  1.060033E-14
      7708.11  1.095800E-14
      7710.42  1.101570E-14
      7712.72  1.094280E-14
      7715.03  1.076540E-14
      7717.33  1.053319E-14
      7719.64  1.028512E-14
      7721.94  9.976162E-15
      7724.25  9.798392E-15
      7726.55  9.323622E-15
      7728.86  8.808469E-15
      7731.16  8.831091E-15
      7733.47  9.021121E-15
      7735.77  9.288254E-15
      7738.08  9.631313E-15
      7740.38  1.002395E-14
      7742.69  1.031908E-14
      7744.99  1.047617E-14
      7747.29  1.073780E-14
      7749.60  1.096160E-14
      7751.90  1.087389E-14
      7754.21  1.089180E-14
      7756.51  1.059294E-14
      7758.82  1.044243E-14
      7761.12  1.026821E-14
      7763.43  1.003366E-14
      7765.73  1.000350E-14
      7768.04  9.861878E-15
      7770.34  1.007026E-14
      7772.65  1.015912E-14
      7774.95  1.004892E-14
      7777.26  1.018351E-14
      7779.56  1.053053E-14
      7781.87  1.027903E-14
      7784.17  1.031374E-14
      7786.48  1.063073E-14
      7788.78  1.075064E-14
      7791.09  1.080362E-14
      7793.39  1.089666E-14
      7795.70  1.087253E-14
      7798.00  1.079003E-14
      7800.31  1.043339E-14
      7802.61  1.029205E-14
      7804.91  1.012243E-14
      7807.22  9.856149E-15
      7809.52  9.752573E-15
      7811.83  9.804531E-15
      7814.13  1.001708E-14
      7816.44  1.030065E-14
      7818.74  1.049458E-14
      7821.05  1.057672E-14
      7823.35  1.079084E-14
      7825.66  1.104118E-14
      7827.96  1.099558E-14
      7830.27  1.089414E-14
      7832.57  1.069729E-14
      7834.88  1.025312E-14
      7837.18  9.909780E-15
      7839.49  9.830524E-15
      7841.79  9.733122E-15
      7844.10  9.595483E-15
      7846.40  9.651940E-15
      7848.71  9.783687E-15
      7851.01  9.995192E-15
      7853.32  1.017288E-14
      7855.62  1.035116E-14
      7857.92  1.044331E-14
      7860.23  1.067300E-14
      7862.53  1.060319E-14
      7864.84  1.059418E-14
      7867.14  1.040379E-14
      7869.45  1.009427E-14
      7871.75  9.848167E-15
      7874.06  9.617743E-15
      7876.36  9.340884E-15
      7878.67  9.539546E-15
      7880.97  9.599485E-15
      7883.28  9.839085E-15
      7885.58  9.936798E-15
      7887.89  1.007992E-14
      7890.19  1.019655E-14
      7892.50  1.024015E-14
      7894.80  1.019759E-14
      7897.11  1.024183E-14
      7899.41  1.024382E-14
      7901.72  1.008604E-14
      7904.02  1.012029E-14
      7906.33  9.904332E-15
      7908.63  9.882616E-15
      7910.94  9.703166E-15
      7913.24  9.699480E-15
      7915.54  9.708006E-15
      7917.85  9.508912E-15
      7920.15  9.474609E-15
      7922.46  9.463777E-15
      7924.76  9.475182E-15
      7927.07  9.635368E-15
      7929.37  9.843919E-15
      7931.68  1.013432E-14
      7933.98  1.063295E-14
      7936.29  1.087988E-14
      7938.59  1.097884E-14
      7940.90  1.087549E-14
      7943.20  1.058167E-14
      7945.51  1.044664E-14
      7947.81  1.026816E-14
      7950.12  1.004295E-14
      7952.42  9.679063E-15
      7954.73  9.534115E-15
      7957.03  9.341048E-15
      7959.34  9.210671E-15
      7961.64  9.387353E-15
      7963.95  9.652051E-15
