      3470.00  3.571180E+00
      3472.00  2.655570E+00
      3474.00  4.075930E+00
      3476.00  2.307330E+00
      3478.00  4.136220E+00
      3480.00  3.871730E+00
      3482.00  4.034020E+00
      3484.00  3.050810E+00
      3486.00  3.270200E+00
      3488.00  3.484500E+00
      3490.00  2.200350E+00
      3492.00  3.423630E+00
      3494.00  3.435830E+00
      3496.00  2.973390E+00
      3498.00  3.377030E+00
      3500.00  3.391170E+00
      3502.00  2.945050E+00
      3504.00  3.480570E+00
      3506.00  3.502030E+00
      3508.00  3.760880E+00
      3510.00  3.618940E+00
      3512.00  2.639000E+00
      3514.00  3.460740E+00
      3516.00  2.801400E+00
      3518.00  2.321970E+00
      3520.00  3.700120E+00
      3522.00  3.179620E+00
      3524.00  3.218550E+00
      3526.00  3.377640E+00
      3528.00  3.372440E+00
      3530.00  3.251450E+00
      3532.00  3.656500E+00
      3534.00  2.738440E+00
      3536.00  1.435110E+00
      3538.00  2.294360E+00
      3540.00  3.776550E+00
      3542.00  3.104070E+00
      3544.00  3.022050E+00
      3546.00  3.738350E+00
      3548.00  3.323890E+00
      3550.00  1.887720E+00
      3552.00  2.171450E+00
      3554.00  3.682810E+00
      3556.00  3.805630E+00
      3558.00  3.605070E+00
      3560.00  2.827040E+00
      3562.00  3.576770E+00
      3564.00  4.031680E+00
      3566.00  2.709770E+00
      3568.00  3.318780E+00
      3570.00  3.863720E+00
      3572.00  4.173420E+00
      3574.00  3.223640E+00
      3576.00  3.949850E+00
      3578.00  2.817240E+00
      3580.00  3.405160E+00
      3582.00  3.910800E+00
      3584.00  2.087240E+00
      3586.00  3.282960E+00
      3588.00  2.890820E+00
      3590.00  2.864630E+00
      3592.00  3.771980E+00
      3594.00  3.056550E+00
      3596.00  3.754460E+00
      3598.00  3.936670E+00
      3600.00  4.058530E+00
      3602.00  2.666080E+00
      3604.00  3.366620E+00
      3606.00  3.341470E+00
      3608.00  3.116590E+00
      3610.00  2.874000E+00
      3612.00  2.712770E+00
      3614.00  3.497900E+00
      3616.00  2.996600E+00
      3618.00  2.756410E+00
      3620.00  4.174240E+00
      3622.00  4.143930E+00
      3624.00  3.959970E+00
      3626.00  3.328480E+00
      3628.00  3.430970E+00
      3630.00  2.796680E+00
      3632.00  3.382760E+00
      3634.00  2.823800E+00
      3636.00  4.006990E+00
      3638.00  3.363540E+00
      3640.00  3.201290E+00
      3642.00  4.060030E+00
      3644.00  3.450200E+00
      3646.00  3.805250E+00
      3648.00  2.857400E+00
      3650.00  3.596020E+00
      3652.00  3.265160E+00
      3654.00  3.400060E+00
      3656.00  2.638050E+00
      3658.00  3.193280E+00
      3660.00  2.762490E+00
      3662.00  2.203050E+00
      3664.00  3.327470E+00
      3666.00  3.230190E+00
      3668.00  3.718400E+00
      3670.00  1.974940E+00
      3672.00  2.968000E+00
      3674.00  3.225190E+00
      3676.00  3.192950E+00
      3678.00  3.019720E+00
      3680.00  2.603540E+00
      3682.00  3.998100E+00
      3684.00  3.719140E+00
      3686.00  3.911920E+00
      3688.00  3.680700E+00
      3690.00  4.036070E+00
      3692.00  4.266910E+00
      3694.00  4.369760E+00
      3696.00  3.575050E+00
      3698.00  3.100510E+00
      3700.00  3.709050E+00
      3702.00  4.530340E+00
      3704.00  3.772660E+00
      3706.00  4.182710E+00
      3708.00  3.976990E+00
      3710.00  4.139360E+00
      3712.00  4.984990E+00
      3714.00  4.780760E+00
      3716.00  4.541200E+00
      3718.00  5.532000E+00
      3720.00  4.553940E+00
      3722.00  4.673230E+00
      3724.00  4.959050E+00
      3726.00  5.631840E+00
      3728.00  6.264890E+00
      3730.00  4.319030E+00
      3732.00  5.799100E+00
      3734.00  5.498500E+00
      3736.00  6.371790E+00
      3738.00  6.486920E+00
      3740.00  5.986100E+00
      3742.00  5.602080E+00
      3744.00  5.532600E+00
      3746.00  6.845190E+00
      3748.00  5.973370E+00
      3750.00  5.437400E+00
      3752.00  5.857140E+00
      3754.00  6.100480E+00
      3756.00  6.192890E+00
      3758.00  6.219740E+00
      3760.00  6.689980E+00
      3762.00  5.628510E+00
      3764.00  6.034640E+00
      3766.00  6.011760E+00
      3768.00  5.479430E+00
      3770.00  5.740140E+00
      3772.00  5.634210E+00
      3774.00  5.741390E+00
      3776.00  5.524910E+00
      3778.00  6.502980E+00
      3780.00  4.899450E+00
      3782.00  5.614930E+00
      3784.00  5.055400E+00
      3786.00  5.722830E+00
      3788.00  4.755260E+00
      3790.00  5.189570E+00
      3792.00  5.522600E+00
      3794.00  4.828660E+00
      3796.00  5.800570E+00
      3798.00  6.003070E+00
      3800.00  6.291360E+00
      3802.00  5.592040E+00
      3804.00  5.090250E+00
      3806.00  4.564960E+00
      3808.00  4.399800E+00
      3810.00  5.112630E+00
      3812.00  4.666030E+00
      3814.00  4.414600E+00
      3816.00  3.460630E+00
      3818.00  3.840270E+00
      3820.00  4.125790E+00
      3822.00  4.060080E+00
      3824.00  3.170620E+00
      3826.00  3.407250E+00
      3828.00  3.725140E+00
      3830.00  3.701130E+00
      3832.00  3.564610E+00
      3834.00  3.265640E+00
      3836.00  3.415080E+00
      3838.00  3.041680E+00
      3840.00  3.005760E+00
      3842.00  2.925220E+00
      3844.00  2.901340E+00
      3846.00  2.811640E+00
      3848.00  3.034920E+00
      3850.00  2.789120E+00
      3852.00  2.670670E+00
      3854.00  2.989990E+00
      3856.00  2.688770E+00
      3858.00  2.862410E+00
      3860.00  3.080660E+00
      3862.00  3.179030E+00
      3864.00  2.745890E+00
      3866.00  2.967640E+00
      3868.00  2.796400E+00
      3870.00  3.194580E+00
      3872.00  3.237420E+00
      3874.00  3.666320E+00
      3876.00  3.742400E+00
      3878.00  3.509940E+00
      3880.00  3.989250E+00
      3882.00  3.994550E+00
      3884.00  3.975170E+00
      3886.00  4.434640E+00
      3888.00  3.643400E+00
      3890.00  3.907710E+00
      3892.00  4.069490E+00
      3894.00  4.662010E+00
      3896.00  4.413980E+00
      3898.00  5.104530E+00
      3900.00  4.765800E+00
      3902.00  4.834350E+00
      3904.00  5.585590E+00
      3906.00  5.598680E+00
      3908.00  5.856900E+00
      3910.00  5.463040E+00
      3912.00  5.987160E+00
      3914.00  6.709900E+00
      3916.00  6.583770E+00
      3918.00  6.665050E+00
      3920.00  7.025500E+00
      3922.00  7.797840E+00
      3924.00  8.223010E+00
      3926.00  8.231930E+00
      3928.00  9.072280E+00
      3930.00  8.951920E+00
      3932.00  9.574340E+00
      3934.00  9.098090E+00
      3936.00  1.032650E+01
      3938.00  1.039590E+01
      3940.00  1.095880E+01
      3942.00  1.069110E+01
      3944.00  1.173510E+01
      3946.00  1.237610E+01
      3948.00  1.194540E+01
      3950.00  1.177410E+01
      3952.00  1.211650E+01
      3954.00  1.223110E+01
      3956.00  1.225570E+01
      3958.00  1.279270E+01
      3960.00  1.237510E+01
      3962.00  1.295760E+01
      3964.00  1.223770E+01
      3966.00  1.321620E+01
      3968.00  1.214240E+01
      3970.00  1.267740E+01
      3972.00  1.262520E+01
      3974.00  1.325560E+01
      3976.00  1.292110E+01
      3978.00  1.279350E+01
      3980.00  1.276400E+01
      3982.00  1.222780E+01
      3984.00  1.258250E+01
      3986.00  1.282960E+01
      3988.00  1.327950E+01
      3990.00  1.361650E+01
      3992.00  1.355930E+01
      3994.00  1.337400E+01
      3996.00  1.348140E+01
      3998.00  1.268420E+01
      4000.00  1.270690E+01
      4002.00  1.317770E+01
      4004.00  1.325040E+01
      4006.00  1.285860E+01
      4008.00  1.267050E+01
      4010.00  1.323060E+01
      4012.00  1.213300E+01
      4014.00  1.209450E+01
      4016.00  1.284140E+01
      4018.00  1.221550E+01
      4020.00  1.168640E+01
      4022.00  1.163590E+01
      4024.00  1.203750E+01
      4026.00  1.199230E+01
      4028.00  1.117780E+01
      4030.00  1.123990E+01
      4032.00  1.093450E+01
      4034.00  1.106450E+01
      4036.00  1.098630E+01
      4038.00  1.132300E+01
      4040.00  1.096130E+01
      4042.00  1.078850E+01
      4044.00  1.105850E+01
      4046.00  1.066660E+01
      4048.00  1.140700E+01
      4050.00  1.093350E+01
      4052.00  1.134710E+01
      4054.00  1.147160E+01
      4056.00  1.142950E+01
      4058.00  1.198260E+01
      4060.00  1.231280E+01
      4062.00  1.222830E+01
      4064.00  1.268910E+01
      4066.00  1.234540E+01
      4068.00  1.314840E+01
      4070.00  1.293290E+01
      4072.00  1.320050E+01
      4074.00  1.289890E+01
      4076.00  1.270580E+01
      4078.00  1.328840E+01
      4080.00  1.285000E+01
      4082.00  1.329800E+01
      4084.00  1.307570E+01
      4086.00  1.326500E+01
      4088.00  1.341490E+01
      4090.00  1.328900E+01
      4092.00  1.295010E+01
      4094.00  1.338880E+01
      4096.00  1.356900E+01
      4098.00  1.303060E+01
      4100.00  1.315280E+01
      4102.00  1.301270E+01
      4104.00  1.318640E+01
      4106.00  1.345680E+01
      4108.00  1.251180E+01
      4110.00  1.330390E+01
      4112.00  1.284060E+01
      4114.00  1.260560E+01
      4116.00  1.276800E+01
      4118.00  1.207460E+01
      4120.00  1.162150E+01
      4122.00  1.151080E+01
      4124.00  1.157710E+01
      4126.00  1.172460E+01
      4128.00  1.154010E+01
      4130.00  1.201550E+01
      4132.00  1.182530E+01
      4134.00  1.130900E+01
      4136.00  1.191400E+01
      4138.00  1.207060E+01
      4140.00  1.205230E+01
      4142.00  1.215100E+01
      4144.00  1.202310E+01
      4146.00  1.213030E+01
      4148.00  1.164270E+01
      4150.00  1.143930E+01
      4152.00  1.165570E+01
      4154.00  1.124860E+01
      4156.00  1.079380E+01
      4158.00  1.067670E+01
      4160.00  1.062080E+01
      4162.00  9.897040E+00
      4164.00  9.779890E+00
      4166.00  9.488170E+00
      4168.00  9.641970E+00
      4170.00  9.734920E+00
      4172.00  9.138770E+00
      4174.00  8.853210E+00
      4176.00  8.278430E+00
      4178.00  8.290130E+00
      4180.00  8.064890E+00
      4182.00  8.266800E+00
      4184.00  7.906790E+00
      4186.00  8.020120E+00
      4188.00  8.048280E+00
      4190.00  7.718080E+00
      4192.00  8.022970E+00
      4194.00  7.884160E+00
      4196.00  7.272030E+00
      4198.00  7.823340E+00
      4200.00  7.665150E+00
      4202.00  7.394920E+00
      4204.00  7.752080E+00
      4206.00  7.522080E+00
      4208.00  7.271620E+00
      4210.00  7.448300E+00
      4212.00  7.770730E+00
      4214.00  7.828330E+00
      4216.00  7.291410E+00
      4218.00  7.076990E+00
      4220.00  7.443290E+00
      4222.00  7.506640E+00
      4224.00  6.760790E+00
      4226.00  6.893650E+00
      4228.00  7.325440E+00
      4230.00  6.800230E+00
      4232.00  6.632780E+00
      4234.00  6.333580E+00
      4236.00  5.911440E+00
      4238.00  6.308920E+00
      4240.00  6.101890E+00
      4242.00  6.115370E+00
      4244.00  5.658150E+00
      4246.00  5.810290E+00
      4248.00  5.894260E+00
      4250.00  5.614410E+00
      4252.00  5.366330E+00
      4254.00  5.891730E+00
      4256.00  5.799170E+00
      4258.00  5.903080E+00
      4260.00  5.955160E+00
      4262.00  5.999270E+00
      4264.00  6.118440E+00
      4266.00  5.913910E+00
      4268.00  6.122930E+00
      4270.00  6.167930E+00
      4272.00  6.300670E+00
      4274.00  6.108040E+00
      4276.00  6.286780E+00
      4278.00  6.594900E+00
      4280.00  6.722730E+00
      4282.00  7.012640E+00
      4284.00  7.197630E+00
      4286.00  7.344790E+00
      4288.00  7.227510E+00
      4290.00  7.728050E+00
      4292.00  7.738590E+00
      4294.00  7.573940E+00
      4296.00  7.811610E+00
      4298.00  8.147280E+00
      4300.00  8.050600E+00
      4302.00  8.343340E+00
      4304.00  8.566750E+00
      4306.00  8.461590E+00
      4308.00  8.858460E+00
      4310.00  8.860050E+00
      4312.00  9.371640E+00
      4314.00  8.740220E+00
      4316.00  9.052800E+00
      4318.00  9.040630E+00
      4320.00  8.968690E+00
      4322.00  8.860140E+00
      4324.00  8.966050E+00
      4326.00  8.884030E+00
      4328.00  8.619680E+00
      4330.00  8.627320E+00
      4332.00  8.764980E+00
      4334.00  8.679480E+00
      4336.00  8.670320E+00
      4338.00  8.313600E+00
      4340.00  8.581520E+00
      4342.00  9.039710E+00
      4344.00  8.505260E+00
      4346.00  8.741210E+00
      4348.00  8.978490E+00
      4350.00  8.865680E+00
      4352.00  9.175220E+00
      4354.00  9.327300E+00
      4356.00  9.267560E+00
      4358.00  9.718990E+00
      4360.00  9.181060E+00
      4362.00  8.856000E+00
      4364.00  9.340020E+00
      4366.00  9.474590E+00
      4368.00  9.458150E+00
      4370.00  9.662480E+00
      4372.00  9.856340E+00
      4374.00  9.629340E+00
      4376.00  9.996600E+00
      4378.00  9.859570E+00
      4380.00  9.987620E+00
      4382.00  1.007690E+01
      4384.00  1.049300E+01
      4386.00  9.745710E+00
      4388.00  1.004810E+01
      4390.00  9.765270E+00
      4392.00  1.028410E+01
      4394.00  9.898410E+00
      4396.00  9.759120E+00
      4398.00  9.864380E+00
      4400.00  1.030280E+01
      4402.00  9.821480E+00
      4404.00  1.005560E+01
      4406.00  9.585990E+00
      4408.00  9.724430E+00
      4410.00  9.710810E+00
      4412.00  1.011670E+01
      4414.00  9.680740E+00
      4416.00  9.702940E+00
      4418.00  9.451810E+00
      4420.00  9.079370E+00
      4422.00  9.586270E+00
      4424.00  9.374070E+00
      4426.00  9.305330E+00
      4428.00  9.398290E+00
      4430.00  8.894090E+00
      4432.00  9.480700E+00
      4434.00  9.119880E+00
      4436.00  8.954140E+00
      4438.00  9.021310E+00
      4440.00  9.154870E+00
      4442.00  8.875710E+00
      4444.00  9.156400E+00
      4446.00  9.144800E+00
      4448.00  9.032910E+00
      4450.00  8.878340E+00
      4452.00  8.726150E+00
      4454.00  8.606910E+00
      4456.00  8.300210E+00
      4458.00  8.677530E+00
      4460.00  8.258850E+00
      4462.00  8.406050E+00
      4464.00  8.224610E+00
      4466.00  8.559660E+00
      4468.00  8.293150E+00
      4470.00  8.241780E+00
      4472.00  8.362560E+00
      4474.00  8.677820E+00
      4476.00  8.573850E+00
      4478.00  8.197800E+00
      4480.00  8.396320E+00
      4482.00  8.729390E+00
      4484.00  8.475930E+00
      4486.00  8.497620E+00
      4488.00  8.914230E+00
      4490.00  8.928480E+00
      4492.00  9.300650E+00
      4494.00  9.149150E+00
      4496.00  9.163470E+00
      4498.00  9.333830E+00
      4500.00  9.755490E+00
      4502.00  9.879620E+00
      4504.00  1.006880E+01
      4506.00  1.035710E+01
      4508.00  1.053100E+01
      4510.00  1.114080E+01
      4512.00  1.126470E+01
      4514.00  1.135620E+01
      4516.00  1.209930E+01
      4518.00  1.253650E+01
      4520.00  1.297670E+01
      4522.00  1.313170E+01
      4524.00  1.347410E+01
      4526.00  1.416620E+01
      4528.00  1.455220E+01
      4530.00  1.508510E+01
      4532.00  1.510880E+01
      4534.00  1.529230E+01
      4536.00  1.523860E+01
      4538.00  1.601220E+01
      4540.00  1.636880E+01
      4542.00  1.625310E+01
      4544.00  1.687520E+01
      4546.00  1.740390E+01
      4548.00  1.720870E+01
      4550.00  1.816960E+01
      4552.00  1.844620E+01
      4554.00  1.828940E+01
      4556.00  1.841630E+01
      4558.00  1.860980E+01
      4560.00  1.831420E+01
      4562.00  1.807940E+01
      4564.00  1.864750E+01
      4566.00  1.863320E+01
      4568.00  1.906300E+01
      4570.00  1.841860E+01
      4572.00  1.893090E+01
      4574.00  1.874660E+01
      4576.00  1.913840E+01
      4578.00  1.894320E+01
      4580.00  1.843040E+01
      4582.00  1.935420E+01
      4584.00  1.931790E+01
      4586.00  1.982150E+01
      4588.00  1.989570E+01
      4590.00  1.972060E+01
      4592.00  2.057310E+01
      4594.00  2.084740E+01
      4596.00  2.076490E+01
      4598.00  2.073410E+01
      4600.00  2.100780E+01
      4602.00  2.153160E+01
      4604.00  2.212010E+01
      4606.00  2.203870E+01
      4608.00  2.233080E+01
      4610.00  2.260890E+01
      4612.00  2.237960E+01
      4614.00  2.281100E+01
      4616.00  2.262960E+01
      4618.00  2.306440E+01
      4620.00  2.254910E+01
      4622.00  2.296960E+01
      4624.00  2.264730E+01
      4626.00  2.202140E+01
      4628.00  2.214530E+01
      4630.00  2.295140E+01
      4632.00  2.323940E+01
      4634.00  2.266890E+01
      4636.00  2.235180E+01
      4638.00  2.275580E+01
      4640.00  2.281850E+01
      4642.00  2.252540E+01
      4644.00  2.263450E+01
      4646.00  2.290120E+01
      4648.00  2.246710E+01
      4650.00  2.259760E+01
      4652.00  2.226000E+01
      4654.00  2.186880E+01
      4656.00  2.154390E+01
      4658.00  2.155220E+01
      4660.00  2.089430E+01
      4662.00  2.087810E+01
      4664.00  2.052980E+01
      4666.00  2.039820E+01
      4668.00  2.067820E+01
      4670.00  1.954790E+01
      4672.00  1.929400E+01
      4674.00  1.942960E+01
      4676.00  1.871820E+01
      4678.00  1.837160E+01
      4680.00  1.805580E+01
      4682.00  1.753510E+01
      4684.00  1.756360E+01
      4686.00  1.721330E+01
      4688.00  1.660690E+01
      4690.00  1.679450E+01
      4692.00  1.646790E+01
      4694.00  1.653860E+01
      4696.00  1.605190E+01
      4698.00  1.582590E+01
      4700.00  1.545500E+01
      4702.00  1.516920E+01
      4704.00  1.486070E+01
      4706.00  1.474810E+01
      4708.00  1.438700E+01
      4710.00  1.433280E+01
      4712.00  1.433060E+01
      4714.00  1.400000E+01
      4716.00  1.393630E+01
      4718.00  1.341930E+01
      4720.00  1.342790E+01
      4722.00  1.333020E+01
      4724.00  1.332730E+01
      4726.00  1.290140E+01
      4728.00  1.293990E+01
      4730.00  1.313260E+01
      4732.00  1.255980E+01
      4734.00  1.284470E+01
      4736.00  1.265530E+01
      4738.00  1.177140E+01
      4740.00  1.174370E+01
      4742.00  1.202320E+01
      4744.00  1.143500E+01
      4746.00  1.159390E+01
      4748.00  1.131590E+01
      4750.00  1.090640E+01
      4752.00  1.054780E+01
      4754.00  1.035270E+01
      4756.00  1.022960E+01
      4758.00  1.014630E+01
      4760.00  9.783760E+00
      4762.00  9.877570E+00
      4764.00  9.400830E+00
      4766.00  9.136450E+00
      4768.00  9.659800E+00
      4770.00  9.687730E+00
      4772.00  1.020270E+01
      4774.00  1.006510E+01
      4776.00  9.443930E+00
      4778.00  9.756420E+00
      4780.00  1.001050E+01
      4782.00  1.035860E+01
      4784.00  1.061050E+01
      4786.00  1.091150E+01
      4788.00  1.131500E+01
      4790.00  1.143590E+01
      4792.00  1.227280E+01
      4794.00  1.259090E+01
      4796.00  1.313320E+01
      4798.00  1.379700E+01
      4800.00  1.387030E+01
      4802.00  1.432130E+01
      4804.00  1.488850E+01
      4806.00  1.544420E+01
      4808.00  1.655150E+01
      4810.00  1.677610E+01
      4812.00  1.684400E+01
      4814.00  1.760810E+01
      4816.00  1.760560E+01
      4818.00  1.839230E+01
      4820.00  1.852540E+01
      4822.00  1.905680E+01
      4824.00  1.871160E+01
      4826.00  1.900280E+01
      4828.00  1.938360E+01
      4830.00  1.904270E+01
      4832.00  1.957060E+01
      4834.00  1.962810E+01
      4836.00  1.995200E+01
      4838.00  2.000660E+01
      4840.00  2.015080E+01
      4842.00  2.005140E+01
      4844.00  2.035750E+01
      4846.00  2.038880E+01
      4848.00  2.026990E+01
      4850.00  2.019250E+01
      4852.00  2.012940E+01
      4854.00  2.057930E+01
      4856.00  2.088970E+01
      4858.00  2.112500E+01
      4860.00  2.127980E+01
      4862.00  2.114550E+01
      4864.00  2.145880E+01
      4866.00  2.222650E+01
      4868.00  2.224620E+01
      4870.00  2.305300E+01
      4872.00  2.334510E+01
      4874.00  2.356870E+01
      4876.00  2.429240E+01
      4878.00  2.444600E+01
      4880.00  2.498840E+01
      4882.00  2.442630E+01
      4884.00  2.469470E+01
      4886.00  2.504230E+01
      4888.00  2.459710E+01
      4890.00  2.533140E+01
      4892.00  2.500730E+01
      4894.00  2.489660E+01
      4896.00  2.443660E+01
      4898.00  2.461030E+01
      4900.00  2.377800E+01
      4902.00  2.342450E+01
      4904.00  2.328580E+01
      4906.00  2.254370E+01
      4908.00  2.260470E+01
      4910.00  2.209100E+01
      4912.00  2.171240E+01
      4914.00  2.150830E+01
      4916.00  2.086640E+01
      4918.00  2.039410E+01
      4920.00  2.057760E+01
      4922.00  2.000990E+01
      4924.00  1.955160E+01
      4926.00  1.935340E+01
      4928.00  1.925990E+01
      4930.00  1.918270E+01
      4932.00  1.905640E+01
      4934.00  1.893880E+01
      4936.00  1.937910E+01
      4938.00  1.870110E+01
      4940.00  1.866930E+01
      4942.00  1.803230E+01
      4944.00  1.846880E+01
      4946.00  1.851100E+01
      4948.00  1.852660E+01
      4950.00  1.851750E+01
      4952.00  1.878250E+01
      4954.00  1.892690E+01
      4956.00  1.916890E+01
      4958.00  1.960480E+01
      4960.00  1.987530E+01
      4962.00  2.056650E+01
      4964.00  2.112590E+01
      4966.00  2.117130E+01
      4968.00  2.197290E+01
      4970.00  2.252550E+01
      4972.00  2.293920E+01
      4974.00  2.325110E+01
      4976.00  2.311090E+01
      4978.00  2.347780E+01
      4980.00  2.401740E+01
      4982.00  2.383960E+01
      4984.00  2.325790E+01
      4986.00  2.416110E+01
      4988.00  2.439790E+01
      4990.00  2.433110E+01
      4992.00  2.443170E+01
      4994.00  2.365890E+01
      4996.00  2.387100E+01
      4998.00  2.395180E+01
      5000.00  2.420510E+01
      5002.00  2.391830E+01
      5004.00  2.413400E+01
      5006.00  2.320820E+01
      5008.00  2.349260E+01
      5010.00  2.407890E+01
      5012.00  2.406390E+01
      5014.00  2.357640E+01
      5016.00  2.285390E+01
      5018.00  2.264280E+01
      5020.00  2.226330E+01
      5022.00  2.232310E+01
      5024.00  2.184610E+01
      5026.00  2.196550E+01
      5028.00  2.094720E+01
      5030.00  2.059490E+01
      5032.00  2.052270E+01
      5034.00  1.967310E+01
      5036.00  1.947430E+01
      5038.00  1.932800E+01
      5040.00  1.850120E+01
      5042.00  1.802880E+01
      5044.00  1.747420E+01
      5046.00  1.670690E+01
      5048.00  1.668180E+01
      5050.00  1.657680E+01
      5052.00  1.655900E+01
      5054.00  1.642960E+01
      5056.00  1.581750E+01
      5058.00  1.529000E+01
      5060.00  1.516120E+01
      5062.00  1.506760E+01
      5064.00  1.450930E+01
      5066.00  1.405220E+01
      5068.00  1.398150E+01
      5070.00  1.342150E+01
      5072.00  1.358750E+01
      5074.00  1.341530E+01
      5076.00  1.286630E+01
      5078.00  1.298680E+01
      5080.00  1.268350E+01
      5082.00  1.268950E+01
      5084.00  1.208760E+01
      5086.00  1.207940E+01
      5088.00  1.212920E+01
      5090.00  1.168060E+01
      5092.00  1.181430E+01
      5094.00  1.198730E+01
      5096.00  1.179100E+01
      5098.00  1.174760E+01
      5100.00  1.172540E+01
      5102.00  1.173800E+01
      5104.00  1.200940E+01
      5106.00  1.189990E+01
      5108.00  1.224410E+01
      5110.00  1.180810E+01
      5112.00  1.228590E+01
      5114.00  1.275590E+01
      5116.00  1.259330E+01
      5118.00  1.286860E+01
      5120.00  1.327670E+01
      5122.00  1.332910E+01
      5124.00  1.360080E+01
      5126.00  1.393610E+01
      5128.00  1.383090E+01
      5130.00  1.445850E+01
      5132.00  1.465460E+01
      5134.00  1.472990E+01
      5136.00  1.462920E+01
      5138.00  1.535490E+01
      5140.00  1.602660E+01
      5142.00  1.537210E+01
      5144.00  1.597720E+01
      5146.00  1.650650E+01
      5148.00  1.653770E+01
      5150.00  1.692720E+01
      5152.00  1.688310E+01
      5154.00  1.701520E+01
      5156.00  1.722250E+01
      5158.00  1.766560E+01
      5160.00  1.762910E+01
      5162.00  1.766640E+01
      5164.00  1.760910E+01
      5166.00  1.754600E+01
      5168.00  1.801350E+01
      5170.00  1.747880E+01
      5172.00  1.801150E+01
      5174.00  1.784650E+01
      5176.00  1.821520E+01
      5178.00  1.834880E+01
      5180.00  1.793520E+01
      5182.00  1.863050E+01
      5184.00  1.855100E+01
      5186.00  1.855250E+01
      5188.00  1.833980E+01
      5190.00  1.834470E+01
      5192.00  1.926940E+01
      5194.00  1.889490E+01
      5196.00  1.895390E+01
      5198.00  1.868100E+01
      5200.00  1.883050E+01
      5202.00  1.849130E+01
      5204.00  1.903620E+01
      5206.00  1.885030E+01
      5208.00  1.889870E+01
      5210.00  1.831290E+01
      5212.00  1.865270E+01
      5214.00  1.852630E+01
      5216.00  1.826810E+01
      5218.00  1.833400E+01
      5220.00  1.827390E+01
      5222.00  1.887600E+01
      5224.00  1.803000E+01
      5226.00  1.814060E+01
      5228.00  1.810930E+01
      5230.00  1.791530E+01
      5232.00  1.825340E+01
      5234.00  1.850850E+01
      5236.00  1.784180E+01
      5238.00  1.761840E+01
      5240.00  1.750420E+01
      5242.00  1.725270E+01
      5244.00  1.769810E+01
      5246.00  1.768220E+01
      5248.00  1.837610E+01
      5250.00  1.798840E+01
      5252.00  1.819630E+01
      5254.00  1.818340E+01
      5256.00  1.797380E+01
      5258.00  1.829950E+01
      5260.00  1.857660E+01
      5262.00  1.872350E+01
      5264.00  1.906150E+01
      5266.00  1.903920E+01
      5268.00  1.905040E+01
      5270.00  1.930660E+01
      5272.00  1.947300E+01
      5274.00  1.940340E+01
      5276.00  1.965610E+01
      5278.00  1.965850E+01
      5280.00  1.992390E+01
      5282.00  1.962270E+01
      5284.00  2.034810E+01
      5286.00  2.007530E+01
      5288.00  1.981830E+01
      5290.00  2.022900E+01
      5292.00  2.042040E+01
      5294.00  1.981180E+01
      5296.00  1.958910E+01
      5298.00  2.031900E+01
      5300.00  2.038430E+01
      5302.00  2.019920E+01
      5304.00  2.061290E+01
      5306.00  2.023280E+01
      5308.00  2.097560E+01
      5310.00  2.013240E+01
      5312.00  2.109750E+01
      5314.00  2.131530E+01
      5316.00  2.156990E+01
      5318.00  2.136080E+01
      5320.00  2.131040E+01
      5322.00  2.070020E+01
      5324.00  2.144280E+01
      5326.00  2.131590E+01
      5328.00  2.103740E+01
      5330.00  2.174070E+01
      5332.00  2.170900E+01
      5334.00  2.167280E+01
      5336.00  2.175630E+01
      5338.00  2.204800E+01
      5340.00  2.182620E+01
      5342.00  2.230570E+01
      5344.00  2.235360E+01
      5346.00  2.243030E+01
      5348.00  2.218610E+01
      5350.00  2.238460E+01
      5352.00  2.288510E+01
      5354.00  2.318820E+01
      5356.00  2.326110E+01
      5358.00  2.303380E+01
      5360.00  2.303440E+01
      5362.00  2.348720E+01
      5364.00  2.354930E+01
      5366.00  2.347120E+01
      5368.00  2.349870E+01
      5370.00  2.379160E+01
      5372.00  2.380620E+01
      5374.00  2.379250E+01
      5376.00  2.381040E+01
      5378.00  2.433740E+01
      5380.00  2.388880E+01
      5382.00  2.389530E+01
      5384.00  2.384400E+01
      5386.00  2.356270E+01
      5388.00  2.345210E+01
      5390.00  2.323820E+01
      5392.00  2.341340E+01
      5394.00  2.341170E+01
      5396.00  2.371730E+01
      5398.00  2.352330E+01
      5400.00  2.299810E+01
      5402.00  2.279720E+01
      5404.00  2.252070E+01
      5406.00  2.252530E+01
      5408.00  2.210430E+01
      5410.00  2.232230E+01
      5412.00  2.255540E+01
      5414.00  2.225740E+01
      5416.00  2.234200E+01
      5418.00  2.183420E+01
      5420.00  2.180600E+01
      5422.00  2.215940E+01
      5424.00  2.188100E+01
      5426.00  2.200090E+01
      5428.00  2.127360E+01
      5430.00  2.118730E+01
      5432.00  2.179300E+01
      5434.00  2.165170E+01
      5436.00  2.172550E+01
      5438.00  2.127140E+01
      5440.00  2.118830E+01
      5442.00  2.147450E+01
      5444.00  2.169420E+01
      5446.00  2.170790E+01
      5448.00  2.165480E+01
      5450.00  2.181400E+01
      5452.00  2.176320E+01
      5454.00  2.196990E+01
      5456.00  2.199790E+01
      5458.00  2.221960E+01
      5460.00  2.219890E+01
      5462.00  2.285290E+01
      5464.00  2.283170E+01
      5466.00  2.308330E+01
      5468.00  2.364340E+01
      5470.00  2.374960E+01
      5472.00  2.411480E+01
      5474.00  2.459720E+01
      5476.00  2.500110E+01
      5478.00  2.510770E+01
      5480.00  2.487300E+01
      5482.00  2.542930E+01
      5484.00  2.543080E+01
      5486.00  2.546880E+01
      5488.00  2.527540E+01
      5490.00  2.541740E+01
      5492.00  2.535280E+01
      5494.00  2.531040E+01
      5496.00  2.564070E+01
      5498.00  2.556230E+01
      5500.00  2.562030E+01
      5502.00  2.553110E+01
      5504.00  2.503120E+01
      5506.00  2.499090E+01
      5508.00  2.505620E+01
      5510.00  2.508690E+01
      5512.00  2.497600E+01
      5514.00  2.487820E+01
      5516.00  2.485390E+01
      5518.00  2.484270E+01
      5520.00  2.476190E+01
      5522.00  2.464380E+01
      5524.00  2.448490E+01
      5526.00  2.427510E+01
      5528.00  2.404830E+01
      5530.00  2.376500E+01
      5532.00  2.350860E+01
      5534.00  2.337950E+01
      5536.00  2.333750E+01
      5538.00  2.317840E+01
      5540.00  2.294170E+01
      5542.00  2.272480E+01
      5544.00  2.253310E+01
      5546.00  2.228770E+01
      5548.00  2.193060E+01
      5550.00  2.153670E+01
      5552.00  2.125770E+01
      5554.00  2.102730E+01
      5556.00  2.088520E+01
      5558.00  2.089530E+01
      5560.00  2.082600E+01
      5562.00  2.066770E+01
      5564.00  2.048650E+01
      5566.00  2.030520E+01
      5568.00  2.010920E+01
      5570.00  2.004140E+01
      5572.00  2.011550E+01
      5574.00  2.012500E+01
      5576.00  2.014180E+01
      5578.00  2.010970E+01
      5580.00  1.994210E+01
      5582.00  1.976650E+01
      5584.00  1.988810E+01
      5586.00  2.028770E+01
      5588.00  2.047940E+01
      5590.00  2.056730E+01
      5592.00  2.069150E+01
      5594.00  2.085810E+01
      5596.00  2.102420E+01
      5598.00  2.115620E+01
      5600.00  2.126900E+01
      5602.00  2.142490E+01
      5604.00  2.158730E+01
      5606.00  2.180770E+01
      5608.00  2.212420E+01
      5610.00  2.239710E+01
      5612.00  2.256450E+01
      5614.00  2.269900E+01
      5616.00  2.291050E+01
      5618.00  2.316150E+01
      5620.00  2.342650E+01
      5622.00  2.377600E+01
      5624.00  2.401820E+01
      5626.00  2.412250E+01
      5628.00  2.420250E+01
      5630.00  2.434690E+01
      5632.00  2.451420E+01
      5634.00  2.462430E+01
      5636.00  2.469540E+01
      5638.00  2.475820E+01
      5640.00  2.479920E+01
      5642.00  2.483390E+01
      5644.00  2.487240E+01
      5646.00  2.490090E+01
      5648.00  2.488830E+01
      5650.00  2.481720E+01
      5652.00  2.484080E+01
      5654.00  2.493080E+01
      5656.00  2.502810E+01
      5658.00  2.519710E+01
      5660.00  2.530170E+01
      5662.00  2.519160E+01
      5664.00  2.493790E+01
      5666.00  2.485470E+01
      5668.00  2.487930E+01
      5670.00  2.486090E+01
      5672.00  2.486200E+01
      5674.00  2.481870E+01
      5676.00  2.472790E+01
      5678.00  2.458200E+01
      5680.00  2.431930E+01
      5682.00  2.388470E+01
      5684.00  2.369990E+01
      5686.00  2.374500E+01
      5688.00  2.367740E+01
      5690.00  2.346430E+01
      5692.00  2.326980E+01
      5694.00  2.321730E+01
      5696.00  2.324640E+01
      5698.00  2.320600E+01
      5700.00  2.322470E+01
      5702.00  2.304480E+01
      5704.00  2.259870E+01
      5706.00  2.226180E+01
      5708.00  2.215790E+01
      5710.00  2.214080E+01
      5712.00  2.204180E+01
      5714.00  2.192610E+01
      5716.00  2.179960E+01
      5718.00  2.159750E+01
      5720.00  2.151400E+01
      5722.00  2.159990E+01
      5724.00  2.168280E+01
      5726.00  2.164670E+01
      5728.00  2.154890E+01
      5730.00  2.139040E+01
      5732.00  2.109640E+01
      5734.00  2.091760E+01
      5736.00  2.078090E+01
      5738.00  2.070250E+01
      5740.00  2.073930E+01
      5742.00  2.079450E+01
      5744.00  2.066620E+01
      5746.00  2.039830E+01
      5748.00  2.019180E+01
      5750.00  1.993690E+01
      5752.00  1.977840E+01
      5754.00  1.973860E+01
      5756.00  1.972330E+01
      5758.00  1.968700E+01
      5760.00  1.965070E+01
      5762.00  1.951400E+01
      5764.00  1.930750E+01
      5766.00  1.904490E+01
      5768.00  1.865780E+01
      5770.00  1.832610E+01
      5772.00  1.809210E+01
      5774.00  1.790940E+01
      5776.00  1.775040E+01
      5778.00  1.763490E+01
      5780.00  1.751190E+01
      5782.00  1.740320E+01
      5784.00  1.729080E+01
      5786.00  1.716970E+01
      5788.00  1.705740E+01
      5790.00  1.695980E+01
      5792.00  1.687500E+01
      5794.00  1.684100E+01
      5796.00  1.686610E+01
      5798.00  1.687770E+01
      5800.00  1.688150E+01
      5802.00  1.691760E+01
      5804.00  1.699500E+01
      5806.00  1.710360E+01
      5808.00  1.723900E+01
      5810.00  1.740900E+01
      5812.00  1.757790E+01
      5814.00  1.775060E+01
      5816.00  1.794680E+01
      5818.00  1.817120E+01
      5820.00  1.840600E+01
      5822.00  1.864610E+01
      5824.00  1.889290E+01
      5826.00  1.910410E+01
      5828.00  1.927720E+01
      5830.00  1.947050E+01
      5832.00  1.969170E+01
      5834.00  1.987310E+01
      5836.00  1.996990E+01
      5838.00  2.005500E+01
      5840.00  2.024710E+01
      5842.00  2.051270E+01
      5844.00  2.076440E+01
      5846.00  2.107140E+01
      5848.00  2.130390E+01
      5850.00  2.145240E+01
      5852.00  2.158280E+01
      5854.00  2.172780E+01
      5856.00  2.187170E+01
      5858.00  2.204130E+01
      5860.00  2.221140E+01
      5862.00  2.243560E+01
      5864.00  2.280440E+01
      5866.00  2.301940E+01
      5868.00  2.297820E+01
      5870.00  2.283350E+01
      5872.00  2.275960E+01
      5874.00  2.265530E+01
      5876.00  2.271650E+01
      5878.00  2.301030E+01
      5880.00  2.313210E+01
      5882.00  2.313930E+01
      5884.00  2.303230E+01
      5886.00  2.274810E+01
      5888.00  2.233390E+01
      5890.00  2.210430E+01
      5892.00  2.192670E+01
      5894.00  2.187660E+01
      5896.00  2.196670E+01
      5898.00  2.209960E+01
      5900.00  2.228170E+01
      5902.00  2.249030E+01
      5904.00  2.266880E+01
      5906.00  2.286090E+01
      5908.00  2.292990E+01
      5910.00  2.287720E+01
      5912.00  2.283470E+01
      5914.00  2.275820E+01
      5916.00  2.270850E+01
      5918.00  2.275270E+01
      5920.00  2.284660E+01
      5922.00  2.282240E+01
      5924.00  2.266660E+01
      5926.00  2.262800E+01
      5928.00  2.265550E+01
      5930.00  2.268780E+01
      5932.00  2.273760E+01
      5934.00  2.277430E+01
      5936.00  2.272790E+01
      5938.00  2.261700E+01
      5940.00  2.250890E+01
      5942.00  2.232530E+01
      5944.00  2.224500E+01
      5946.00  2.228110E+01
      5948.00  2.233420E+01
      5950.00  2.235090E+01
      5952.00  2.236050E+01
      5954.00  2.237470E+01
      5956.00  2.236030E+01
      5958.00  2.241870E+01
      5960.00  2.258910E+01
      5962.00  2.267470E+01
      5964.00  2.261540E+01
      5966.00  2.251040E+01
      5968.00  2.247180E+01
      5970.00  2.245520E+01
      5972.00  2.244900E+01
      5974.00  2.250030E+01
      5976.00  2.247210E+01
      5978.00  2.235800E+01
      5980.00  2.222780E+01
      5982.00  2.211350E+01
      5984.00  2.199910E+01
      5986.00  2.190080E+01
      5988.00  2.178740E+01
      5990.00  2.174860E+01
      5992.00  2.178300E+01
      5994.00  2.181920E+01
      5996.00  2.187310E+01
      5998.00  2.190860E+01
      6000.00  2.184740E+01
      6002.00  2.170980E+01
      6004.00  2.158610E+01
      6006.00  2.136620E+01
      6008.00  2.130750E+01
      6010.00  2.145180E+01
      6012.00  2.158990E+01
      6014.00  2.161220E+01
      6016.00  2.158050E+01
      6018.00  2.151950E+01
      6020.00  2.137140E+01
      6022.00  2.131110E+01
      6024.00  2.131770E+01
      6026.00  2.130350E+01
      6028.00  2.126050E+01
      6030.00  2.119930E+01
      6032.00  2.111730E+01
      6034.00  2.101620E+01
      6036.00  2.089130E+01
      6038.00  2.073910E+01
      6040.00  2.057520E+01
      6042.00  2.035860E+01
      6044.00  2.018570E+01
      6046.00  2.012830E+01
      6048.00  2.013610E+01
      6050.00  2.008350E+01
      6052.00  2.003050E+01
      6054.00  1.992250E+01
      6056.00  1.970970E+01
      6058.00  1.958220E+01
      6060.00  1.957110E+01
      6062.00  1.962290E+01
      6064.00  1.971490E+01
      6066.00  1.988490E+01
      6068.00  1.990450E+01
      6070.00  1.975060E+01
      6072.00  1.973180E+01
      6074.00  1.983170E+01
      6076.00  1.995620E+01
      6078.00  2.006790E+01
      6080.00  2.018680E+01
      6082.00  2.030090E+01
      6084.00  2.040200E+01
      6086.00  2.053650E+01
      6088.00  2.072790E+01
      6090.00  2.086840E+01
      6092.00  2.093480E+01
      6094.00  2.097040E+01
      6096.00  2.101190E+01
      6098.00  2.103900E+01
      6100.00  2.109320E+01
      6102.00  2.119990E+01
      6104.00  2.123510E+01
      6106.00  2.120110E+01
      6108.00  2.114840E+01
      6110.00  2.110750E+01
      6112.00  2.105570E+01
      6114.00  2.093970E+01
      6116.00  2.075010E+01
      6118.00  2.059390E+01
      6120.00  2.043730E+01
      6122.00  2.028620E+01
      6124.00  2.014780E+01
      6126.00  2.000780E+01
      6128.00  1.984680E+01
      6130.00  1.967180E+01
      6132.00  1.949370E+01
      6134.00  1.929330E+01
      6136.00  1.912070E+01
      6138.00  1.897600E+01
      6140.00  1.883570E+01
      6142.00  1.867460E+01
      6144.00  1.851660E+01
      6146.00  1.844810E+01
      6148.00  1.846260E+01
      6150.00  1.846610E+01
      6152.00  1.850060E+01
      6154.00  1.852520E+01
      6156.00  1.852490E+01
      6158.00  1.853070E+01
      6160.00  1.857920E+01
      6162.00  1.865850E+01
      6164.00  1.873290E+01
      6166.00  1.878970E+01
      6168.00  1.890700E+01
      6170.00  1.911340E+01
      6172.00  1.929810E+01
      6174.00  1.938900E+01
      6176.00  1.944320E+01
      6178.00  1.958990E+01
      6180.00  1.981590E+01
      6182.00  1.999080E+01
      6184.00  2.017540E+01
      6186.00  2.030570E+01
      6188.00  2.034000E+01
      6190.00  2.036540E+01
      6192.00  2.049460E+01
      6194.00  2.069470E+01
      6196.00  2.081280E+01
      6198.00  2.086710E+01
      6200.00  2.095940E+01
      6202.00  2.109450E+01
      6204.00  2.120900E+01
      6206.00  2.127660E+01
      6208.00  2.131330E+01
      6210.00  2.132130E+01
      6212.00  2.127430E+01
      6214.00  2.127210E+01
      6216.00  2.129270E+01
      6218.00  2.131300E+01
      6220.00  2.135590E+01
      6222.00  2.137390E+01
      6224.00  2.129200E+01
      6226.00  2.112750E+01
      6228.00  2.103980E+01
      6230.00  2.094880E+01
      6232.00  2.094500E+01
      6234.00  2.108940E+01
      6236.00  2.117760E+01
      6238.00  2.109170E+01
      6240.00  2.092640E+01
      6242.00  2.086200E+01
      6244.00  2.088100E+01
      6246.00  2.078920E+01
      6248.00  2.060160E+01
      6250.00  2.044560E+01
      6252.00  2.035450E+01
      6254.00  2.025210E+01
      6256.00  2.004640E+01
      6258.00  1.975780E+01
      6260.00  1.960680E+01
      6262.00  1.954440E+01
      6264.00  1.949450E+01
      6266.00  1.949700E+01
      6268.00  1.948860E+01
      6270.00  1.942890E+01
      6272.00  1.935290E+01
      6274.00  1.933430E+01
      6276.00  1.937280E+01
      6278.00  1.935900E+01
      6280.00  1.928230E+01
      6282.00  1.927160E+01
      6284.00  1.937550E+01
      6286.00  1.948300E+01
      6288.00  1.947130E+01
      6290.00  1.938290E+01
      6292.00  1.935450E+01
      6294.00  1.936320E+01
      6296.00  1.933730E+01
      6298.00  1.929090E+01
      6300.00  1.922620E+01
      6302.00  1.912300E+01
      6304.00  1.900890E+01
      6306.00  1.899060E+01
      6308.00  1.910760E+01
      6310.00  1.903410E+01
      6312.00  1.883960E+01
      6314.00  1.860960E+01
      6316.00  1.831220E+01
      6318.00  1.800940E+01
      6320.00  1.778450E+01
      6322.00  1.760360E+01
      6324.00  1.742640E+01
      6326.00  1.727350E+01
      6328.00  1.712120E+01
      6330.00  1.698630E+01
      6332.00  1.683770E+01
      6334.00  1.667650E+01
      6336.00  1.649230E+01
      6338.00  1.621950E+01
      6340.00  1.584100E+01
      6342.00  1.553130E+01
      6344.00  1.527920E+01
      6346.00  1.496130E+01
      6348.00  1.454210E+01
      6350.00  1.410950E+01
      6352.00  1.373790E+01
      6354.00  1.338990E+01
      6356.00  1.312630E+01
      6358.00  1.298050E+01
      6360.00  1.277760E+01
      6362.00  1.261130E+01
      6364.00  1.233480E+01
      6366.00  1.179080E+01
      6368.00  1.116180E+01
      6370.00  1.094530E+01
      6372.00  1.108350E+01
      6374.00  1.102890E+01
      6376.00  1.090890E+01
      6378.00  1.083840E+01
      6380.00  1.084340E+01
      6382.00  1.085500E+01
      6384.00  1.081290E+01
      6386.00  1.074340E+01
      6388.00  1.065890E+01
      6390.00  1.052930E+01
      6392.00  1.044000E+01
      6394.00  1.036730E+01
      6396.00  1.032380E+01
      6398.00  1.033250E+01
      6400.00  1.036390E+01
      6402.00  1.033060E+01
      6404.00  1.022990E+01
      6406.00  1.021680E+01
      6408.00  1.027810E+01
      6410.00  1.031230E+01
      6412.00  1.029000E+01
      6414.00  1.028800E+01
      6416.00  1.038950E+01
      6418.00  1.056650E+01
      6420.00  1.065270E+01
      6422.00  1.064660E+01
      6424.00  1.073480E+01
      6426.00  1.089410E+01
      6428.00  1.107320E+01
      6430.00  1.125060E+01
      6432.00  1.144620E+01
      6434.00  1.169170E+01
      6436.00  1.198760E+01
      6438.00  1.227850E+01
      6440.00  1.254590E+01
      6442.00  1.289600E+01
      6444.00  1.335350E+01
      6446.00  1.384920E+01
      6448.00  1.431800E+01
      6450.00  1.478570E+01
      6452.00  1.532700E+01
      6454.00  1.592900E+01
      6456.00  1.655170E+01
      6458.00  1.717100E+01
      6460.00  1.787580E+01
      6462.00  1.872690E+01
      6464.00  1.965440E+01
      6466.00  2.051220E+01
      6468.00  2.136170E+01
      6470.00  2.217480E+01
      6472.00  2.302720E+01
      6474.00  2.371640E+01
      6476.00  2.410280E+01
      6478.00  2.452920E+01
      6480.00  2.535350E+01
      6482.00  2.643280E+01
      6484.00  2.727940E+01
      6486.00  2.803730E+01
      6488.00  2.877180E+01
      6490.00  2.946640E+01
      6492.00  3.012380E+01
      6494.00  3.075470E+01
      6496.00  3.134360E+01
      6498.00  3.184620E+01
      6500.00  3.225220E+01
      6502.00  3.268790E+01
      6504.00  3.309930E+01
      6506.00  3.353280E+01
      6508.00  3.399960E+01
      6510.00  3.446700E+01
      6512.00  3.492360E+01
      6514.00  3.537940E+01
      6516.00  3.570680E+01
      6518.00  3.584870E+01
      6520.00  3.613610E+01
      6522.00  3.654030E+01
      6524.00  3.692400E+01
      6526.00  3.725760E+01
      6528.00  3.755630E+01
      6530.00  3.778460E+01
      6532.00  3.793300E+01
      6534.00  3.811080E+01
      6536.00  3.830960E+01
      6538.00  3.845300E+01
      6540.00  3.854600E+01
      6542.00  3.859120E+01
      6544.00  3.858140E+01
      6546.00  3.851910E+01
      6548.00  3.843310E+01
      6550.00  3.827070E+01
      6552.00  3.817480E+01
      6554.00  3.809920E+01
      6556.00  3.807420E+01
      6558.00  3.816780E+01
      6560.00  3.827800E+01
      6562.00  3.814940E+01
      6564.00  3.781330E+01
      6566.00  3.759350E+01
      6568.00  3.741920E+01
      6570.00  3.720180E+01
      6572.00  3.694140E+01
      6574.00  3.665510E+01
      6576.00  3.634540E+01
      6578.00  3.600980E+01
      6580.00  3.569590E+01
      6582.00  3.530990E+01
      6584.00  3.510990E+01
      6586.00  3.511920E+01
      6588.00  3.509930E+01
      6590.00  3.496670E+01
      6592.00  3.480580E+01
      6594.00  3.472820E+01
      6596.00  3.478050E+01
      6598.00  3.451750E+01
      6600.00  3.391340E+01
      6602.00  3.346670E+01
      6604.00  3.319200E+01
      6606.00  3.295010E+01
      6608.00  3.263930E+01
      6610.00  3.230490E+01
      6612.00  3.213050E+01
      6614.00  3.215410E+01
      6616.00  3.203990E+01
      6618.00  3.189330E+01
      6620.00  3.165890E+01
      6622.00  3.125660E+01
      6624.00  3.080660E+01
      6626.00  3.057370E+01
      6628.00  3.050390E+01
      6630.00  3.034910E+01
      6632.00  3.016780E+01
      6634.00  3.001610E+01
      6636.00  2.991210E+01
      6638.00  2.980090E+01
      6640.00  2.963340E+01
      6642.00  2.943260E+01
      6644.00  2.927010E+01
      6646.00  2.918240E+01
      6648.00  2.896570E+01
      6650.00  2.861050E+01
      6652.00  2.828720E+01
      6654.00  2.804620E+01
      6656.00  2.783610E+01
      6658.00  2.761420E+01
      6660.00  2.740900E+01
      6662.00  2.715800E+01
      6664.00  2.678450E+01
      6666.00  2.658390E+01
      6668.00  2.663130E+01
      6670.00  2.667960E+01
      6672.00  2.653850E+01
      6674.00  2.629970E+01
      6676.00  2.610060E+01
      6678.00  2.584630E+01
      6680.00  2.569730E+01
      6682.00  2.568580E+01
      6684.00  2.560680E+01
      6686.00  2.539480E+01
      6688.00  2.512300E+01
      6690.00  2.486720E+01
      6692.00  2.458620E+01
      6694.00  2.434120E+01
      6696.00  2.410040E+01
      6698.00  2.390300E+01
      6700.00  2.377190E+01
      6702.00  2.364320E+01
      6704.00  2.346260E+01
      6706.00  2.325690E+01
      6708.00  2.309120E+01
      6710.00  2.295310E+01
      6712.00  2.280900E+01
      6714.00  2.268590E+01
      6716.00  2.253390E+01
      6718.00  2.231090E+01
      6720.00  2.208130E+01
      6722.00  2.196590E+01
      6724.00  2.193200E+01
      6726.00  2.189790E+01
      6728.00  2.195660E+01
      6730.00  2.189970E+01
      6732.00  2.166210E+01
      6734.00  2.145490E+01
      6736.00  2.145500E+01
      6738.00  2.157210E+01
      6740.00  2.154260E+01
      6742.00  2.140670E+01
      6744.00  2.133570E+01
      6746.00  2.130880E+01
      6748.00  2.125520E+01
      6750.00  2.115240E+01
      6752.00  2.102840E+01
      6754.00  2.091400E+01
      6756.00  2.079170E+01
      6758.00  2.069170E+01
      6760.00  2.058050E+01
      6762.00  2.053260E+01
      6764.00  2.058830E+01
      6766.00  2.063020E+01
      6768.00  2.055700E+01
      6770.00  2.042240E+01
      6772.00  2.039040E+01
      6774.00  2.047800E+01
      6776.00  2.043600E+01
      6778.00  2.027610E+01
      6780.00  2.015600E+01
      6782.00  2.012430E+01
      6784.00  2.011840E+01
      6786.00  2.006860E+01
      6788.00  2.000550E+01
      6790.00  1.991200E+01
      6792.00  1.973940E+01
      6794.00  1.965580E+01
      6796.00  1.967490E+01
      6798.00  1.971240E+01
      6800.00  1.972020E+01
      6802.00  1.972250E+01
      6804.00  1.971380E+01
      6806.00  1.968560E+01
      6808.00  1.967320E+01
      6810.00  1.970840E+01
      6812.00  1.967470E+01
      6814.00  1.951990E+01
      6816.00  1.932170E+01
      6818.00  1.919040E+01
      6820.00  1.908230E+01
      6822.00  1.899450E+01
      6824.00  1.895490E+01
      6826.00  1.887950E+01
      6828.00  1.875460E+01
      6830.00  1.864030E+01
      6832.00  1.858190E+01
      6834.00  1.855390E+01
      6836.00  1.848830E+01
      6838.00  1.839910E+01
      6840.00  1.831950E+01
      6842.00  1.823070E+01
      6844.00  1.815880E+01
      6846.00  1.812270E+01
      6848.00  1.809120E+01
      6850.00  1.801580E+01
      6852.00  1.791670E+01
      6854.00  1.779000E+01
      6856.00  1.762430E+01
      6858.00  1.745910E+01
      6860.00  1.727960E+01
      6862.00  1.710820E+01
      6864.00  1.696010E+01
      6866.00  1.682760E+01
      6868.00  1.671630E+01
      6870.00  1.660630E+01
      6872.00  1.655900E+01
      6874.00  1.662560E+01
      6876.00  1.661210E+01
      6878.00  1.647580E+01
      6880.00  1.627300E+01
      6882.00  1.603650E+01
      6884.00  1.572240E+01
      6886.00  1.552770E+01
      6888.00  1.538940E+01
      6890.00  1.530940E+01
      6892.00  1.530150E+01
      6894.00  1.533150E+01
      6896.00  1.538520E+01
      6898.00  1.546790E+01
      6900.00  1.553350E+01
      6902.00  1.561080E+01
      6904.00  1.565670E+01
      6906.00  1.565990E+01
      6908.00  1.568790E+01
      6910.00  1.574980E+01
      6912.00  1.583560E+01
      6914.00  1.594720E+01
      6916.00  1.608790E+01
      6918.00  1.623000E+01
      6920.00  1.639570E+01
      6922.00  1.654290E+01
      6924.00  1.669840E+01
      6926.00  1.681210E+01
      6928.00  1.683220E+01
      6930.00  1.679360E+01
      6932.00  1.682870E+01
      6934.00  1.690960E+01
      6936.00  1.697110E+01
      6938.00  1.704730E+01
      6940.00  1.709590E+01
      6942.00  1.707200E+01
      6944.00  1.705760E+01
      6946.00  1.719310E+01
      6948.00  1.745920E+01
      6950.00  1.759190E+01
      6952.00  1.765420E+01
      6954.00  1.771290E+01
      6956.00  1.776330E+01
      6958.00  1.779160E+01
      6960.00  1.779220E+01
      6962.00  1.776830E+01
      6964.00  1.771950E+01
      6966.00  1.760040E+01
      6968.00  1.756960E+01
      6970.00  1.760050E+01
      6972.00  1.763660E+01
      6974.00  1.766780E+01
      6976.00  1.770900E+01
      6978.00  1.777470E+01
      6980.00  1.786860E+01
      6982.00  1.792190E+01
      6984.00  1.798510E+01
      6986.00  1.796770E+01
      6988.00  1.782280E+01
      6990.00  1.770310E+01
      6992.00  1.769060E+01
      6994.00  1.774090E+01
      6996.00  1.785610E+01
      6998.00  1.814460E+01
      7000.00  1.822040E+01
      7002.00  1.816450E+01
      7004.00  1.806980E+01
      7006.00  1.790690E+01
      7008.00  1.773970E+01
      7010.00  1.769060E+01
      7012.00  1.771700E+01
      7014.00  1.775840E+01
      7016.00  1.788360E+01
      7018.00  1.793620E+01
      7020.00  1.792490E+01
      7022.00  1.789260E+01
      7024.00  1.785810E+01
      7026.00  1.781070E+01
      7028.00  1.774560E+01
      7030.00  1.762350E+01
      7032.00  1.759190E+01
      7034.00  1.765610E+01
      7036.00  1.767580E+01
      7038.00  1.761580E+01
      7040.00  1.753810E+01
      7042.00  1.750600E+01
      7044.00  1.749460E+01
      7046.00  1.749330E+01
      7048.00  1.752490E+01
      7050.00  1.752790E+01
      7052.00  1.752910E+01
      7054.00  1.748760E+01
      7056.00  1.736400E+01
      7058.00  1.718870E+01
      7060.00  1.705810E+01
      7062.00  1.691890E+01
      7064.00  1.683930E+01
      7066.00  1.685670E+01
      7068.00  1.680480E+01
      7070.00  1.661570E+01
      7072.00  1.641870E+01
      7074.00  1.637830E+01
      7076.00  1.644540E+01
      7078.00  1.645730E+01
      7080.00  1.648640E+01
      7082.00  1.646930E+01
      7084.00  1.644170E+01
      7086.00  1.634130E+01
      7088.00  1.610070E+01
      7090.00  1.577690E+01
      7092.00  1.556930E+01
      7094.00  1.537760E+01
      7096.00  1.530780E+01
      7098.00  1.540480E+01
      7100.00  1.544760E+01
      7102.00  1.541350E+01
      7104.00  1.534280E+01
      7106.00  1.523050E+01
      7108.00  1.504860E+01
      7110.00  1.505450E+01
      7112.00  1.524950E+01
      7114.00  1.536280E+01
      7116.00  1.541270E+01
      7118.00  1.547690E+01
      7120.00  1.560360E+01
      7122.00  1.575540E+01
      7124.00  1.583590E+01
      7126.00  1.585350E+01
      7128.00  1.590690E+01
      7130.00  1.594920E+01
      7132.00  1.603190E+01
      7134.00  1.617900E+01
      7136.00  1.634210E+01
      7138.00  1.646310E+01
      7140.00  1.656300E+01
      7142.00  1.667390E+01
      7144.00  1.675710E+01
      7146.00  1.690320E+01
      7148.00  1.718630E+01
      7150.00  1.737410E+01
      7152.00  1.731790E+01
      7154.00  1.713020E+01
      7156.00  1.704900E+01
      7158.00  1.699960E+01
      7160.00  1.693780E+01
      7162.00  1.686070E+01
      7164.00  1.681480E+01
      7166.00  1.683540E+01
      7168.00  1.684970E+01
      7170.00  1.675100E+01
      7172.00  1.655900E+01
      7174.00  1.652210E+01
      7176.00  1.665060E+01
      7178.00  1.665130E+01
      7180.00  1.652980E+01
      7182.00  1.641530E+01
      7184.00  1.636690E+01
      7186.00  1.634510E+01
      7188.00  1.631060E+01
      7190.00  1.629530E+01
      7192.00  1.623120E+01
      7194.00  1.608000E+01
      7196.00  1.601300E+01
      7198.00  1.608070E+01
      7200.00  1.617510E+01
      7202.00  1.618870E+01
      7204.00  1.616880E+01
      7206.00  1.610470E+01
      7208.00  1.593570E+01
      7210.00  1.586860E+01
      7212.00  1.591240E+01
      7214.00  1.593950E+01
      7216.00  1.587810E+01
      7218.00  1.578500E+01
      7220.00  1.577210E+01
      7222.00  1.584090E+01
      7224.00  1.582410E+01
      7226.00  1.571860E+01
      7228.00  1.568090E+01
      7230.00  1.573150E+01
      7232.00  1.582220E+01
      7234.00  1.592270E+01
      7236.00  1.605140E+01
      7238.00  1.615160E+01
      7240.00  1.631550E+01
      7242.00  1.630490E+01
      7244.00  1.605900E+01
      7246.00  1.585910E+01
      7248.00  1.581920E+01
      7250.00  1.586840E+01
      7252.00  1.600090E+01
      7254.00  1.627600E+01
      7256.00  1.646470E+01
      7258.00  1.666950E+01
      7260.00  1.679070E+01
      7262.00  1.677520E+01
      7264.00  1.674050E+01
      7266.00  1.682580E+01
      7268.00  1.698500E+01
      7270.00  1.704830E+01
      7272.00  1.707710E+01
      7274.00  1.705300E+01
      7276.00  1.688680E+01
      7278.00  1.682030E+01
      7280.00  1.699640E+01
      7282.00  1.729220E+01
      7284.00  1.747200E+01
      7286.00  1.765480E+01
      7288.00  1.770970E+01
      7290.00  1.763770E+01
      7292.00  1.755250E+01
      7294.00  1.744960E+01
      7296.00  1.733140E+01
      7298.00  1.720930E+01
      7300.00  1.707250E+01
      7302.00  1.699300E+01
      7304.00  1.694130E+01
      7306.00  1.693650E+01
      7308.00  1.700850E+01
      7310.00  1.706900E+01
      7312.00  1.709110E+01
      7314.00  1.708710E+01
      7316.00  1.702290E+01
      7318.00  1.686860E+01
      7320.00  1.680030E+01
      7322.00  1.675370E+01
      7324.00  1.676220E+01
      7326.00  1.689610E+01
      7328.00  1.700160E+01
      7330.00  1.687790E+01
      7332.00  1.658560E+01
      7334.00  1.650670E+01
      7336.00  1.656720E+01
      7338.00  1.659630E+01
      7340.00  1.667370E+01
      7342.00  1.668630E+01
      7344.00  1.657220E+01
      7346.00  1.638560E+01
      7348.00  1.621210E+01
      7350.00  1.597700E+01
      7352.00  1.586100E+01
      7354.00  1.583520E+01
      7356.00  1.582290E+01
      7358.00  1.581060E+01
      7360.00  1.583500E+01
      7362.00  1.593710E+01
      7364.00  1.610620E+01
      7366.00  1.623060E+01
      7368.00  1.638890E+01
      7370.00  1.644530E+01
      7372.00  1.637590E+01
      7374.00  1.632280E+01
      7376.00  1.634720E+01
      7378.00  1.639910E+01
      7380.00  1.641930E+01
      7382.00  1.643720E+01
      7384.00  1.642120E+01
      7386.00  1.632940E+01
      7388.00  1.631530E+01
      7390.00  1.640650E+01
      7392.00  1.652580E+01
      7394.00  1.661770E+01
      7396.00  1.671170E+01
      7398.00  1.673540E+01
      7400.00  1.669420E+01
      7402.00  1.664940E+01
      7404.00  1.659710E+01
      7406.00  1.651110E+01
      7408.00  1.635730E+01
      7410.00  1.617910E+01
      7412.00  1.609540E+01
      7414.00  1.607000E+01
      7416.00  1.606550E+01
      7418.00  1.613550E+01
      7420.00  1.615370E+01
      7422.00  1.611680E+01
      7424.00  1.604770E+01
      7426.00  1.594700E+01
      7428.00  1.580960E+01
      7430.00  1.572290E+01
      7432.00  1.564440E+01
      7434.00  1.561790E+01
      7436.00  1.564260E+01
      7438.00  1.569370E+01
      7440.00  1.578870E+01
      7442.00  1.589520E+01
      7444.00  1.589820E+01
      7446.00  1.581250E+01
      7448.00  1.576590E+01
      7450.00  1.573100E+01
      7452.00  1.567270E+01
      7454.00  1.557650E+01
      7456.00  1.547950E+01
      7458.00  1.540620E+01
      7460.00  1.534180E+01
      7462.00  1.535890E+01
      7464.00  1.549110E+01
      7466.00  1.554730E+01
      7468.00  1.557030E+01
      7470.00  1.556470E+01
      7472.00  1.549690E+01
      7474.00  1.541830E+01
      7476.00  1.548370E+01
      7478.00  1.569080E+01
      7480.00  1.578160E+01
      7482.00  1.580070E+01
      7484.00  1.585130E+01
      7486.00  1.594850E+01
      7488.00  1.604240E+01
      7490.00  1.609510E+01
      7492.00  1.612380E+01
      7494.00  1.613330E+01
      7496.00  1.612280E+01
      7498.00  1.608930E+01
      7500.00  1.602580E+01
      7502.00  1.595280E+01
      7504.00  1.586830E+01
      7506.00  1.578040E+01
      7508.00  1.572470E+01
      7510.00  1.570130E+01
      7512.00  1.564630E+01
      7514.00  1.558130E+01
      7516.00  1.550020E+01
      7518.00  1.536910E+01
      7520.00  1.526570E+01
      7522.00  1.527910E+01
      7524.00  1.537410E+01
      7526.00  1.537750E+01
      7528.00  1.532670E+01
      7530.00  1.529150E+01
      7532.00  1.524540E+01
      7534.00  1.521450E+01
      7536.00  1.521190E+01
      7538.00  1.522350E+01
      7540.00  1.523060E+01
      7542.00  1.526010E+01
      7544.00  1.521710E+01
      7546.00  1.507280E+01
      7548.00  1.500310E+01
      7550.00  1.504720E+01
      7552.00  1.508300E+01
      7554.00  1.499010E+01
      7556.00  1.481810E+01
      7558.00  1.480740E+01
      7560.00  1.496920E+01
      7562.00  1.499580E+01
      7564.00  1.488050E+01
      7566.00  1.484700E+01
      7568.00  1.502950E+01
      7570.00  1.526110E+01
      7572.00  1.521590E+01
      7574.00  1.493760E+01
      7576.00  1.482580E+01
      7578.00  1.479210E+01
      7580.00  1.473020E+01
      7582.00  1.464930E+01
      7584.00  1.454980E+01
      7586.00  1.442820E+01
      7588.00  1.428680E+01
      7590.00  1.408980E+01
      7592.00  1.399680E+01
      7594.00  1.390380E+01
      7596.00  1.381080E+01
      7598.00  1.371780E+01
      7600.00  1.362480E+01
      7602.00  1.353180E+01
      7604.00  1.343880E+01
      7606.00  1.343880E+01
      7608.00  1.325520E+01
      7610.00  1.316470E+01
      7612.00  1.303930E+01
      7614.00  1.289220E+01
      7616.00  1.272050E+01
      7618.00  1.248610E+01
      7620.00  1.220380E+01
      7622.00  1.209250E+01
      7624.00  1.219690E+01
      7626.00  1.211870E+01
      7628.00  1.193650E+01
      7630.00  1.171290E+01
      7632.00  1.143730E+01
      7634.00  1.113940E+01
      7636.00  1.091110E+01
      7638.00  1.070720E+01
      7640.00  1.057620E+01
      7642.00  1.052540E+01
      7644.00  1.048650E+01
      7646.00  1.046140E+01
      7648.00  1.046120E+01
      7650.00  1.050120E+01
      7652.00  1.057490E+01
      7654.00  1.059310E+01
      7656.00  1.054600E+01
      7658.00  1.056830E+01
      7660.00  1.062520E+01
      7662.00  1.071630E+01
      7664.00  1.085620E+01
      7666.00  1.102030E+01
      7668.00  1.115150E+01
      7670.00  1.126180E+01
      7672.00  1.140520E+01
      7674.00  1.158100E+01
      7676.00  1.173980E+01
      7678.00  1.186380E+01
      7680.00  1.200690E+01
      7682.00  1.221230E+01
      7684.00  1.245900E+01
      7686.00  1.271160E+01
      7688.00  1.305640E+01
      7690.00  1.324430E+01
      7692.00  1.323830E+01
      7694.00  1.332150E+01
      7696.00  1.358550E+01
      7698.00  1.392530E+01
      7700.00  1.423620E+01
      7702.00  1.460770E+01
      7704.00  1.477730E+01
      7706.00  1.472400E+01
      7708.00  1.476510E+01
      7710.00  1.490350E+01
      7712.00  1.504890E+01
      7714.00  1.514330E+01
      7716.00  1.521560E+01
      7718.00  1.533490E+01
      7720.00  1.550680E+01
      7722.00  1.563210E+01
      7724.00  1.573910E+01
      7726.00  1.582300E+01
      7728.00  1.588670E+01
      7730.00  1.592420E+01
      7732.00  1.592030E+01
      7734.00  1.587780E+01
      7736.00  1.581370E+01
      7738.00  1.566770E+01
      7740.00  1.560960E+01
      7742.00  1.562730E+01
      7744.00  1.570210E+01
      7746.00  1.586360E+01
      7748.00  1.609360E+01
      7750.00  1.613920E+01
      7752.00  1.597710E+01
      7754.00  1.598070E+01
      7756.00  1.603810E+01
      7758.00  1.617910E+01
      7760.00  1.648330E+01
      7762.00  1.681470E+01
      7764.00  1.690880E+01
      7766.00  1.685870E+01
      7768.00  1.673120E+01
      7770.00  1.642180E+01
      7772.00  1.618950E+01
      7774.00  1.600390E+01
      7776.00  1.586160E+01
      7778.00  1.578660E+01
      7780.00  1.576500E+01
      7782.00  1.569890E+01
      7784.00  1.563390E+01
      7786.00  1.553040E+01
      7788.00  1.534000E+01
      7790.00  1.522830E+01
      7792.00  1.523520E+01
      7794.00  1.531430E+01
      7796.00  1.544570E+01
      7798.00  1.568840E+01
      7800.00  1.574030E+01
      7802.00  1.563820E+01
      7804.00  1.556330E+01
      7806.00  1.549280E+01
      7808.00  1.542520E+01
      7810.00  1.538170E+01
      7812.00  1.534880E+01
      7814.00  1.523050E+01
      7816.00  1.493020E+01
      7818.00  1.488900E+01
      7820.00  1.511200E+01
      7822.00  1.523930E+01
      7824.00  1.515760E+01
      7826.00  1.502310E+01
      7828.00  1.501390E+01
      7830.00  1.505060E+01
      7832.00  1.518240E+01
      7834.00  1.551970E+01
      7836.00  1.566970E+01
      7838.00  1.563420E+01
      7840.00  1.553670E+01
      7842.00  1.543390E+01
      7844.00  1.529810E+01
      7846.00  1.517230E+01
      7848.00  1.497280E+01
      7850.00  1.493320E+01
      7852.00  1.504830E+01
      7854.00  1.514660E+01
      7856.00  1.521560E+01
      7858.00  1.525650E+01
      7860.00  1.521310E+01
      7862.00  1.508230E+01
      7864.00  1.502600E+01
      7866.00  1.499640E+01
      7868.00  1.498260E+01
      7870.00  1.503020E+01
      7872.00  1.503200E+01
      7874.00  1.489500E+01
      7876.00  1.467480E+01
      7878.00  1.454240E+01
      7880.00  1.443610E+01
      7882.00  1.436180E+01
      7884.00  1.434580E+01
      7886.00  1.430920E+01
      7888.00  1.419420E+01
      7890.00  1.410000E+01
      7892.00  1.419650E+01
      7894.00  1.446340E+01
      7896.00  1.458490E+01
      7898.00  1.469300E+01
      7900.00  1.468790E+01
      7902.00  1.451120E+01
      7904.00  1.434150E+01
      7906.00  1.429430E+01
      7908.00  1.430540E+01
      7910.00  1.430510E+01
      7912.00  1.435540E+01
      7914.00  1.432810E+01
      7916.00  1.421370E+01
      7918.00  1.414480E+01
      7920.00  1.412530E+01
      7922.00  1.416190E+01
      7924.00  1.431580E+01
      7926.00  1.459940E+01
      7928.00  1.476160E+01
      7930.00  1.493770E+01
      7932.00  1.495330E+01
      7934.00  1.472750E+01
      7936.00  1.452410E+01
      7938.00  1.450640E+01
      7940.00  1.458240E+01
      7942.00  1.466100E+01
      7944.00  1.486330E+01
      7946.00  1.488210E+01
      7948.00  1.472510E+01
      7950.00  1.462620E+01
      7952.00  1.466120E+01
      7954.00  1.470550E+01
      7956.00  1.460190E+01
      7958.00  1.438840E+01
      7960.00  1.425100E+01
      7962.00  1.409680E+01
      7964.00  1.403140E+01
      7966.00  1.405800E+01
      7968.00  1.412820E+01
      7970.00  1.423290E+01
      7972.00  1.437080E+01
      7974.00  1.444790E+01
      7976.00  1.452980E+01
      7978.00  1.450350E+01
      7980.00  1.439070E+01
      7982.00  1.422410E+01
      7984.00  1.392270E+01
      7986.00  1.364580E+01
      7988.00  1.367490E+01
      7990.00  1.394520E+01
      7992.00  1.408280E+01
      7994.00  1.425420E+01
      7996.00  1.431170E+01
      7998.00  1.423250E+01
      8000.00  1.413290E+01
      8002.00  1.407000E+01
      8004.00  1.401370E+01
      8006.00  1.397720E+01
      8008.00  1.399770E+01
      8010.00  1.392670E+01
      8012.00  1.376150E+01
      8014.00  1.363530E+01
      8016.00  1.357000E+01
      8018.00  1.353100E+01
      8020.00  1.349910E+01
      8022.00  1.348980E+01
      8024.00  1.344470E+01
      8026.00  1.332450E+01
      8028.00  1.331350E+01
      8030.00  1.342370E+01
      8032.00  1.354810E+01
      8034.00  1.363780E+01
      8036.00  1.371840E+01
      8038.00  1.377390E+01
      8040.00  1.379710E+01
      8042.00  1.383470E+01
      8044.00  1.389580E+01
      8046.00  1.391440E+01
      8048.00  1.386080E+01
      8050.00  1.379090E+01
      8052.00  1.378010E+01
      8054.00  1.380930E+01
      8056.00  1.378150E+01
      8058.00  1.370330E+01
      8060.00  1.365320E+01
      8062.00  1.365040E+01
      8064.00  1.361260E+01
      8066.00  1.348960E+01
      8068.00  1.331500E+01
      8070.00  1.314560E+01
      8072.00  1.286840E+01
      8074.00  1.282230E+01
      8076.00  1.298350E+01
      8078.00  1.313110E+01
      8080.00  1.327310E+01
      8082.00  1.338610E+01
      8084.00  1.337390E+01
      8086.00  1.324390E+01
      8088.00  1.327070E+01
      8090.00  1.348800E+01
      8092.00  1.350510E+01
      8094.00  1.330860E+01
      8096.00  1.310730E+01
      8098.00  1.298720E+01
      8100.00  1.290360E+01
      8102.00  1.290000E+01
      8104.00  1.301380E+01
      8106.00  1.304810E+01
      8108.00  1.307100E+01
      8110.00  1.305450E+01
      8112.00  1.298610E+01
      8114.00  1.289030E+01
      8116.00  1.278670E+01
      8118.00  1.265380E+01
      8120.00  1.260700E+01
      8122.00  1.263870E+01
      8124.00  1.265340E+01
      8126.00  1.269570E+01
      8128.00  1.269650E+01
      8130.00  1.260650E+01
      8132.00  1.246260E+01
      8134.00  1.234330E+01
      8136.00  1.219150E+01
      8138.00  1.211500E+01
      8140.00  1.207020E+01
      8142.00  1.209070E+01
      8144.00  1.220470E+01
      8146.00  1.235490E+01
      8148.00  1.248170E+01
      8150.00  1.262490E+01
      8152.00  1.265100E+01
      8154.00  1.253790E+01
      8156.00  1.249580E+01
      8158.00  1.244920E+01
      8160.00  1.249060E+01
      8162.00  1.270910E+01
      8164.00  1.302630E+01
      8166.00  1.321170E+01
      8168.00  1.337740E+01
      8170.00  1.341470E+01
      8172.00  1.327210E+01
      8174.00  1.319450E+01
      8176.00  1.320540E+01
      8178.00  1.325390E+01
      8180.00  1.332040E+01
      8182.00  1.342130E+01
      8184.00  1.348010E+01
      8186.00  1.357760E+01
      8188.00  1.353370E+01
      8190.00  1.330160E+01
      8192.00  1.309010E+01
      8194.00  1.299390E+01
      8196.00  1.295270E+01
      8198.00  1.293580E+01
      8200.00  1.300840E+01
      8202.00  1.296060E+01
      8204.00  1.275300E+01
      8206.00  1.268500E+01
      8208.00  1.286580E+01
      8210.00  1.306030E+01
      8212.00  1.300320E+01
      8214.00  1.278630E+01
      8216.00  1.264330E+01
      8218.00  1.250410E+01
      8220.00  1.234810E+01
      8222.00  1.215310E+01
      8224.00  1.198700E+01
      8226.00  1.188990E+01
      8228.00  1.182990E+01
      8230.00  1.174820E+01
      8232.00  1.168280E+01
      8234.00  1.156880E+01
      8236.00  1.136080E+01
      8238.00  1.124960E+01
      8240.00  1.131400E+01
      8242.00  1.138110E+01
      8244.00  1.124660E+01
      8246.00  1.097380E+01
      8248.00  1.084220E+01
      8250.00  1.084820E+01
      8252.00  1.070710E+01
      8254.00  1.045150E+01
      8256.00  1.014560E+01
      8258.00  9.780990E+00
      8260.00  9.383600E+00
      8262.00  9.108640E+00
      8264.00  8.960150E+00
      8266.00  8.691950E+00
      8268.00  8.292930E+00
      8270.00  8.014080E+00
      8272.00  7.913380E+00
      8274.00  7.854320E+00
      8276.00  7.721080E+00
      8278.00  7.572570E+00
      8280.00  7.311980E+00
      8282.00  6.855290E+00
      8284.00  6.578580E+00
      8286.00  6.463110E+00
      8288.00  6.355110E+00
      8290.00  6.192490E+00
      8292.00  6.019380E+00
      8294.00  5.872620E+00
      8296.00  5.733790E+00
      8298.00  5.622630E+00
      8300.00  5.562240E+00
      8302.00  5.466650E+00
      8304.00  5.318110E+00
      8306.00  5.160500E+00
      8308.00  5.034710E+00
      8310.00  4.924860E+00
      8312.00  4.803720E+00
      8314.00  4.661850E+00
      8316.00  4.559220E+00
      8318.00  4.489800E+00
      8320.00  4.436160E+00
      8322.00  4.402690E+00
      8324.00  4.379060E+00
      8326.00  4.314560E+00
      8328.00  4.209990E+00
      8330.00  4.140530E+00
      8332.00  4.076770E+00
      8334.00  4.038580E+00
      8336.00  4.036950E+00
      8338.00  4.046500E+00
      8340.00  4.045520E+00
      8342.00  4.046310E+00
      8344.00  4.012180E+00
      8346.00  3.929720E+00
      8348.00  3.882350E+00
      8350.00  3.838310E+00
      8352.00  3.833780E+00
      8354.00  3.908560E+00
      8356.00  4.017120E+00
      8358.00  4.034110E+00
      8360.00  3.975580E+00
      8362.00  3.971880E+00
      8364.00  3.953350E+00
      8366.00  4.009870E+00
      8368.00  4.181310E+00
      8370.00  4.371950E+00
      8372.00  4.484590E+00
      8374.00  4.558330E+00
      8376.00  4.659760E+00
      8378.00  4.774140E+00
      8380.00  4.877310E+00
      8382.00  4.976200E+00
      8384.00  5.066560E+00
      8386.00  5.134830E+00
      8388.00  5.199270E+00
      8390.00  5.316900E+00
      8392.00  5.486680E+00
      8394.00  5.620580E+00
      8396.00  5.715820E+00
      8398.00  5.860620E+00
      8400.00  6.084200E+00
      8402.00  6.312320E+00
      8404.00  6.485460E+00
      8406.00  6.634470E+00
      8408.00  6.692210E+00
      8410.00  6.607390E+00
      8412.00  6.621740E+00
      8414.00  6.704810E+00
      8416.00  6.792840E+00
      8418.00  6.861150E+00
      8420.00  6.931110E+00
      8422.00  7.032170E+00
      8424.00  7.174940E+00
      8426.00  7.263620E+00
      8428.00  7.326080E+00
      8430.00  7.366250E+00
      8432.00  7.361280E+00
      8434.00  7.361240E+00
      8436.00  7.419470E+00
      8438.00  7.513550E+00
      8440.00  7.609520E+00
      8442.00  7.747740E+00
      8444.00  7.832760E+00
      8446.00  7.883850E+00
      8448.00  7.908090E+00
      8450.00  7.886420E+00
      8452.00  7.848750E+00
      8454.00  7.885720E+00
      8456.00  7.963550E+00
      8458.00  8.080150E+00
      8460.00  8.279510E+00
      8462.00  8.431200E+00
      8464.00  8.527760E+00
      8466.00  8.604680E+00
      8468.00  8.687500E+00
      8470.00  8.766210E+00
      8472.00  8.804220E+00
      8474.00  8.776960E+00
      8476.00  8.805970E+00
      8478.00  8.896570E+00
      8480.00  8.958170E+00
      8482.00  8.958150E+00
      8484.00  8.924680E+00
      8486.00  8.883240E+00
      8488.00  8.814050E+00
      8490.00  8.763700E+00
      8492.00  8.692090E+00
      8494.00  8.677230E+00
      8496.00  8.723810E+00
      8498.00  8.808840E+00
      8500.00  8.925380E+00
      8502.00  9.079350E+00
      8504.00  9.203370E+00
      8506.00  9.291300E+00
      8508.00  9.438470E+00
      8510.00  9.651250E+00
      8512.00  9.851220E+00
      8514.00  1.001700E+01
      8516.00  1.016360E+01
      8518.00  1.028340E+01
      8520.00  1.034870E+01
      8522.00  1.050370E+01
      8524.00  1.074620E+01
      8526.00  1.094880E+01
      8528.00  1.109640E+01
      8530.00  1.124580E+01
      8532.00  1.143880E+01
      8534.00  1.165650E+01
      8536.00  1.188440E+01
      8538.00  1.218680E+01
      8540.00  1.236660E+01
      8542.00  1.241010E+01
      8544.00  1.248400E+01
      8546.00  1.262990E+01
      8548.00  1.281980E+01
      8550.00  1.307320E+01
      8552.00  1.341720E+01
      8554.00  1.368560E+01
      8556.00  1.389060E+01
      8558.00  1.415090E+01
      8560.00  1.446150E+01
      8562.00  1.481110E+01
      8564.00  1.521030E+01
      8566.00  1.565670E+01
      8568.00  1.605460E+01
      8570.00  1.648310E+01
      8572.00  1.678700E+01
      8574.00  1.698770E+01
      8576.00  1.713130E+01
      8578.00  1.717320E+01
      8580.00  1.719570E+01
      8582.00  1.743510E+01
      8584.00  1.785860E+01
      8586.00  1.817960E+01
      8588.00  1.856800E+01
      8590.00  1.877570E+01
      8592.00  1.876050E+01
      8594.00  1.867090E+01
      8596.00  1.858850E+01
      8598.00  1.847050E+01
      8600.00  1.852520E+01
      8602.00  1.874670E+01
      8604.00  1.891860E+01
      8606.00  1.908760E+01
      8608.00  1.927480E+01
      8610.00  1.949180E+01
      8612.00  1.972340E+01
      8614.00  1.994250E+01
      8616.00  2.016350E+01
      8618.00  2.036710E+01
      8620.00  2.059050E+01
      8622.00  2.073820E+01
      8624.00  2.079350E+01
      8626.00  2.081630E+01
      8628.00  2.085510E+01
      8630.00  2.088740E+01
      8632.00  2.086330E+01
      8634.00  2.076680E+01
      8636.00  2.070840E+01
      8638.00  2.069440E+01
      8640.00  2.063010E+01
      8642.00  2.046160E+01
      8644.00  2.026030E+01
      8646.00  2.014670E+01
      8648.00  2.005970E+01
      8650.00  2.007310E+01
      8652.00  2.019910E+01
      8654.00  2.033040E+01
      8656.00  2.051860E+01
      8658.00  2.066900E+01
      8660.00  2.068010E+01
      8662.00  2.059990E+01
      8664.00  2.058850E+01
      8666.00  2.061550E+01
      8668.00  2.059910E+01
      8670.00  2.060950E+01
      8672.00  2.051200E+01
      8674.00  2.021440E+01
      8676.00  1.984730E+01
      8678.00  1.964550E+01
      8680.00  1.952320E+01
      8682.00  1.944840E+01
      8684.00  1.946460E+01
      8686.00  1.946880E+01
      8688.00  1.945100E+01
      8690.00  1.946020E+01
      8692.00  1.954880E+01
      8694.00  1.969110E+01
      8696.00  1.972150E+01
      8698.00  1.968040E+01
      8700.00  1.962380E+01
      8702.00  1.955480E+01
      8704.00  1.942400E+01
      8706.00  1.917150E+01
      8708.00  1.889220E+01
      8710.00  1.877780E+01
      8712.00  1.878700E+01
      8714.00  1.873410E+01
      8716.00  1.871120E+01
      8718.00  1.861340E+01
      8720.00  1.842450E+01
      8722.00  1.821100E+01
      8724.00  1.801370E+01
      8726.00  1.781250E+01
      8728.00  1.762590E+01
      8730.00  1.745690E+01
      8732.00  1.727380E+01
      8734.00  1.707730E+01
      8736.00  1.688910E+01
      8738.00  1.667710E+01
      8740.00  1.650130E+01
      8742.00  1.650520E+01
      8744.00  1.667930E+01
      8746.00  1.675930E+01
      8748.00  1.684480E+01
      8750.00  1.688350E+01
      8752.00  1.687390E+01
      8754.00  1.683460E+01
      8756.00  1.679480E+01
      8758.00  1.673780E+01
      8760.00  1.652510E+01
      8762.00  1.610610E+01
      8764.00  1.581340E+01
      8766.00  1.559360E+01
      8768.00  1.534280E+01
      8770.00  1.501880E+01
      8772.00  1.468050E+01
      8774.00  1.440970E+01
      8776.00  1.417470E+01
      8778.00  1.397090E+01
      8780.00  1.381290E+01
      8782.00  1.366010E+01
      8784.00  1.350460E+01
      8786.00  1.337750E+01
      8788.00  1.330720E+01
      8790.00  1.327810E+01
      8792.00  1.322640E+01
      8794.00  1.307240E+01
      8796.00  1.316130E+01
      8798.00  1.355470E+01
      8800.00  1.381320E+01
      8802.00  1.382910E+01
      8804.00  1.373150E+01
      8806.00  1.362510E+01
      8808.00  1.346320E+01
      8810.00  1.327520E+01
      8812.00  1.299160E+01
      8814.00  1.279990E+01
      8816.00  1.269220E+01
      8818.00  1.262860E+01
      8820.00  1.259320E+01
      8822.00  1.259370E+01
      8824.00  1.261690E+01
      8826.00  1.272680E+01
      8828.00  1.272140E+01
      8830.00  1.262570E+01
      8832.00  1.252890E+01
      8834.00  1.243190E+01
      8836.00  1.234510E+01
      8838.00  1.232280E+01
      8840.00  1.236660E+01
      8842.00  1.233190E+01
      8844.00  1.222490E+01
      8846.00  1.216900E+01
      8848.00  1.213660E+01
      8850.00  1.215400E+01
      8852.00  1.227460E+01
      8854.00  1.246290E+01
      8856.00  1.250670E+01
      8858.00  1.240680E+01
      8860.00  1.241280E+01
      8862.00  1.246020E+01
      8864.00  1.253060E+01
      8866.00  1.264760E+01
      8868.00  1.276520E+01
      8870.00  1.279370E+01
      8872.00  1.276330E+01
      8874.00  1.271260E+01
      8876.00  1.253840E+01
      8878.00  1.252580E+01
      8880.00  1.274670E+01
      8882.00  1.292750E+01
      8884.00  1.289990E+01
      8886.00  1.275440E+01
      8888.00  1.255570E+01
      8890.00  1.213990E+01
      8892.00  1.198870E+01
      8894.00  1.202080E+01
      8896.00  1.207330E+01
      8898.00  1.212210E+01
      8900.00  1.219450E+01
      8902.00  1.230520E+01
      8904.00  1.247680E+01
      8906.00  1.252120E+01
      8908.00  1.245510E+01
      8910.00  1.241340E+01
      8912.00  1.239080E+01
      8914.00  1.235150E+01
      8916.00  1.227270E+01
      8918.00  1.216870E+01
      8920.00  1.208200E+01
      8922.00  1.203720E+01
      8924.00  1.189860E+01
      8926.00  1.166520E+01
      8928.00  1.145220E+01
      8930.00  1.124220E+01
      8932.00  1.107950E+01
      8934.00  1.108320E+01
      8936.00  1.124200E+01
      8938.00  1.130050E+01
      8940.00  1.132490E+01
      8942.00  1.136280E+01
      8944.00  1.143980E+01
      8946.00  1.147530E+01
      8948.00  1.140920E+01
      8950.00  1.127920E+01
      8952.00  1.118100E+01
      8954.00  1.102040E+01
      8956.00  1.100670E+01
      8958.00  1.111930E+01
      8960.00  1.124230E+01
      8962.00  1.138030E+01
      8964.00  1.151440E+01
      8966.00  1.158990E+01
      8968.00  1.163590E+01
      8970.00  1.160440E+01
      8972.00  1.143960E+01
      8974.00  1.136600E+01
      8976.00  1.141160E+01
      8978.00  1.141900E+01
      8980.00  1.129700E+01
      8982.00  1.109910E+01
      8984.00  1.088630E+01
      8986.00  1.052790E+01
      8988.00  1.040780E+01
      8990.00  1.041390E+01
      8992.00  1.054410E+01
      8994.00  1.092280E+01
      8996.00  1.130770E+01
      8998.00  1.128730E+01
      9000.00  1.095900E+01
      9002.00  1.085930E+01
      9004.00  1.076180E+01
      9006.00  1.083890E+01
      9008.00  1.120830E+01
      9010.00  1.150640E+01
      9012.00  1.151880E+01
      9014.00  1.137320E+01
      9016.00  1.120560E+01
      9018.00  1.084090E+01
      9020.00  1.073090E+01
      9022.00  1.077390E+01
      9024.00  1.087960E+01
      9026.00  1.108250E+01
      9028.00  1.130930E+01
      9030.00  1.142710E+01
      9032.00  1.148380E+01
      9034.00  1.153560E+01
      9036.00  1.160300E+01
      9038.00  1.156350E+01
      9040.00  1.136170E+01
      9042.00  1.118830E+01
      9044.00  1.115480E+01
      9046.00  1.119200E+01
      9048.00  1.121030E+01
      9050.00  1.123890E+01
      9052.00  1.128830E+01
      9054.00  1.143120E+01
      9056.00  1.144880E+01
      9058.00  1.129530E+01
      9060.00  1.105190E+01
      9062.00  1.077950E+01
      9064.00  1.042970E+01
      9066.00  1.018660E+01
      9068.00  1.002770E+01
      9070.00  9.835800E+00
      9072.00  9.590520E+00
      9074.00  9.394390E+00
      9076.00  9.309130E+00
      9078.00  9.293140E+00
      9080.00  9.271620E+00
      9082.00  9.297990E+00
      9084.00  9.274750E+00
      9086.00  9.183380E+00
      9088.00  9.160920E+00
      9090.00  9.242840E+00
      9092.00  9.361970E+00
      9094.00  9.472780E+00
      9096.00  9.630270E+00
      9098.00  9.532720E+00
      9100.00  9.125770E+00
      9102.00  8.894720E+00
      9104.00  8.783150E+00
      9106.00  8.714330E+00
      9108.00  8.663300E+00
      9110.00  8.643820E+00
      9112.00  8.651700E+00
      9114.00  8.695310E+00
      9116.00  8.749040E+00
      9118.00  8.871850E+00
      9120.00  8.914710E+00
      9122.00  8.823900E+00
      9124.00  8.706240E+00
      9126.00  8.681780E+00
      9128.00  8.702580E+00
      9130.00  8.742760E+00
      9132.00  8.809760E+00
      9134.00  8.906630E+00
      9136.00  9.058260E+00
      9138.00  9.199870E+00
      9140.00  9.304470E+00
      9142.00  9.385720E+00
      9144.00  9.421750E+00
      9146.00  9.332180E+00
      9148.00  9.451480E+00
      9150.00  9.776750E+00
      9152.00  1.002650E+01
      9154.00  1.018880E+01
      9156.00  1.028770E+01
      9158.00  1.027650E+01
      9160.00  1.013370E+01
      9162.00  1.024560E+01
      9164.00  1.053810E+01
      9166.00  1.084540E+01
      9168.00  1.127370E+01
      9170.00  1.163150E+01
      9172.00  1.182180E+01
      9174.00  1.190640E+01
      9176.00  1.192430E+01
      9178.00  1.182350E+01
      9180.00  1.174940E+01
      9182.00  1.163010E+01
      9184.00  1.154910E+01
      9186.00  1.151320E+01
      9188.00  1.150690E+01
      9190.00  1.153940E+01
      9192.00  1.162590E+01
      9194.00  1.157560E+01
      9196.00  1.134250E+01
      9198.00  1.127550E+01
      9200.00  1.137180E+01
      9202.00  1.146470E+01
      9204.00  1.148550E+01
      9206.00  1.147700E+01
      9208.00  1.145020E+01
      9210.00  1.133350E+01
      9212.00  1.139180E+01
      9214.00  1.156680E+01
      9216.00  1.179680E+01
      9218.00  1.216240E+01
      9220.00  1.249660E+01
      9222.00  1.256840E+01
      9224.00  1.245900E+01
      9226.00  1.236460E+01
      9228.00  1.222350E+01
      9230.00  1.202740E+01
      9232.00  1.167860E+01
      9234.00  1.143370E+01
      9236.00  1.146250E+01
      9238.00  1.161940E+01
      9240.00  1.158050E+01
      9242.00  1.144740E+01
      9244.00  1.128800E+01
      9246.00  1.101590E+01
      9248.00  1.082560E+01
      9250.00  1.076920E+01
      9252.00  1.072840E+01
      9254.00  1.056400E+01
      9256.00  1.031020E+01
      9258.00  1.026280E+01
      9260.00  1.039510E+01
      9262.00  1.047930E+01
      9264.00  1.059170E+01
      9266.00  1.065420E+01
      9268.00  1.063590E+01
      9270.00  1.055310E+01
      9272.00  1.037990E+01
      9274.00  1.005360E+01
      9276.00  9.867180E+00
      9278.00  9.726780E+00
      9280.00  9.649390E+00
      9282.00  9.635670E+00
      9284.00  9.683240E+00
      9286.00  9.834130E+00
      9288.00  1.010880E+01
      9290.00  1.003880E+01
      9292.00  9.530200E+00
      9294.00  9.389150E+00
      9296.00  9.586030E+00
      9298.00  9.760070E+00
      9300.00  9.777830E+00
      9302.00  9.727110E+00
      9304.00  9.629740E+00
      9306.00  9.407610E+00
      9308.00  9.349310E+00
      9310.00  9.406360E+00
      9312.00  9.464560E+00
      9314.00  9.559450E+00
      9316.00  9.623080E+00
      9318.00  9.543200E+00
      9320.00  9.350990E+00
      9322.00  9.286110E+00
      9324.00  9.182510E+00
      9326.00  9.323170E+00
      9328.00  9.830460E+00
      9330.00  1.022520E+01
      9332.00  1.031110E+01
      9334.00  1.023060E+01
      9336.00  1.007440E+01
      9338.00  9.614650E+00
      9340.00  9.665610E+00
      9342.00  1.024090E+01
      9344.00  1.056810E+01
      9346.00  1.057230E+01
      9348.00  1.048390E+01
      9350.00  1.046850E+01
      9352.00  1.045900E+01
      9354.00  1.036280E+01
      9356.00  1.017470E+01
      9358.00  1.001190E+01
      9360.00  9.673080E+00
      9362.00  9.621830E+00
      9364.00  1.020870E+01
      9366.00  1.106270E+01
      9368.00  1.131350E+01
      9370.00  1.126970E+01
      9372.00  1.100040E+01
      9374.00  1.022880E+01
      9376.00  9.717790E+00
      9378.00  9.517160E+00
      9380.00  9.439050E+00
      9382.00  9.375640E+00
      9384.00  9.377450E+00
      9386.00  9.410730E+00
      9388.00  9.522990E+00
      9390.00  9.595350E+00
      9392.00  9.652790E+00
      9394.00  9.699070E+00
      9396.00  9.717640E+00
      9398.00  9.732620E+00
      9400.00  9.829210E+00
      9402.00  1.005210E+01
      9404.00  1.006720E+01
      9406.00  9.908670E+00
      9408.00  9.778190E+00
      9410.00  9.639110E+00
      9412.00  9.548200E+00
      9414.00  9.605070E+00
      9416.00  9.776710E+00
      9418.00  9.855200E+00
      9420.00  9.933410E+00
      9422.00  9.934090E+00
      9424.00  9.814520E+00
      9426.00  9.735000E+00
      9428.00  9.761200E+00
      9430.00  9.837090E+00
      9432.00  9.910980E+00
      9434.00  1.009750E+01
      9436.00  9.973350E+00
      9438.00  9.502040E+00
      9440.00  9.180460E+00
      9442.00  8.979700E+00
      9444.00  8.897320E+00
      9446.00  8.992750E+00
      9448.00  9.245240E+00
      9450.00  9.531620E+00
      9452.00  1.008500E+01
      9454.00  1.027350E+01
      9456.00  1.014050E+01
      9458.00  9.960500E+00
      9460.00  9.756590E+00
      9462.00  9.559730E+00
      9464.00  9.632090E+00
      9466.00  9.960670E+00
      9468.00  1.015420E+01
      9470.00  1.043910E+01
      9472.00  1.049390E+01
      9474.00  1.023390E+01
      9476.00  9.896660E+00
      9478.00  9.659070E+00
      9480.00  9.432360E+00
      9482.00  9.383840E+00
      9484.00  9.578190E+00
      9486.00  9.616380E+00
      9488.00  9.485800E+00
      9490.00  9.472790E+00
      9492.00  9.761450E+00
      9494.00  1.013580E+01
      9496.00  1.014700E+01
      9498.00  9.888510E+00
      9500.00  9.718100E+00
      9502.00  9.429430E+00
      9504.00  9.314600E+00
      9506.00  9.460120E+00
      9508.00  9.622940E+00
      9510.00  9.588410E+00
      9512.00  9.449990E+00
      9514.00  9.364700E+00
      9516.00  9.246010E+00
      9518.00  9.205270E+00
      9520.00  9.210660E+00
      9522.00  9.275900E+00
      9524.00  9.430960E+00
      9526.00  9.632490E+00
      9528.00  9.766540E+00
      9530.00  9.830630E+00
      9532.00  1.004280E+01
      9534.00  1.049930E+01
      9536.00  1.070530E+01
      9538.00  1.059470E+01
      9540.00  1.040690E+01
      9542.00  1.032030E+01
      9544.00  1.025330E+01
      9546.00  1.014800E+01
      9548.00  1.005160E+01
      9550.00  9.872030E+00
      9552.00  9.559570E+00
      9554.00  9.309920E+00
      9556.00  9.185260E+00
      9558.00  9.130870E+00
      9560.00  9.102240E+00
      9562.00  9.091470E+00
      9564.00  9.219690E+00
      9566.00  9.587480E+00
      9568.00  9.775510E+00
      9570.00  9.781740E+00
      9572.00  9.692900E+00
      9574.00  9.524180E+00
      9576.00  9.262740E+00
      9578.00  9.139960E+00
      9580.00  9.122530E+00
      9582.00  9.060110E+00
      9584.00  8.934220E+00
      9586.00  8.896890E+00
      9588.00  9.012610E+00
      9590.00  9.209380E+00
      9592.00  9.394140E+00
      9594.00  9.662420E+00
      9596.00  9.717960E+00
      9598.00  9.610100E+00
      9600.00  9.467570E+00
      9602.00  9.188830E+00
      9604.00  8.980570E+00
      9606.00  9.064010E+00
      9608.00  9.339820E+00
      9610.00  9.473510E+00
      9612.00  9.605170E+00
      9614.00  9.647120E+00
      9616.00  9.600660E+00
      9618.00  9.522880E+00
      9620.00  9.435880E+00
      9622.00  9.314840E+00
      9624.00  9.105280E+00
      9626.00  8.726880E+00
      9628.00  8.695730E+00
      9630.00  9.010480E+00
      9632.00  9.186000E+00
      9634.00  9.206130E+00
      9636.00  9.218290E+00
      9638.00  9.320920E+00
      9640.00  9.467860E+00
      9642.00  9.556320E+00
      9644.00  9.622330E+00
      9646.00  9.662770E+00
      9648.00  9.688080E+00
      9650.00  9.671830E+00
      9652.00  9.553540E+00
      9654.00  9.430020E+00
      9656.00  9.538020E+00
      9658.00  9.911040E+00
      9660.00  9.893170E+00
      9662.00  9.427390E+00
      9664.00  9.314190E+00
      9666.00  9.689830E+00
      9668.00  1.004240E+01
      9670.00  9.966170E+00
      9672.00  9.656010E+00
      9674.00  9.571380E+00
      9676.00  9.603600E+00
      9678.00  9.589140E+00
      9680.00  9.568520E+00
      9682.00  9.547960E+00
      9684.00  9.493010E+00
      9686.00  9.463580E+00
      9688.00  9.626620E+00
      9690.00  1.005850E+01
      9692.00  1.000000E+01
      9694.00  9.492840E+00
      9696.00  9.136870E+00
      9698.00  8.832510E+00
      9700.00  8.659440E+00
      9702.00  8.744950E+00
      9704.00  9.025910E+00
      9706.00  9.258520E+00
      9708.00  9.689660E+00
      9710.00  9.770930E+00
      9712.00  9.487830E+00
      9714.00  9.283450E+00
      9716.00  9.304370E+00
      9718.00  9.374930E+00
      9720.00  9.280290E+00
      9722.00  9.066450E+00
      9724.00  8.945510E+00
      9726.00  8.811570E+00
      9728.00  8.786970E+00
      9730.00  8.923360E+00
      9732.00  9.065160E+00
      9734.00  9.101730E+00
      9736.00  9.088090E+00
      9738.00  9.054950E+00
      9740.00  8.952530E+00
      9742.00  8.912970E+00
      9744.00  8.882550E+00
      9746.00  8.911450E+00
      9748.00  9.065140E+00
      9750.00  9.236700E+00
      9752.00  9.218000E+00
      9754.00  9.057530E+00
      9756.00  8.946910E+00
      9758.00  8.809780E+00
      9760.00  8.696660E+00
      9762.00  8.560170E+00
      9764.00  8.498590E+00
      9766.00  8.630450E+00
      9768.00  8.890440E+00
      9770.00  8.937090E+00
      9772.00  8.768140E+00
      9774.00  8.791030E+00
      9776.00  8.929650E+00
      9778.00  9.085070E+00
      9780.00  9.265740E+00
      9782.00  9.441290E+00
      9784.00  9.529580E+00
      9786.00  9.594250E+00
      9788.00  9.454770E+00
      9790.00  8.945280E+00
      9792.00  8.757230E+00
      9794.00  8.961450E+00
      9796.00  9.178070E+00
      9798.00  9.141350E+00
      9800.00  8.992670E+00
      9802.00  9.020350E+00
      9804.00  9.254070E+00
      9806.00  9.253550E+00
      9808.00  9.071260E+00
      9810.00  8.902880E+00
      9812.00  8.745220E+00
      9814.00  8.632440E+00
      9816.00  8.701280E+00
      9818.00  8.931940E+00
      9820.00  9.114700E+00
      9822.00  9.413550E+00
      9824.00  9.523470E+00
      9826.00  9.404700E+00
      9828.00  9.250530E+00
      9830.00  9.145700E+00
      9832.00  9.053530E+00
      9834.00  9.174830E+00
      9836.00  9.661310E+00
      9838.00  9.759420E+00
      9840.00  9.683150E+00
      9842.00  9.428150E+00
      9844.00  8.801800E+00
      9846.00  8.157650E+00
      9848.00  8.195290E+00
      9850.00  8.799140E+00
      9852.00  8.940540E+00
      9854.00  8.796800E+00
      9856.00  8.829770E+00
      9858.00  9.117860E+00
      9860.00  9.316210E+00
      9862.00  9.167850E+00
      9864.00  8.820830E+00
      9866.00  8.660730E+00
      9868.00  8.523240E+00
      9870.00  8.508180E+00
      9872.00  8.710910E+00
      9874.00  8.781920E+00
      9876.00  8.567460E+00
      9878.00  8.311720E+00
      9880.00  8.369200E+00
      9882.00  8.657930E+00
      9884.00  8.783970E+00
      9886.00  8.896960E+00
      9888.00  8.919200E+00
      9890.00  8.789250E+00
      9892.00  8.684290E+00
      9894.00  8.750360E+00
      9896.00  8.898610E+00
      9898.00  8.863860E+00
      9900.00  8.652860E+00
      9902.00  8.560880E+00
      9904.00  8.490300E+00
      9906.00  8.475210E+00
      9908.00  8.534750E+00
      9910.00  8.636520E+00
      9912.00  8.761180E+00
      9914.00  8.982120E+00
      9916.00  8.863800E+00
      9918.00  8.303610E+00
      9920.00  8.059270E+00
      9922.00  8.062870E+00
      9924.00  8.204140E+00
      9926.00  8.499330E+00
      9928.00  8.920490E+00
      9930.00  9.117980E+00
      9932.00  9.239340E+00
      9934.00  9.201370E+00
      9936.00  8.838720E+00
      9938.00  8.690600E+00
      9940.00  8.940980E+00
      9942.00  9.289820E+00
      9944.00  9.385270E+00
      9946.00  9.384910E+00
      9948.00  9.194690E+00
      9950.00  8.641070E+00
      9952.00  8.365680E+00
      9954.00  8.297150E+00
      9956.00  8.367250E+00
      9958.00  8.616170E+00
      9960.00  8.999530E+00
      9962.00  9.153980E+00
      9964.00  9.202850E+00
      9966.00  9.164720E+00
      9968.00  8.896210E+00
      9970.00  8.790860E+00
      9972.00  8.955450E+00
      9974.00  9.215800E+00
      9976.00  9.410760E+00
      9978.00  9.654360E+00
      9980.00  9.604680E+00
      9982.00  9.193590E+00
      9984.00  8.982170E+00
      9986.00  8.855000E+00
      9988.00  8.876300E+00
      9990.00  9.183160E+00
      9992.00  9.664810E+00
      9994.00  9.803570E+00
      9996.00  9.690210E+00
      9998.00  9.654200E+00
