      3472.00  1.568470E+00
      3474.00  7.826160E-01
      3476.00  3.058310E+00
      3478.00  1.824840E+00
      3480.00  1.559430E+00
      3482.00  8.346470E-01
      3484.00  2.308830E+00
      3486.00  1.707030E+00
      3488.00  3.246800E+00
      3490.00  1.852260E+00
      3492.00  2.443870E-01
      3494.00  7.931850E-01
      3496.00  1.408820E+00
      3498.00  1.095830E+00
      3500.00  1.482930E+00
      3502.00  1.870030E+00
      3504.00  2.257140E+00
      3506.00  2.644240E+00
      3508.00  2.644240E+00
      3510.00  2.918310E+00
      3512.00  1.564670E+00
      3514.00  6.851440E-01
      3516.00  2.698320E+00
      3518.00  1.507870E+00
      3520.00  4.150470E-01
      3522.00  5.146030E-01
      3524.00  6.141600E-01
      3526.00  7.137160E-01
      3528.00  7.137160E-01
      3530.00  1.514950E+00
      3532.00  2.316180E+00
      3534.00  3.117410E+00
      3536.00  3.117410E+00
      3538.00  1.935400E+00
      3540.00  2.634440E+00
      3542.00  2.769550E+00
      3544.00  3.153940E+00
      3546.00  1.562920E+00
      3548.00  3.262440E+00
      3550.00  1.612130E+00
      3552.00  1.966790E+00
      3554.00  3.678120E+00
      3556.00  1.263680E+00
      3558.00  4.211330E+00
      3560.00  3.993530E+00
      3562.00  2.736470E+00
      3564.00  2.292870E+00
      3566.00  1.905080E+00
      3568.00  5.936940E-01
      3570.00  3.535790E+00
      3572.00  3.479400E+00
      3574.00  1.868840E+00
      3576.00  6.555000E-01
      3578.00  1.989750E+00
      3580.00  1.121280E+00
      3582.00  2.202990E+00
      3584.00  2.334370E+00
      3586.00  2.873240E+00
      3588.00  3.383240E+00
      3590.00  1.340230E+00
      3592.00  3.714400E+00
      3594.00  3.866910E+00
      3596.00  2.282580E+00
      3598.00  2.680310E+00
      3600.00  1.068550E+00
      3602.00  3.219080E+00
      3604.00  2.112900E+00
      3606.00  1.079890E+00
      3608.00  4.177500E+00
      3610.00  1.503760E+00
      3612.00  1.344350E+00
      3614.00  2.964490E+00
      3616.00  2.332870E+00
      3618.00  2.427710E+00
      3620.00  3.995520E+00
      3622.00  1.496050E+00
      3624.00  1.779100E+00
      3626.00  1.528030E+00
      3628.00  1.928520E+00
      3630.00  1.971070E+00
      3632.00  2.646660E+00
      3634.00  3.001470E+00
      3636.00  9.968510E-01
      3638.00  1.163970E+00
      3640.00  2.545890E+00
      3642.00  2.425670E+00
      3644.00  2.584720E+00
      3646.00  3.104040E-01
      3648.00  1.078800E+00
      3650.00  6.527090E-01
      3652.00  2.183090E+00
      3654.00  1.470510E+00
      3656.00  1.147040E+00
      3658.00  1.358360E+00
      3660.00  2.501110E+00
      3662.00  6.179320E-01
      3664.00  6.607270E-01
      3666.00  1.939380E+00
      3668.00  2.750570E+00
      3670.00  1.639740E+00
      3672.00  1.212890E+00
      3674.00  2.847370E+00
      3676.00  2.843850E+00
      3678.00  1.715280E+00
      3680.00  3.334810E+00
      3682.00  1.194950E+00
      3684.00  1.952490E+00
      3686.00  6.910630E-01
      3688.00  3.301120E+00
      3690.00  6.697320E-01
      3692.00  1.820830E+00
      3694.00  2.740500E+00
      3696.00  1.958730E+00
      3698.00  3.280410E+00
      3700.00  2.862650E+00
      3702.00  2.832980E+00
      3704.00  2.629150E+00
      3706.00  2.758450E+00
      3708.00  8.774460E-01
      3710.00  1.383760E+00
      3712.00  3.805140E+00
      3714.00  2.624070E+00
      3716.00  2.912180E+00
      3718.00  3.710640E+00
      3720.00  3.107710E+00
      3722.00  3.189010E+00
      3724.00  4.117580E+00
      3726.00  2.545460E+00
      3728.00  2.898920E+00
      3730.00  2.213420E+00
      3732.00  2.312130E+00
      3734.00  2.283750E+00
      3736.00  3.367330E+00
      3738.00  3.168990E+00
      3740.00  3.999210E+00
      3742.00  2.966020E+00
      3744.00  2.539680E+00
      3746.00  3.615640E+00
      3748.00  3.447530E+00
      3750.00  1.702160E+00
      3752.00  2.254690E+00
      3754.00  3.167420E+00
      3756.00  3.391550E+00
      3758.00  2.349330E+00
      3760.00  2.537830E+00
      3762.00  2.467590E+00
      3764.00  2.333790E+00
      3766.00  3.328080E+00
      3768.00  1.925270E+00
      3770.00  2.485650E+00
      3772.00  2.553410E+00
      3774.00  2.184550E+00
      3776.00  2.178140E+00
      3778.00  2.888840E+00
      3780.00  2.809800E+00
      3782.00  1.295790E+00
      3784.00  1.454930E+00
      3786.00  1.652600E+00
      3788.00  2.572860E+00
      3790.00  1.088360E+00
      3792.00  2.016810E+00
      3794.00  2.352270E+00
      3796.00  2.653430E+00
      3798.00  1.999260E+00
      3800.00  2.461450E+00
      3802.00  1.470310E+00
      3804.00  1.043610E+00
      3806.00  2.445660E+00
      3808.00  1.973070E+00
      3810.00  1.207620E+00
      3812.00  2.804920E+00
      3814.00  2.452160E+00
      3816.00  3.232810E+00
      3818.00  2.957540E+00
      3820.00  9.721600E-01
      3822.00  2.065110E+00
      3824.00  2.667330E+00
      3826.00  1.628260E+00
      3828.00  1.421690E+00
      3830.00  9.867950E-01
      3832.00  2.099700E+00
      3834.00  1.653340E+00
      3836.00  1.464510E+00
      3838.00  1.562540E+00
      3840.00  1.651400E+00
      3842.00  6.957920E-01
      3844.00  1.448110E+00
      3846.00  2.339130E+00
      3848.00  1.093760E+00
      3850.00  1.959610E+00
      3852.00  1.318260E+00
      3854.00  1.519550E+00
      3856.00  1.887480E+00
      3858.00  9.114520E-01
      3860.00  1.728520E+00
      3862.00  1.208310E+00
      3864.00  1.647150E+00
      3866.00  1.473810E+00
      3868.00  1.239150E+00
      3870.00  1.565880E+00
      3872.00  1.062080E+00
      3874.00  1.722760E+00
      3876.00  1.419980E+00
      3878.00  1.335530E+00
      3880.00  1.587440E+00
      3882.00  2.156410E+00
      3884.00  1.825600E+00
      3886.00  1.995630E+00
      3888.00  2.204320E+00
      3890.00  2.396140E+00
      3892.00  2.270580E+00
      3894.00  2.757620E+00
      3896.00  3.055430E+00
      3898.00  2.120290E+00
      3900.00  3.105080E+00
      3902.00  3.220380E+00
      3904.00  1.803220E+00
      3906.00  2.046800E+00
      3908.00  2.382140E+00
      3910.00  3.247500E+00
      3912.00  2.739540E+00
      3914.00  2.961120E+00
      3916.00  2.988820E+00
      3918.00  2.151730E+00
      3920.00  3.135910E+00
      3922.00  2.816580E+00
      3924.00  3.167520E+00
      3926.00  3.190260E+00
      3928.00  3.632030E+00
      3930.00  3.455420E+00
      3932.00  4.377320E+00
      3934.00  4.531460E+00
      3936.00  3.618780E+00
      3938.00  4.751800E+00
      3940.00  4.739840E+00
      3942.00  4.473600E+00
      3944.00  5.613750E+00
      3946.00  5.269980E+00
      3948.00  5.782890E+00
      3950.00  6.087140E+00
      3952.00  5.831560E+00
      3954.00  6.657840E+00
      3956.00  6.253720E+00
      3958.00  7.222290E+00
      3960.00  6.596970E+00
      3962.00  6.647920E+00
      3964.00  6.512390E+00
      3966.00  5.584420E+00
      3968.00  7.537950E+00
      3970.00  6.831160E+00
      3972.00  6.790990E+00
      3974.00  6.980390E+00
      3976.00  6.855870E+00
      3978.00  7.224440E+00
      3980.00  7.450000E+00
      3982.00  6.517280E+00
      3984.00  7.089030E+00
      3986.00  6.129690E+00
      3988.00  6.827270E+00
      3990.00  7.025010E+00
      3992.00  6.669300E+00
      3994.00  6.821860E+00
      3996.00  6.819190E+00
      3998.00  6.806350E+00
      4000.00  6.137890E+00
      4002.00  6.630500E+00
      4004.00  7.683030E+00
      4006.00  5.821600E+00
      4008.00  6.177570E+00
      4010.00  6.960220E+00
      4012.00  7.038240E+00
      4014.00  6.062240E+00
      4016.00  6.597790E+00
      4018.00  6.269330E+00
      4020.00  6.020280E+00
      4022.00  6.580910E+00
      4024.00  6.197050E+00
      4026.00  5.700300E+00
      4028.00  4.965690E+00
      4030.00  4.855020E+00
      4032.00  5.300170E+00
      4034.00  5.071940E+00
      4036.00  4.518230E+00
      4038.00  4.295610E+00
      4040.00  3.980890E+00
      4042.00  4.069520E+00
      4044.00  3.712850E+00
      4046.00  3.948600E+00
      4048.00  4.400300E+00
      4050.00  4.100890E+00
      4052.00  4.271610E+00
      4054.00  4.587980E+00
      4056.00  4.634940E+00
      4058.00  5.582760E+00
      4060.00  5.477250E+00
      4062.00  6.471820E+00
      4064.00  6.685740E+00
      4066.00  7.975870E+00
      4068.00  8.448200E+00
      4070.00  9.591590E+00
      4072.00  9.814340E+00
      4074.00  9.283790E+00
      4076.00  9.949560E+00
      4078.00  1.024930E+01
      4080.00  8.975410E+00
      4082.00  1.027660E+01
      4084.00  1.021320E+01
      4086.00  1.008030E+01
      4088.00  1.076190E+01
      4090.00  1.060910E+01
      4092.00  1.006130E+01
      4094.00  1.067560E+01
      4096.00  9.550740E+00
      4098.00  9.157470E+00
      4100.00  9.489340E+00
      4102.00  9.109900E+00
      4104.00  9.503600E+00
      4106.00  9.438820E+00
      4108.00  9.586810E+00
      4110.00  9.301350E+00
      4112.00  1.007110E+01
      4114.00  9.768910E+00
      4116.00  9.872350E+00
      4118.00  9.979340E+00
      4120.00  9.259120E+00
      4122.00  9.179040E+00
      4124.00  8.326900E+00
      4126.00  8.653500E+00
      4128.00  8.660150E+00
      4130.00  7.815280E+00
      4132.00  7.993850E+00
      4134.00  7.462100E+00
      4136.00  7.949960E+00
      4138.00  7.109720E+00
      4140.00  7.655180E+00
      4142.00  7.494170E+00
      4144.00  6.957500E+00
      4146.00  7.069250E+00
      4148.00  7.983640E+00
      4150.00  7.031080E+00
      4152.00  7.170630E+00
      4154.00  7.082330E+00
      4156.00  6.940840E+00
      4158.00  7.332970E+00
      4160.00  7.007870E+00
      4162.00  6.903520E+00
      4164.00  6.650880E+00
      4166.00  6.033390E+00
      4168.00  5.850160E+00
      4170.00  5.587180E+00
      4172.00  5.818640E+00
      4174.00  5.386730E+00
      4176.00  5.010820E+00
      4178.00  4.652410E+00
      4180.00  4.732340E+00
      4182.00  4.369970E+00
      4184.00  4.659590E+00
      4186.00  4.268100E+00
      4188.00  4.381540E+00
      4190.00  4.391520E+00
      4192.00  4.707680E+00
      4194.00  4.672330E+00
      4196.00  4.801530E+00
      4198.00  4.463490E+00
      4200.00  4.386460E+00
      4202.00  4.056310E+00
      4204.00  4.146490E+00
      4206.00  4.418250E+00
      4208.00  4.153180E+00
      4210.00  4.662870E+00
      4212.00  4.879240E+00
      4214.00  4.970060E+00
      4216.00  4.599130E+00
      4218.00  5.022300E+00
      4220.00  5.028530E+00
      4222.00  4.808710E+00
      4224.00  5.321330E+00
      4226.00  5.479650E+00
      4228.00  5.118050E+00
      4230.00  4.860610E+00
      4232.00  5.210760E+00
      4234.00  5.212620E+00
      4236.00  4.806510E+00
      4238.00  4.366100E+00
      4240.00  4.786940E+00
      4242.00  4.393190E+00
      4244.00  4.690010E+00
      4246.00  4.603680E+00
      4248.00  4.536840E+00
      4250.00  3.993080E+00
      4252.00  4.137610E+00
      4254.00  3.926260E+00
      4256.00  3.835820E+00
      4258.00  3.645540E+00
      4260.00  3.378940E+00
      4262.00  4.088440E+00
      4264.00  3.496160E+00
      4266.00  3.278440E+00
      4268.00  3.598940E+00
      4270.00  3.377400E+00
      4272.00  3.102040E+00
      4274.00  3.805110E+00
      4276.00  3.509990E+00
      4278.00  3.659450E+00
      4280.00  3.255600E+00
      4282.00  3.477180E+00
      4284.00  3.357860E+00
      4286.00  3.472230E+00
      4288.00  3.638120E+00
      4290.00  3.570340E+00
      4292.00  4.093270E+00
      4294.00  3.919890E+00
      4296.00  4.170570E+00
      4298.00  4.613630E+00
      4300.00  4.855920E+00
      4302.00  5.086860E+00
      4304.00  5.080080E+00
      4306.00  5.107920E+00
      4308.00  5.315510E+00
      4310.00  5.448160E+00
      4312.00  5.907730E+00
      4314.00  5.527420E+00
      4316.00  6.156330E+00
      4318.00  5.738650E+00
      4320.00  6.162580E+00
      4322.00  6.303100E+00
      4324.00  6.249790E+00
      4326.00  5.825800E+00
      4328.00  6.427470E+00
      4330.00  5.602500E+00
      4332.00  5.604700E+00
      4334.00  5.618130E+00
      4336.00  5.627980E+00
      4338.00  5.347870E+00
      4340.00  5.835110E+00
      4342.00  5.414830E+00
      4344.00  5.529310E+00
      4346.00  5.421380E+00
      4348.00  5.037510E+00
      4350.00  5.206360E+00
      4352.00  5.162340E+00
      4354.00  5.363280E+00
      4356.00  5.666250E+00
      4358.00  5.812480E+00
      4360.00  6.304460E+00
      4362.00  5.850890E+00
      4364.00  6.145210E+00
      4366.00  5.943030E+00
      4368.00  5.771000E+00
      4370.00  6.198670E+00
      4372.00  6.348180E+00
      4374.00  7.016020E+00
      4376.00  6.707640E+00
      4378.00  6.435510E+00
      4380.00  6.433380E+00
      4382.00  6.409220E+00
      4384.00  6.813270E+00
      4386.00  6.652460E+00
      4388.00  6.577360E+00
      4390.00  7.106680E+00
      4392.00  6.835220E+00
      4394.00  6.952090E+00
      4396.00  6.713970E+00
      4398.00  7.067350E+00
      4400.00  7.123890E+00
      4402.00  7.318320E+00
      4404.00  6.991520E+00
      4406.00  6.791470E+00
      4408.00  6.876050E+00
      4410.00  6.941320E+00
      4412.00  6.801050E+00
      4414.00  7.062500E+00
      4416.00  7.005300E+00
      4418.00  7.147520E+00
      4420.00  7.016390E+00
      4422.00  6.722140E+00
      4424.00  6.612300E+00
      4426.00  6.656730E+00
      4428.00  6.671030E+00
      4430.00  6.750390E+00
      4432.00  6.337040E+00
      4434.00  6.812600E+00
      4436.00  7.172010E+00
      4438.00  6.899790E+00
      4440.00  7.062580E+00
      4442.00  7.043350E+00
      4444.00  7.114220E+00
      4446.00  7.014330E+00
      4448.00  7.582210E+00
      4450.00  7.416040E+00
      4452.00  7.573590E+00
      4454.00  7.104640E+00
      4456.00  7.284340E+00
      4458.00  7.169300E+00
      4460.00  6.942310E+00
      4462.00  7.269210E+00
      4464.00  6.840020E+00
      4466.00  6.965710E+00
      4468.00  6.738280E+00
      4470.00  6.947050E+00
      4472.00  6.923830E+00
      4474.00  6.547790E+00
      4476.00  6.946740E+00
      4478.00  6.778030E+00
      4480.00  7.160040E+00
      4482.00  6.046720E+00
      4484.00  6.557420E+00
      4486.00  6.366860E+00
      4488.00  6.109650E+00
      4490.00  6.262250E+00
      4492.00  6.644690E+00
      4494.00  6.688470E+00
      4496.00  6.375140E+00
      4498.00  6.763750E+00
      4500.00  6.435690E+00
      4502.00  6.926030E+00
      4504.00  6.773430E+00
      4506.00  6.668620E+00
      4508.00  6.930010E+00
      4510.00  6.710190E+00
      4512.00  7.146630E+00
      4514.00  7.486030E+00
      4516.00  7.344190E+00
      4518.00  7.196760E+00
      4520.00  7.575080E+00
      4522.00  7.712230E+00
      4524.00  8.175740E+00
      4526.00  8.369720E+00
      4528.00  8.611680E+00
      4530.00  8.776550E+00
      4532.00  9.413310E+00
      4534.00  9.544770E+00
      4536.00  9.664380E+00
      4538.00  1.000140E+01
      4540.00  1.060660E+01
      4542.00  1.095540E+01
      4544.00  1.129120E+01
      4546.00  1.208930E+01
      4548.00  1.171840E+01
      4550.00  1.188130E+01
      4552.00  1.282280E+01
      4554.00  1.285530E+01
      4556.00  1.336670E+01
      4558.00  1.380030E+01
      4560.00  1.505990E+01
      4562.00  1.525770E+01
      4564.00  1.600180E+01
      4566.00  1.691730E+01
      4568.00  1.736820E+01
      4570.00  1.750780E+01
      4572.00  1.874230E+01
      4574.00  1.942130E+01
      4576.00  2.020440E+01
      4578.00  2.037630E+01
      4580.00  2.071700E+01
      4582.00  2.028320E+01
      4584.00  1.950820E+01
      4586.00  1.962000E+01
      4588.00  2.027590E+01
      4590.00  1.931480E+01
      4592.00  1.841660E+01
      4594.00  1.906340E+01
      4596.00  1.839660E+01
      4598.00  1.827350E+01
      4600.00  1.831130E+01
      4602.00  1.844470E+01
      4604.00  1.875040E+01
      4606.00  1.903730E+01
      4608.00  1.950860E+01
      4610.00  2.017450E+01
      4612.00  2.085690E+01
      4614.00  2.099120E+01
      4616.00  2.114950E+01
      4618.00  2.154020E+01
      4620.00  2.174890E+01
      4622.00  2.122930E+01
      4624.00  2.108730E+01
      4626.00  2.073920E+01
      4628.00  2.110160E+01
      4630.00  2.071860E+01
      4632.00  2.098910E+01
      4634.00  2.104850E+01
      4636.00  2.111980E+01
      4638.00  2.058910E+01
      4640.00  2.115380E+01
      4642.00  2.074420E+01
      4644.00  2.132110E+01
      4646.00  2.139860E+01
      4648.00  2.224180E+01
      4650.00  2.309650E+01
      4652.00  2.320530E+01
      4654.00  2.301600E+01
      4656.00  2.378890E+01
      4658.00  2.374370E+01
      4660.00  2.372180E+01
      4662.00  2.372200E+01
      4664.00  2.381740E+01
      4666.00  2.416650E+01
      4668.00  2.398770E+01
      4670.00  2.401060E+01
      4672.00  2.341080E+01
      4674.00  2.298440E+01
      4676.00  2.333800E+01
      4678.00  2.259880E+01
      4680.00  2.161880E+01
      4682.00  2.174270E+01
      4684.00  2.246420E+01
      4686.00  2.160850E+01
      4688.00  2.055000E+01
      4690.00  2.029920E+01
      4692.00  2.121810E+01
      4694.00  2.045250E+01
      4696.00  2.052590E+01
      4698.00  1.999570E+01
      4700.00  1.935540E+01
      4702.00  1.891900E+01
      4704.00  1.778630E+01
      4706.00  1.815200E+01
      4708.00  1.779160E+01
      4710.00  1.782510E+01
      4712.00  1.725270E+01
      4714.00  1.768250E+01
      4716.00  1.703290E+01
      4718.00  1.734560E+01
      4720.00  1.655970E+01
      4722.00  1.665110E+01
      4724.00  1.651020E+01
      4726.00  1.510850E+01
      4728.00  1.532490E+01
      4730.00  1.486900E+01
      4732.00  1.470400E+01
      4734.00  1.425670E+01
      4736.00  1.370340E+01
      4738.00  1.332200E+01
      4740.00  1.337760E+01
      4742.00  1.249380E+01
      4744.00  1.194040E+01
      4746.00  1.202570E+01
      4748.00  1.092350E+01
      4750.00  1.039160E+01
      4752.00  1.023100E+01
      4754.00  9.812810E+00
      4756.00  8.856340E+00
      4758.00  8.749440E+00
      4760.00  9.196430E+00
      4762.00  8.440650E+00
      4764.00  7.727650E+00
      4766.00  7.891000E+00
      4768.00  7.088730E+00
      4770.00  7.344490E+00
      4772.00  6.961640E+00
      4774.00  6.885360E+00
      4776.00  6.335900E+00
      4778.00  5.808460E+00
      4780.00  5.886960E+00
      4782.00  5.815390E+00
      4784.00  6.036450E+00
      4786.00  6.017200E+00
      4788.00  5.969130E+00
      4790.00  5.961670E+00
      4792.00  6.171460E+00
      4794.00  5.864030E+00
      4796.00  6.269540E+00
      4798.00  6.316950E+00
      4800.00  6.900550E+00
      4802.00  6.949550E+00
      4804.00  7.430510E+00
      4806.00  8.040000E+00
      4808.00  8.175900E+00
      4810.00  8.846560E+00
      4812.00  9.367380E+00
      4814.00  1.054800E+01
      4816.00  1.058370E+01
      4818.00  1.136060E+01
      4820.00  1.170730E+01
      4822.00  1.197700E+01
      4824.00  1.260100E+01
      4826.00  1.291100E+01
      4828.00  1.360230E+01
      4830.00  1.393140E+01
      4832.00  1.471800E+01
      4834.00  1.568080E+01
      4836.00  1.587990E+01
      4838.00  1.684400E+01
      4840.00  1.722670E+01
      4842.00  1.767490E+01
      4844.00  1.880920E+01
      4846.00  1.813190E+01
      4848.00  1.859160E+01
      4850.00  1.915090E+01
      4852.00  1.933260E+01
      4854.00  1.914130E+01
      4856.00  1.964050E+01
      4858.00  1.990970E+01
      4860.00  2.030890E+01
      4862.00  1.981800E+01
      4864.00  2.025040E+01
      4866.00  2.072680E+01
      4868.00  2.044510E+01
      4870.00  1.986200E+01
      4872.00  2.042900E+01
      4874.00  1.949350E+01
      4876.00  1.930820E+01
      4878.00  1.907880E+01
      4880.00  1.937610E+01
      4882.00  1.900010E+01
      4884.00  1.900320E+01
      4886.00  1.909470E+01
      4888.00  1.873080E+01
      4890.00  1.937890E+01
      4892.00  1.904590E+01
      4894.00  1.917590E+01
      4896.00  1.945270E+01
      4898.00  1.976640E+01
      4900.00  2.042830E+01
      4902.00  2.104500E+01
      4904.00  2.183850E+01
      4906.00  2.215060E+01
      4908.00  2.284600E+01
      4910.00  2.280230E+01
      4912.00  2.426900E+01
      4914.00  2.451750E+01
      4916.00  2.472730E+01
      4918.00  2.510150E+01
      4920.00  2.540610E+01
      4922.00  2.574590E+01
      4924.00  2.531310E+01
      4926.00  2.467650E+01
      4928.00  2.505940E+01
      4930.00  2.476520E+01
      4932.00  2.402840E+01
      4934.00  2.481450E+01
      4936.00  2.426520E+01
      4938.00  2.445310E+01
      4940.00  2.355830E+01
      4942.00  2.387310E+01
      4944.00  2.307760E+01
      4946.00  2.284020E+01
      4948.00  2.223720E+01
      4950.00  2.177090E+01
      4952.00  2.109820E+01
      4954.00  2.113450E+01
      4956.00  2.073870E+01
      4958.00  1.978130E+01
      4960.00  1.966550E+01
      4962.00  1.895900E+01
      4964.00  1.861130E+01
      4966.00  1.834230E+01
      4968.00  1.762110E+01
      4970.00  1.726620E+01
      4972.00  1.691910E+01
      4974.00  1.657150E+01
      4976.00  1.674990E+01
      4978.00  1.669740E+01
      4980.00  1.796850E+01
      4982.00  1.733290E+01
      4984.00  1.775360E+01
      4986.00  1.812420E+01
      4988.00  1.836580E+01
      4990.00  1.962440E+01
      4992.00  2.026400E+01
      4994.00  2.030280E+01
      4996.00  2.144140E+01
      4998.00  2.247000E+01
      5000.00  2.312360E+01
      5002.00  2.414750E+01
      5004.00  2.468370E+01
      5006.00  2.578270E+01
      5008.00  2.610090E+01
      5010.00  2.634580E+01
      5012.00  2.768700E+01
      5014.00  2.823540E+01
      5016.00  2.789150E+01
      5018.00  2.839080E+01
      5020.00  2.899540E+01
      5022.00  2.879050E+01
      5024.00  2.900170E+01
      5026.00  2.888290E+01
      5028.00  2.867200E+01
      5030.00  2.887460E+01
      5032.00  2.789720E+01
      5034.00  2.786010E+01
      5036.00  2.698190E+01
      5038.00  2.673870E+01
      5040.00  2.626020E+01
      5042.00  2.508650E+01
      5044.00  2.499260E+01
      5046.00  2.410070E+01
      5048.00  2.313800E+01
      5050.00  2.394470E+01
      5052.00  2.234670E+01
      5054.00  2.148570E+01
      5056.00  2.105810E+01
      5058.00  2.041110E+01
      5060.00  2.057580E+01
      5062.00  2.037640E+01
      5064.00  1.961360E+01
      5066.00  1.887600E+01
      5068.00  1.867500E+01
      5070.00  1.822300E+01
      5072.00  1.776170E+01
      5074.00  1.707760E+01
      5076.00  1.695240E+01
      5078.00  1.612760E+01
      5080.00  1.521690E+01
      5082.00  1.536010E+01
      5084.00  1.499310E+01
      5086.00  1.419210E+01
      5088.00  1.381890E+01
      5090.00  1.291960E+01
      5092.00  1.304200E+01
      5094.00  1.218540E+01
      5096.00  1.165710E+01
      5098.00  1.101090E+01
      5100.00  1.079310E+01
      5102.00  1.045330E+01
      5104.00  1.063760E+01
      5106.00  1.014770E+01
      5108.00  9.625580E+00
      5110.00  9.805520E+00
      5112.00  9.649610E+00
      5114.00  9.486690E+00
      5116.00  9.304120E+00
      5118.00  9.399710E+00
      5120.00  9.415440E+00
      5122.00  9.196010E+00
      5124.00  9.923500E+00
      5126.00  9.922230E+00
      5128.00  9.823330E+00
      5130.00  9.641570E+00
      5132.00  1.001880E+01
      5134.00  1.035870E+01
      5136.00  1.053430E+01
      5138.00  1.074500E+01
      5140.00  1.139780E+01
      5142.00  1.178350E+01
      5144.00  1.224380E+01
      5146.00  1.249090E+01
      5148.00  1.277980E+01
      5150.00  1.278990E+01
      5152.00  1.306650E+01
      5154.00  1.368460E+01
      5156.00  1.386670E+01
      5158.00  1.424630E+01
      5160.00  1.454550E+01
      5162.00  1.519320E+01
      5164.00  1.646650E+01
      5166.00  1.629390E+01
      5168.00  1.610320E+01
      5170.00  1.713170E+01
      5172.00  1.731670E+01
      5174.00  1.765960E+01
      5176.00  1.764330E+01
      5178.00  1.786970E+01
      5180.00  1.812200E+01
      5182.00  1.844150E+01
      5184.00  1.817470E+01
      5186.00  1.773690E+01
      5188.00  1.885970E+01
      5190.00  1.828680E+01
      5192.00  1.853620E+01
      5194.00  1.869150E+01
      5196.00  1.866380E+01
      5198.00  1.833210E+01
      5200.00  1.820360E+01
      5202.00  1.803160E+01
      5204.00  1.861820E+01
      5206.00  1.850380E+01
      5208.00  1.831410E+01
      5210.00  1.809920E+01
      5212.00  1.817740E+01
      5214.00  1.875250E+01
      5216.00  1.877770E+01
      5218.00  1.846510E+01
      5220.00  1.880220E+01
      5222.00  1.870070E+01
      5224.00  1.885970E+01
      5226.00  1.907630E+01
      5228.00  1.876170E+01
      5230.00  1.866900E+01
      5232.00  1.907270E+01
      5234.00  1.795450E+01
      5236.00  1.741070E+01
      5238.00  1.756730E+01
      5240.00  1.748820E+01
      5242.00  1.742370E+01
      5244.00  1.811480E+01
      5246.00  1.805130E+01
      5248.00  1.816210E+01
      5250.00  1.811110E+01
      5252.00  1.824140E+01
      5254.00  1.879830E+01
      5256.00  1.914410E+01
      5258.00  1.915990E+01
      5260.00  1.889590E+01
      5262.00  1.957300E+01
      5264.00  1.893010E+01
      5266.00  1.915740E+01
      5268.00  1.889150E+01
      5270.00  1.893950E+01
      5272.00  1.880070E+01
      5274.00  1.802010E+01
      5276.00  1.803440E+01
      5278.00  1.791420E+01
      5280.00  1.735110E+01
      5282.00  1.771400E+01
      5284.00  1.812710E+01
      5286.00  1.768220E+01
      5288.00  1.765530E+01
      5290.00  1.791180E+01
      5292.00  1.824800E+01
      5294.00  1.934350E+01
      5296.00  1.945700E+01
      5298.00  1.935340E+01
      5300.00  1.966510E+01
      5302.00  2.004030E+01
      5304.00  2.056200E+01
      5306.00  2.063260E+01
      5308.00  2.099690E+01
      5310.00  2.147630E+01
      5312.00  2.184310E+01
      5314.00  2.179380E+01
      5316.00  2.160300E+01
      5318.00  2.189460E+01
      5320.00  2.281230E+01
      5322.00  2.244990E+01
      5324.00  2.295490E+01
      5326.00  2.225300E+01
      5328.00  2.219320E+01
      5330.00  2.220760E+01
      5332.00  2.228100E+01
      5334.00  2.277190E+01
      5336.00  2.229900E+01
      5338.00  2.238580E+01
      5340.00  2.288970E+01
      5342.00  2.307500E+01
      5344.00  2.242290E+01
      5346.00  2.263540E+01
      5348.00  2.293020E+01
      5350.00  2.366970E+01
      5352.00  2.336110E+01
      5354.00  2.332920E+01
      5356.00  2.354430E+01
      5358.00  2.421220E+01
      5360.00  2.444730E+01
      5362.00  2.396810E+01
      5364.00  2.444000E+01
      5366.00  2.460520E+01
      5368.00  2.491400E+01
      5370.00  2.477210E+01
      5372.00  2.433050E+01
      5374.00  2.424500E+01
      5376.00  2.413200E+01
      5378.00  2.467020E+01
      5380.00  2.480660E+01
      5382.00  2.449420E+01
      5384.00  2.419150E+01
      5386.00  2.446690E+01
      5388.00  2.412020E+01
      5390.00  2.412900E+01
      5392.00  2.434760E+01
      5394.00  2.489580E+01
      5396.00  2.461520E+01
      5398.00  2.505240E+01
      5400.00  2.539020E+01
      5402.00  2.538290E+01
      5404.00  2.576540E+01
      5406.00  2.601340E+01
      5408.00  2.642790E+01
      5410.00  2.720760E+01
      5412.00  2.673820E+01
      5414.00  2.702380E+01
      5416.00  2.765500E+01
      5418.00  2.780780E+01
      5420.00  2.811580E+01
      5422.00  2.841010E+01
      5424.00  2.821520E+01
      5426.00  2.803440E+01
      5428.00  2.748460E+01
      5430.00  2.736300E+01
      5432.00  2.722810E+01
      5434.00  2.715660E+01
      5436.00  2.695210E+01
      5438.00  2.719060E+01
      5440.00  2.683010E+01
      5442.00  2.699670E+01
      5444.00  2.662480E+01
      5446.00  2.621270E+01
      5448.00  2.574810E+01
      5450.00  2.591770E+01
      5452.00  2.595950E+01
      5454.00  2.581760E+01
      5456.00  2.589490E+01
      5458.00  2.559420E+01
      5460.00  2.515970E+01
      5462.00  2.541450E+01
      5464.00  2.572680E+01
      5466.00  2.465750E+01
      5468.00  2.513100E+01
      5470.00  2.467260E+01
      5472.00  2.488190E+01
      5474.00  2.400700E+01
      5476.00  2.428380E+01
      5478.00  2.387800E+01
      5480.00  2.381490E+01
      5482.00  2.345900E+01
      5484.00  2.350860E+01
      5486.00  2.346020E+01
      5488.00  2.346500E+01
      5490.00  2.375480E+01
      5492.00  2.375710E+01
      5494.00  2.365870E+01
      5496.00  2.368030E+01
      5498.00  2.369040E+01
      5500.00  2.387400E+01
      5502.00  2.425620E+01
      5504.00  2.472610E+01
      5506.00  2.521250E+01
      5508.00  2.575640E+01
      5510.00  2.625590E+01
      5512.00  2.676680E+01
      5514.00  2.722050E+01
      5516.00  2.761510E+01
      5518.00  2.799000E+01
      5520.00  2.839550E+01
      5522.00  2.879690E+01
      5524.00  2.898450E+01
      5526.00  2.889620E+01
      5528.00  2.898460E+01
      5530.00  2.920150E+01
      5532.00  2.935390E+01
      5534.00  2.938020E+01
      5536.00  2.933100E+01
      5538.00  2.924780E+01
      5540.00  2.913480E+01
      5542.00  2.891780E+01
      5544.00  2.859410E+01
      5546.00  2.823410E+01
      5548.00  2.781510E+01
      5550.00  2.738100E+01
      5552.00  2.703190E+01
      5554.00  2.669620E+01
      5556.00  2.652730E+01
      5558.00  2.660870E+01
      5560.00  2.655050E+01
      5562.00  2.632590E+01
      5564.00  2.604320E+01
      5566.00  2.578500E+01
      5568.00  2.551740E+01
      5570.00  2.522220E+01
      5572.00  2.487080E+01
      5574.00  2.457010E+01
      5576.00  2.432240E+01
      5578.00  2.408510E+01
      5580.00  2.382220E+01
      5582.00  2.354830E+01
      5584.00  2.334240E+01
      5586.00  2.324020E+01
      5588.00  2.303980E+01
      5590.00  2.274230E+01
      5592.00  2.245700E+01
      5594.00  2.225590E+01
      5596.00  2.208750E+01
      5598.00  2.179430E+01
      5600.00  2.136720E+01
      5602.00  2.102610E+01
      5604.00  2.070150E+01
      5606.00  2.041430E+01
      5608.00  2.017700E+01
      5610.00  1.997480E+01
      5612.00  1.977360E+01
      5614.00  1.955620E+01
      5616.00  1.944230E+01
      5618.00  1.941690E+01
      5620.00  1.941890E+01
      5622.00  1.943310E+01
      5624.00  1.948680E+01
      5626.00  1.961540E+01
      5628.00  1.981450E+01
      5630.00  2.002980E+01
      5632.00  2.023300E+01
      5634.00  2.056060E+01
      5636.00  2.103950E+01
      5638.00  2.158650E+01
      5640.00  2.215170E+01
      5642.00  2.279090E+01
      5644.00  2.320040E+01
      5646.00  2.333030E+01
      5648.00  2.365000E+01
      5650.00  2.414150E+01
      5652.00  2.466080E+01
      5654.00  2.514100E+01
      5656.00  2.561840E+01
      5658.00  2.600640E+01
      5660.00  2.630870E+01
      5662.00  2.661080E+01
      5664.00  2.691920E+01
      5666.00  2.716520E+01
      5668.00  2.730340E+01
      5670.00  2.737130E+01
      5672.00  2.747970E+01
      5674.00  2.767410E+01
      5676.00  2.766480E+01
      5678.00  2.748220E+01
      5680.00  2.727740E+01
      5682.00  2.703510E+01
      5684.00  2.679880E+01
      5686.00  2.676320E+01
      5688.00  2.697680E+01
      5690.00  2.691620E+01
      5692.00  2.676900E+01
      5694.00  2.645690E+01
      5696.00  2.584510E+01
      5698.00  2.519670E+01
      5700.00  2.493580E+01
      5702.00  2.500130E+01
      5704.00  2.469980E+01
      5706.00  2.410640E+01
      5708.00  2.366480E+01
      5710.00  2.340120E+01
      5712.00  2.315200E+01
      5714.00  2.275160E+01
      5716.00  2.223340E+01
      5718.00  2.209080E+01
      5720.00  2.240750E+01
      5722.00  2.239880E+01
      5724.00  2.208660E+01
      5726.00  2.177080E+01
      5728.00  2.163070E+01
      5730.00  2.156900E+01
      5732.00  2.139870E+01
      5734.00  2.120770E+01
      5736.00  2.092190E+01
      5738.00  2.048810E+01
      5740.00  2.009450E+01
      5742.00  1.984780E+01
      5744.00  1.965190E+01
      5746.00  1.927940E+01
      5748.00  1.878000E+01
      5750.00  1.827500E+01
      5752.00  1.765940E+01
      5754.00  1.712480E+01
      5756.00  1.674160E+01
      5758.00  1.641030E+01
      5760.00  1.597810E+01
      5762.00  1.550370E+01
      5764.00  1.499440E+01
      5766.00  1.439780E+01
      5768.00  1.386060E+01
      5770.00  1.340620E+01
      5772.00  1.297540E+01
      5774.00  1.249520E+01
      5776.00  1.196040E+01
      5778.00  1.161540E+01
      5780.00  1.149210E+01
      5782.00  1.125080E+01
      5784.00  1.089820E+01
      5786.00  1.051760E+01
      5788.00  1.014820E+01
      5790.00  9.765000E+00
      5792.00  9.462680E+00
      5794.00  9.181080E+00
      5796.00  9.010410E+00
      5798.00  8.996190E+00
      5800.00  8.980290E+00
      5802.00  8.863350E+00
      5804.00  8.705210E+00
      5806.00  8.637330E+00
      5808.00  8.553030E+00
      5810.00  8.651870E+00
      5812.00  8.977020E+00
      5814.00  9.272190E+00
      5816.00  9.446290E+00
      5818.00  9.577350E+00
      5820.00  9.750510E+00
      5822.00  9.886790E+00
      5824.00  1.016170E+01
      5826.00  1.059560E+01
      5828.00  1.098220E+01
      5830.00  1.125740E+01
      5832.00  1.152270E+01
      5834.00  1.191940E+01
      5836.00  1.240660E+01
      5838.00  1.290700E+01
      5840.00  1.349760E+01
      5842.00  1.402190E+01
      5844.00  1.444540E+01
      5846.00  1.486030E+01
      5848.00  1.535420E+01
      5850.00  1.588300E+01
      5852.00  1.648990E+01
      5854.00  1.720110E+01
      5856.00  1.789140E+01
      5858.00  1.856680E+01
      5860.00  1.925640E+01
      5862.00  1.996840E+01
      5864.00  2.069580E+01
      5866.00  2.150440E+01
      5868.00  2.239550E+01
      5870.00  2.329280E+01
      5872.00  2.425220E+01
      5874.00  2.517490E+01
      5876.00  2.606800E+01
      5878.00  2.690960E+01
      5880.00  2.737460E+01
      5882.00  2.739920E+01
      5884.00  2.758730E+01
      5886.00  2.775750E+01
      5888.00  2.794160E+01
      5890.00  2.811370E+01
      5892.00  2.831740E+01
      5894.00  2.871320E+01
      5896.00  2.935120E+01
      5898.00  2.979210E+01
      5900.00  3.017150E+01
      5902.00  3.048320E+01
      5904.00  3.069820E+01
      5906.00  3.087020E+01
      5908.00  3.110820E+01
      5910.00  3.143590E+01
      5912.00  3.148740E+01
      5914.00  3.127280E+01
      5916.00  3.110820E+01
      5918.00  3.093400E+01
      5920.00  3.081980E+01
      5922.00  3.089980E+01
      5924.00  3.115180E+01
      5926.00  3.122920E+01
      5928.00  3.127260E+01
      5930.00  3.119930E+01
      5932.00  3.099600E+01
      5934.00  3.072710E+01
      5936.00  3.040470E+01
      5938.00  3.001810E+01
      5940.00  2.978900E+01
      5942.00  2.968830E+01
      5944.00  2.956150E+01
      5946.00  2.944730E+01
      5948.00  2.933960E+01
      5950.00  2.924290E+01
      5952.00  2.915050E+01
      5954.00  2.901370E+01
      5956.00  2.883790E+01
      5958.00  2.866510E+01
      5960.00  2.845880E+01
      5962.00  2.828500E+01
      5964.00  2.817780E+01
      5966.00  2.809210E+01
      5968.00  2.793830E+01
      5970.00  2.771430E+01
      5972.00  2.757480E+01
      5974.00  2.746870E+01
      5976.00  2.740650E+01
      5978.00  2.744380E+01
      5980.00  2.747310E+01
      5982.00  2.731750E+01
      5984.00  2.700640E+01
      5986.00  2.680430E+01
      5988.00  2.660550E+01
      5990.00  2.647460E+01
      5992.00  2.643950E+01
      5994.00  2.642380E+01
      5996.00  2.636370E+01
      5998.00  2.629270E+01
      6000.00  2.617020E+01
      6002.00  2.596270E+01
      6004.00  2.581890E+01
      6006.00  2.574830E+01
      6008.00  2.566110E+01
      6010.00  2.549490E+01
      6012.00  2.528350E+01
      6014.00  2.513180E+01
      6016.00  2.507270E+01
      6018.00  2.487800E+01
      6020.00  2.452140E+01
      6022.00  2.422140E+01
      6024.00  2.407700E+01
      6026.00  2.400700E+01
      6028.00  2.387360E+01
      6030.00  2.370130E+01
      6032.00  2.358340E+01
      6034.00  2.352450E+01
      6036.00  2.343480E+01
      6038.00  2.329560E+01
      6040.00  2.312950E+01
      6042.00  2.295210E+01
      6044.00  2.274250E+01
      6046.00  2.256720E+01
      6048.00  2.237170E+01
      6050.00  2.225550E+01
      6052.00  2.226040E+01
      6054.00  2.229430E+01
      6056.00  2.223800E+01
      6058.00  2.211950E+01
      6060.00  2.209210E+01
      6062.00  2.216110E+01
      6064.00  2.215900E+01
      6066.00  2.209680E+01
      6068.00  2.199810E+01
      6070.00  2.186030E+01
      6072.00  2.167630E+01
      6074.00  2.156810E+01
      6076.00  2.155630E+01
      6078.00  2.144430E+01
      6080.00  2.124880E+01
      6082.00  2.102650E+01
      6084.00  2.080170E+01
      6086.00  2.056100E+01
      6088.00  2.030970E+01
      6090.00  2.000620E+01
      6092.00  1.978230E+01
      6094.00  1.959960E+01
      6096.00  1.946730E+01
      6098.00  1.940410E+01
      6100.00  1.938670E+01
      6102.00  1.934110E+01
      6104.00  1.929300E+01
      6106.00  1.925040E+01
      6108.00  1.910990E+01
      6110.00  1.915620E+01
      6112.00  1.949820E+01
      6114.00  1.996050E+01
      6116.00  2.027840E+01
      6118.00  2.053750E+01
      6120.00  2.083960E+01
      6122.00  2.114970E+01
      6124.00  2.147730E+01
      6126.00  2.186500E+01
      6128.00  2.222330E+01
      6130.00  2.243370E+01
      6132.00  2.252740E+01
      6134.00  2.266370E+01
      6136.00  2.279730E+01
      6138.00  2.290790E+01
      6140.00  2.299170E+01
      6142.00  2.306440E+01
      6144.00  2.313920E+01
      6146.00  2.321030E+01
      6148.00  2.325980E+01
      6150.00  2.330120E+01
      6152.00  2.331040E+01
      6154.00  2.332130E+01
      6156.00  2.326180E+01
      6158.00  2.307590E+01
      6160.00  2.280450E+01
      6162.00  2.258930E+01
      6164.00  2.228250E+01
      6166.00  2.220890E+01
      6168.00  2.239060E+01
      6170.00  2.252220E+01
      6172.00  2.254050E+01
      6174.00  2.248950E+01
      6176.00  2.231680E+01
      6178.00  2.193940E+01
      6180.00  2.176320E+01
      6182.00  2.171390E+01
      6184.00  2.165130E+01
      6186.00  2.161100E+01
      6188.00  2.152510E+01
      6190.00  2.121780E+01
      6192.00  2.066750E+01
      6194.00  2.037370E+01
      6196.00  2.019860E+01
      6198.00  2.008280E+01
      6200.00  2.007310E+01
      6202.00  2.008020E+01
      6204.00  1.997640E+01
      6206.00  1.978340E+01
      6208.00  1.982330E+01
      6210.00  2.002240E+01
      6212.00  2.027930E+01
      6214.00  2.063400E+01
      6216.00  2.103140E+01
      6218.00  2.144780E+01
      6220.00  2.189850E+01
      6222.00  2.224460E+01
      6224.00  2.250750E+01
      6226.00  2.277360E+01
      6228.00  2.298840E+01
      6230.00  2.323960E+01
      6232.00  2.361200E+01
      6234.00  2.403020E+01
      6236.00  2.421470E+01
      6238.00  2.416830E+01
      6240.00  2.422470E+01
      6242.00  2.425190E+01
      6244.00  2.434280E+01
      6246.00  2.456290E+01
      6248.00  2.482170E+01
      6250.00  2.492400E+01
      6252.00  2.492100E+01
      6254.00  2.491550E+01
      6256.00  2.485220E+01
      6258.00  2.480000E+01
      6260.00  2.477980E+01
      6262.00  2.474900E+01
      6264.00  2.464150E+01
      6266.00  2.444240E+01
      6268.00  2.440320E+01
      6270.00  2.453480E+01
      6272.00  2.456120E+01
      6274.00  2.450280E+01
      6276.00  2.437950E+01
      6278.00  2.416110E+01
      6280.00  2.383470E+01
      6282.00  2.369810E+01
      6284.00  2.372960E+01
      6286.00  2.368460E+01
      6288.00  2.356090E+01
      6290.00  2.347300E+01
      6292.00  2.351320E+01
      6294.00  2.363130E+01
      6296.00  2.359450E+01
      6298.00  2.346180E+01
      6300.00  2.330610E+01
      6302.00  2.309410E+01
      6304.00  2.286530E+01
      6306.00  2.262230E+01
      6308.00  2.236970E+01
      6310.00  2.216880E+01
      6312.00  2.201840E+01
      6314.00  2.184280E+01
      6316.00  2.165110E+01
      6318.00  2.148090E+01
      6320.00  2.131790E+01
      6322.00  2.118960E+01
      6324.00  2.118930E+01
      6326.00  2.139570E+01
      6328.00  2.128930E+01
      6330.00  2.094730E+01
      6332.00  2.061420E+01
      6334.00  2.025430E+01
      6336.00  1.991950E+01
      6338.00  1.973360E+01
      6340.00  1.967930E+01
      6342.00  1.952030E+01
      6344.00  1.934040E+01
      6346.00  1.911630E+01
      6348.00  1.884580E+01
      6350.00  1.854090E+01
      6352.00  1.821920E+01
      6354.00  1.787840E+01
      6356.00  1.743050E+01
      6358.00  1.687260E+01
      6360.00  1.630820E+01
      6362.00  1.566170E+01
      6364.00  1.506890E+01
      6366.00  1.462250E+01
      6368.00  1.426680E+01
      6370.00  1.386910E+01
      6372.00  1.346280E+01
      6374.00  1.309300E+01
      6376.00  1.274180E+01
      6378.00  1.242510E+01
      6380.00  1.215770E+01
      6382.00  1.192260E+01
      6384.00  1.167040E+01
      6386.00  1.138990E+01
      6388.00  1.119170E+01
      6390.00  1.110250E+01
      6392.00  1.095340E+01
      6394.00  1.069810E+01
      6396.00  1.040810E+01
      6398.00  1.017570E+01
      6400.00  9.969740E+00
      6402.00  9.761490E+00
      6404.00  9.575150E+00
      6406.00  9.365610E+00
      6408.00  9.105670E+00
      6410.00  8.857510E+00
      6412.00  8.691170E+00
      6414.00  8.576770E+00
      6416.00  8.507650E+00
      6418.00  8.536790E+00
      6420.00  8.506830E+00
      6422.00  8.409450E+00
      6424.00  8.317340E+00
      6426.00  8.273490E+00
      6428.00  8.254880E+00
      6430.00  8.299170E+00
      6432.00  8.429780E+00
      6434.00  8.529890E+00
      6436.00  8.597420E+00
      6438.00  8.701920E+00
      6440.00  8.880130E+00
      6442.00  9.108100E+00
      6444.00  9.343690E+00
      6446.00  9.601280E+00
      6448.00  9.883290E+00
      6450.00  1.016980E+01
      6452.00  1.051270E+01
      6454.00  1.092000E+01
      6456.00  1.138830E+01
      6458.00  1.194050E+01
      6460.00  1.260020E+01
      6462.00  1.323970E+01
      6464.00  1.387030E+01
      6466.00  1.457030E+01
      6468.00  1.535130E+01
      6470.00  1.619310E+01
      6472.00  1.707720E+01
      6474.00  1.800120E+01
      6476.00  1.901850E+01
      6478.00  2.015410E+01
      6480.00  2.128240E+01
      6482.00  2.242230E+01
      6484.00  2.355610E+01
      6486.00  2.463460E+01
      6488.00  2.565530E+01
      6490.00  2.683880E+01
      6492.00  2.819440E+01
      6494.00  2.946610E+01
      6496.00  3.072290E+01
      6498.00  3.190170E+01
      6500.00  3.293590E+01
      6502.00  3.385700E+01
      6504.00  3.478400E+01
      6506.00  3.567300E+01
      6508.00  3.653340E+01
      6510.00  3.730170E+01
      6512.00  3.813520E+01
      6514.00  3.906960E+01
      6516.00  4.009440E+01
      6518.00  4.136150E+01
      6520.00  4.293440E+01
      6522.00  4.441220E+01
      6524.00  4.591970E+01
      6526.00  4.743790E+01
      6528.00  4.901160E+01
      6530.00  5.056810E+01
      6532.00  5.190870E+01
      6534.00  5.312110E+01
      6536.00  5.416030E+01
      6538.00  5.500440E+01
      6540.00  5.575660E+01
      6542.00  5.637870E+01
      6544.00  5.694110E+01
      6546.00  5.759730E+01
      6548.00  5.835960E+01
      6550.00  5.877850E+01
      6552.00  5.885890E+01
      6554.00  5.901990E+01
      6556.00  5.925280E+01
      6558.00  5.947910E+01
      6560.00  5.965420E+01
      6562.00  5.979600E+01
      6564.00  5.993690E+01
      6566.00  6.013360E+01
      6568.00  6.017310E+01
      6570.00  6.007460E+01
      6572.00  5.988630E+01
      6574.00  5.960290E+01
      6576.00  5.922760E+01
      6578.00  5.896840E+01
      6580.00  5.884510E+01
      6582.00  5.855410E+01
      6584.00  5.809020E+01
      6586.00  5.766540E+01
      6588.00  5.739490E+01
      6590.00  5.717730E+01
      6592.00  5.677840E+01
      6594.00  5.622760E+01
      6596.00  5.572590E+01
      6598.00  5.519020E+01
      6600.00  5.468540E+01
      6602.00  5.426290E+01
      6604.00  5.384380E+01
      6606.00  5.326550E+01
      6608.00  5.254450E+01
      6610.00  5.189450E+01
      6612.00  5.120850E+01
      6614.00  5.060590E+01
      6616.00  5.013920E+01
      6618.00  4.969420E+01
      6620.00  4.911560E+01
      6622.00  4.842700E+01
      6624.00  4.791090E+01
      6626.00  4.768160E+01
      6628.00  4.711060E+01
      6630.00  4.605670E+01
      6632.00  4.501800E+01
      6634.00  4.444200E+01
      6636.00  4.415730E+01
      6638.00  4.354490E+01
      6640.00  4.260780E+01
      6642.00  4.200100E+01
      6644.00  4.176520E+01
      6646.00  4.147410E+01
      6648.00  4.086400E+01
      6650.00  4.009260E+01
      6652.00  3.953290E+01
      6654.00  3.907950E+01
      6656.00  3.864480E+01
      6658.00  3.829800E+01
      6660.00  3.791690E+01
      6662.00  3.742810E+01
      6664.00  3.690790E+01
      6666.00  3.654030E+01
      6668.00  3.634950E+01
      6670.00  3.599040E+01
      6672.00  3.551710E+01
      6674.00  3.506960E+01
      6676.00  3.467060E+01
      6678.00  3.428840E+01
      6680.00  3.390250E+01
      6682.00  3.352120E+01
      6684.00  3.314450E+01
      6686.00  3.278590E+01
      6688.00  3.240550E+01
      6690.00  3.197680E+01
      6692.00  3.155970E+01
      6694.00  3.122960E+01
      6696.00  3.096740E+01
      6698.00  3.066800E+01
      6700.00  3.039850E+01
      6702.00  3.005700E+01
      6704.00  2.958580E+01
      6706.00  2.915280E+01
      6708.00  2.889470E+01
      6710.00  2.874990E+01
      6712.00  2.858890E+01
      6714.00  2.855690E+01
      6716.00  2.832820E+01
      6718.00  2.789920E+01
      6720.00  2.745760E+01
      6722.00  2.707030E+01
      6724.00  2.670240E+01
      6726.00  2.644100E+01
      6728.00  2.632180E+01
      6730.00  2.612040E+01
      6732.00  2.589770E+01
      6734.00  2.565840E+01
      6736.00  2.540000E+01
      6738.00  2.512660E+01
      6740.00  2.484970E+01
      6742.00  2.453800E+01
      6744.00  2.429770E+01
      6746.00  2.410890E+01
      6748.00  2.393620E+01
      6750.00  2.376710E+01
      6752.00  2.362380E+01
      6754.00  2.354550E+01
      6756.00  2.355260E+01
      6758.00  2.345280E+01
      6760.00  2.330940E+01
      6762.00  2.311460E+01
      6764.00  2.280600E+01
      6766.00  2.251860E+01
      6768.00  2.240530E+01
      6770.00  2.240820E+01
      6772.00  2.243010E+01
      6774.00  2.260980E+01
      6776.00  2.261280E+01
      6778.00  2.242520E+01
      6780.00  2.221070E+01
      6782.00  2.206390E+01
      6784.00  2.193560E+01
      6786.00  2.185040E+01
      6788.00  2.185930E+01
      6790.00  2.176900E+01
      6792.00  2.156850E+01
      6794.00  2.140250E+01
      6796.00  2.135080E+01
      6798.00  2.135290E+01
      6800.00  2.127250E+01
      6802.00  2.109590E+01
      6804.00  2.103610E+01
      6806.00  2.103300E+01
      6808.00  2.108000E+01
      6810.00  2.122730E+01
      6812.00  2.139570E+01
      6814.00  2.136770E+01
      6816.00  2.117610E+01
      6818.00  2.103510E+01
      6820.00  2.083980E+01
      6822.00  2.070380E+01
      6824.00  2.063940E+01
      6826.00  2.061990E+01
      6828.00  2.063530E+01
      6830.00  2.071810E+01
      6832.00  2.070240E+01
      6834.00  2.061360E+01
      6836.00  2.053460E+01
      6838.00  2.045750E+01
      6840.00  2.038030E+01
      6842.00  2.030420E+01
      6844.00  2.022500E+01
      6846.00  2.018360E+01
      6848.00  2.019800E+01
      6850.00  2.016850E+01
      6852.00  2.007520E+01
      6854.00  2.001040E+01
      6856.00  2.005590E+01
      6858.00  2.016770E+01
      6860.00  2.012270E+01
      6862.00  1.999600E+01
      6864.00  1.979660E+01
      6866.00  1.941940E+01
      6868.00  1.913290E+01
      6870.00  1.905830E+01
      6872.00  1.909900E+01
      6874.00  1.910530E+01
      6876.00  1.920690E+01
      6878.00  1.914140E+01
      6880.00  1.894290E+01
      6882.00  1.873370E+01
      6884.00  1.850650E+01
      6886.00  1.828560E+01
      6888.00  1.817470E+01
      6890.00  1.814800E+01
      6892.00  1.813790E+01
      6894.00  1.820550E+01
      6896.00  1.823370E+01
      6898.00  1.822070E+01
      6900.00  1.817890E+01
      6902.00  1.810530E+01
      6904.00  1.799760E+01
      6906.00  1.787960E+01
      6908.00  1.769290E+01
      6910.00  1.759250E+01
      6912.00  1.756080E+01
      6914.00  1.759360E+01
      6916.00  1.772070E+01
      6918.00  1.794390E+01
      6920.00  1.803200E+01
      6922.00  1.804280E+01
      6924.00  1.804020E+01
      6926.00  1.800080E+01
      6928.00  1.795110E+01
      6930.00  1.791460E+01
      6932.00  1.787670E+01
      6934.00  1.778380E+01
      6936.00  1.761050E+01
      6938.00  1.750400E+01
      6940.00  1.740410E+01
      6942.00  1.736750E+01
      6944.00  1.744020E+01
      6946.00  1.757120E+01
      6948.00  1.762060E+01
      6950.00  1.763100E+01
      6952.00  1.763860E+01
      6954.00  1.761480E+01
      6956.00  1.760930E+01
      6958.00  1.764150E+01
      6960.00  1.768040E+01
      6962.00  1.767250E+01
      6964.00  1.760420E+01
      6966.00  1.764490E+01
      6968.00  1.777290E+01
      6970.00  1.789590E+01
      6972.00  1.802970E+01
      6974.00  1.815340E+01
      6976.00  1.822300E+01
      6978.00  1.824560E+01
      6980.00  1.831330E+01
      6982.00  1.838670E+01
      6984.00  1.849500E+01
      6986.00  1.867020E+01
      6988.00  1.882840E+01
      6990.00  1.890470E+01
      6992.00  1.893040E+01
      6994.00  1.892500E+01
      6996.00  1.880480E+01
      6998.00  1.881800E+01
      7000.00  1.893860E+01
      7002.00  1.909630E+01
      7004.00  1.928330E+01
      7006.00  1.949760E+01
      7008.00  1.960890E+01
      7010.00  1.963680E+01
      7012.00  1.967160E+01
      7014.00  1.967660E+01
      7016.00  1.968290E+01
      7018.00  1.971660E+01
      7020.00  1.974510E+01
      7022.00  1.968340E+01
      7024.00  1.951390E+01
      7026.00  1.943240E+01
      7028.00  1.935070E+01
      7030.00  1.935060E+01
      7032.00  1.948070E+01
      7034.00  1.965340E+01
      7036.00  1.973570E+01
      7038.00  1.978630E+01
      7040.00  1.978290E+01
      7042.00  1.970840E+01
      7044.00  1.963530E+01
      7046.00  1.954590E+01
      7048.00  1.946530E+01
      7050.00  1.942760E+01
      7052.00  1.941610E+01
      7054.00  1.944300E+01
      7056.00  1.960670E+01
      7058.00  1.958710E+01
      7060.00  1.935360E+01
      7062.00  1.910310E+01
      7064.00  1.895110E+01
      7066.00  1.883750E+01
      7068.00  1.880220E+01
      7070.00  1.891960E+01
      7072.00  1.890330E+01
      7074.00  1.877320E+01
      7076.00  1.864950E+01
      7078.00  1.857200E+01
      7080.00  1.851820E+01
      7082.00  1.851960E+01
      7084.00  1.862660E+01
      7086.00  1.863030E+01
      7088.00  1.857880E+01
      7090.00  1.850810E+01
      7092.00  1.842230E+01
      7094.00  1.831990E+01
      7096.00  1.821230E+01
      7098.00  1.808880E+01
      7100.00  1.797550E+01
      7102.00  1.780580E+01
      7104.00  1.774880E+01
      7106.00  1.787770E+01
      7108.00  1.804790E+01
      7110.00  1.806460E+01
      7112.00  1.799850E+01
      7114.00  1.791220E+01
      7116.00  1.774600E+01
      7118.00  1.762020E+01
      7120.00  1.753820E+01
      7122.00  1.746500E+01
      7124.00  1.736710E+01
      7126.00  1.725050E+01
      7128.00  1.721840E+01
      7130.00  1.726690E+01
      7132.00  1.729980E+01
      7134.00  1.733030E+01
      7136.00  1.736890E+01
      7138.00  1.741590E+01
      7140.00  1.747100E+01
      7142.00  1.755930E+01
      7144.00  1.770770E+01
      7146.00  1.779910E+01
      7148.00  1.786900E+01
      7150.00  1.790100E+01
      7152.00  1.787140E+01
      7154.00  1.780520E+01
      7156.00  1.779290E+01
      7158.00  1.782500E+01
      7160.00  1.781740E+01
      7162.00  1.779810E+01
      7164.00  1.775900E+01
      7166.00  1.767020E+01
      7168.00  1.758040E+01
      7170.00  1.760060E+01
      7172.00  1.770450E+01
      7174.00  1.781470E+01
      7176.00  1.796120E+01
      7178.00  1.812610E+01
      7180.00  1.831130E+01
      7182.00  1.851430E+01
      7184.00  1.874550E+01
      7186.00  1.904080E+01
      7188.00  1.913640E+01
      7190.00  1.900590E+01
      7192.00  1.899020E+01
      7194.00  1.907310E+01
      7196.00  1.919530E+01
      7198.00  1.933280E+01
      7200.00  1.950090E+01
      7202.00  1.964720E+01
      7204.00  1.981380E+01
      7206.00  1.992260E+01
      7208.00  2.000920E+01
      7210.00  2.002420E+01
      7212.00  1.989870E+01
      7214.00  1.967800E+01
      7216.00  1.964220E+01
      7218.00  1.975360E+01
      7220.00  1.980910E+01
      7222.00  1.988040E+01
      7224.00  1.991920E+01
      7226.00  1.989850E+01
      7228.00  1.984510E+01
      7230.00  1.981700E+01
      7232.00  1.979460E+01
      7234.00  1.977030E+01
      7236.00  1.976060E+01
      7238.00  1.972520E+01
      7240.00  1.966240E+01
      7242.00  1.957270E+01
      7244.00  1.944100E+01
      7246.00  1.925280E+01
      7248.00  1.910670E+01
      7250.00  1.894220E+01
      7252.00  1.884720E+01
      7254.00  1.882090E+01
      7256.00  1.885430E+01
      7258.00  1.896310E+01
      7260.00  1.917030E+01
      7262.00  1.925370E+01
      7264.00  1.926240E+01
      7266.00  1.926830E+01
      7268.00  1.922230E+01
      7270.00  1.921380E+01
      7272.00  1.932240E+01
      7274.00  1.951180E+01
      7276.00  1.971770E+01
      7278.00  2.003510E+01
      7280.00  2.022840E+01
      7282.00  2.034100E+01
      7284.00  2.039210E+01
      7286.00  2.034520E+01
      7288.00  2.023480E+01
      7290.00  2.032270E+01
      7292.00  2.062880E+01
      7294.00  2.077280E+01
      7296.00  2.082300E+01
      7298.00  2.088060E+01
      7300.00  2.096600E+01
      7302.00  2.106560E+01
      7304.00  2.120300E+01
      7306.00  2.146110E+01
      7308.00  2.148060E+01
      7310.00  2.125810E+01
      7312.00  2.111390E+01
      7314.00  2.110960E+01
      7316.00  2.113900E+01
      7318.00  2.108880E+01
      7320.00  2.098420E+01
      7322.00  2.093600E+01
      7324.00  2.091590E+01
      7326.00  2.090430E+01
      7328.00  2.091800E+01
      7330.00  2.092490E+01
      7332.00  2.088760E+01
      7334.00  2.082230E+01
      7336.00  2.073400E+01
      7338.00  2.063790E+01
      7340.00  2.048110E+01
      7342.00  2.020870E+01
      7344.00  1.997110E+01
      7346.00  1.989490E+01
      7348.00  1.992090E+01
      7350.00  1.982800E+01
      7352.00  1.962010E+01
      7354.00  1.953190E+01
      7356.00  1.953520E+01
      7358.00  1.956240E+01
      7360.00  1.960110E+01
      7362.00  1.965380E+01
      7364.00  1.965130E+01
      7366.00  1.962330E+01
      7368.00  1.955430E+01
      7370.00  1.942190E+01
      7372.00  1.930000E+01
      7374.00  1.920870E+01
      7376.00  1.912700E+01
      7378.00  1.903670E+01
      7380.00  1.897050E+01
      7382.00  1.882230E+01
      7384.00  1.856200E+01
      7386.00  1.837030E+01
      7388.00  1.826850E+01
      7390.00  1.821120E+01
      7392.00  1.816390E+01
      7394.00  1.814410E+01
      7396.00  1.813440E+01
      7398.00  1.815110E+01
      7400.00  1.816140E+01
      7402.00  1.819930E+01
      7404.00  1.819760E+01
      7406.00  1.807190E+01
      7408.00  1.784370E+01
      7410.00  1.770070E+01
      7412.00  1.754300E+01
      7414.00  1.748880E+01
      7416.00  1.757190E+01
      7418.00  1.765890E+01
      7420.00  1.765890E+01
      7422.00  1.762030E+01
      7424.00  1.764800E+01
      7426.00  1.773610E+01
      7428.00  1.778370E+01
      7430.00  1.781140E+01
      7432.00  1.783050E+01
      7434.00  1.784300E+01
      7436.00  1.784810E+01
      7438.00  1.785070E+01
      7440.00  1.779580E+01
      7442.00  1.786980E+01
      7444.00  1.810360E+01
      7446.00  1.825730E+01
      7448.00  1.825530E+01
      7450.00  1.819760E+01
      7452.00  1.822490E+01
      7454.00  1.829530E+01
      7456.00  1.834870E+01
      7458.00  1.845750E+01
      7460.00  1.846410E+01
      7462.00  1.831670E+01
      7464.00  1.812980E+01
      7466.00  1.803680E+01
      7468.00  1.798030E+01
      7470.00  1.796250E+01
      7472.00  1.801320E+01
      7474.00  1.803900E+01
      7476.00  1.804680E+01
      7478.00  1.804690E+01
      7480.00  1.804340E+01
      7482.00  1.803540E+01
      7484.00  1.800670E+01
      7486.00  1.797140E+01
      7488.00  1.790220E+01
      7490.00  1.776440E+01
      7492.00  1.765730E+01
      7494.00  1.766500E+01
      7496.00  1.773530E+01
      7498.00  1.764650E+01
      7500.00  1.738370E+01
      7502.00  1.725540E+01
      7504.00  1.719490E+01
      7506.00  1.716370E+01
      7508.00  1.716650E+01
      7510.00  1.719090E+01
      7512.00  1.716490E+01
      7514.00  1.712810E+01
      7516.00  1.703360E+01
      7518.00  1.681750E+01
      7520.00  1.669920E+01
      7522.00  1.675680E+01
      7524.00  1.686830E+01
      7526.00  1.685130E+01
      7528.00  1.675830E+01
      7530.00  1.668800E+01
      7532.00  1.660540E+01
      7534.00  1.652300E+01
      7536.00  1.641630E+01
      7538.00  1.633440E+01
      7540.00  1.636640E+01
      7542.00  1.652440E+01
      7544.00  1.642880E+01
      7546.00  1.606650E+01
      7548.00  1.585980E+01
      7550.00  1.580420E+01
      7552.00  1.576980E+01
      7554.00  1.566290E+01
      7556.00  1.552270E+01
      7558.00  1.549100E+01
      7560.00  1.555790E+01
      7562.00  1.559970E+01
      7564.00  1.567750E+01
      7566.00  1.570490E+01
      7568.00  1.561760E+01
      7570.00  1.546030E+01
      7572.00  1.537220E+01
      7574.00  1.529450E+01
      7576.00  1.525680E+01
      7578.00  1.528200E+01
      7580.00  1.528630E+01
      7582.00  1.522340E+01
      7584.00  1.514670E+01
      7586.00  1.517390E+01
      7588.00  1.530800E+01
      7590.00  1.536290E+01
      7592.00  1.540870E+01
      7594.00  1.540660E+01
      7596.00  1.530440E+01
      7598.00  1.519700E+01
      7600.00  1.526210E+01
      7602.00  1.550610E+01
      7604.00  1.551510E+01
      7606.00  1.533010E+01
      7608.00  1.521860E+01
      7610.00  1.511740E+01
      7612.00  1.511440E+01
      7614.00  1.538580E+01
      7616.00  1.592730E+01
      7618.00  1.608520E+01
      7620.00  1.596640E+01
      7622.00  1.590820E+01
      7624.00  1.585950E+01
      7626.00  1.581120E+01
      7628.00  1.578670E+01
      7630.00  1.577740E+01
      7632.00  1.565220E+01
      7634.00  1.537000E+01
      7636.00  1.521130E+01
      7638.00  1.514520E+01
      7640.00  1.508380E+01
      7642.00  1.499830E+01
      7644.00  1.490490E+01
      7646.00  1.478000E+01
      7648.00  1.458400E+01
      7650.00  1.447900E+01
      7652.00  1.450620E+01
      7654.00  1.442370E+01
      7656.00  1.412410E+01
      7658.00  1.374080E+01
      7660.00  1.351520E+01
      7662.00  1.337710E+01
      7664.00  1.323040E+01
      7666.00  1.311530E+01
      7668.00  1.300050E+01
      7670.00  1.286490E+01
      7672.00  1.274940E+01
      7674.00  1.272200E+01
      7676.00  1.278670E+01
      7678.00  1.275660E+01
      7680.00  1.264970E+01
      7682.00  1.259180E+01
      7684.00  1.255020E+01
      7686.00  1.256850E+01
      7688.00  1.271290E+01
      7690.00  1.296700E+01
      7692.00  1.318020E+01
      7694.00  1.343620E+01
      7696.00  1.362910E+01
      7698.00  1.373740E+01
      7700.00  1.385940E+01
      7702.00  1.407460E+01
      7704.00  1.434100E+01
      7706.00  1.448470E+01
      7708.00  1.449440E+01
      7710.00  1.460630E+01
      7712.00  1.483970E+01
      7714.00  1.499180E+01
      7716.00  1.494950E+01
      7718.00  1.481110E+01
      7720.00  1.481010E+01
      7722.00  1.488660E+01
      7724.00  1.494940E+01
      7726.00  1.503850E+01
      7728.00  1.511840E+01
      7730.00  1.516780E+01
      7732.00  1.521810E+01
      7734.00  1.532490E+01
      7736.00  1.544030E+01
      7738.00  1.568060E+01
      7740.00  1.607660E+01
      7742.00  1.643350E+01
      7744.00  1.677820E+01
      7746.00  1.707100E+01
      7748.00  1.720820E+01
      7750.00  1.719180E+01
      7752.00  1.729600E+01
      7754.00  1.739970E+01
      7756.00  1.760330E+01
      7758.00  1.796830E+01
      7760.00  1.832840E+01
      7762.00  1.854390E+01
      7764.00  1.867970E+01
      7766.00  1.875800E+01
      7768.00  1.869190E+01
      7770.00  1.873450E+01
      7772.00  1.891410E+01
      7774.00  1.903720E+01
      7776.00  1.896560E+01
      7778.00  1.878280E+01
      7780.00  1.876670E+01
      7782.00  1.883940E+01
      7784.00  1.893430E+01
      7786.00  1.914860E+01
      7788.00  1.927110E+01
      7790.00  1.921800E+01
      7792.00  1.906150E+01
      7794.00  1.889660E+01
      7796.00  1.859530E+01
      7798.00  1.849810E+01
      7800.00  1.862010E+01
      7802.00  1.863140E+01
      7804.00  1.840900E+01
      7806.00  1.814550E+01
      7808.00  1.814530E+01
      7810.00  1.837840E+01
      7812.00  1.840420E+01
      7814.00  1.834250E+01
      7816.00  1.824570E+01
      7818.00  1.806390E+01
      7820.00  1.789350E+01
      7822.00  1.788460E+01
      7824.00  1.801790E+01
      7826.00  1.795120E+01
      7828.00  1.769860E+01
      7830.00  1.756000E+01
      7832.00  1.752850E+01
      7834.00  1.752110E+01
      7836.00  1.748780E+01
      7838.00  1.745250E+01
      7840.00  1.742950E+01
      7842.00  1.746350E+01
      7844.00  1.739490E+01
      7846.00  1.718900E+01
      7848.00  1.701990E+01
      7850.00  1.699230E+01
      7852.00  1.703720E+01
      7854.00  1.699410E+01
      7856.00  1.693030E+01
      7858.00  1.681280E+01
      7860.00  1.658870E+01
      7862.00  1.642500E+01
      7864.00  1.639280E+01
      7866.00  1.641720E+01
      7868.00  1.636390E+01
      7870.00  1.623950E+01
      7872.00  1.621680E+01
      7874.00  1.630960E+01
      7876.00  1.632950E+01
      7878.00  1.620430E+01
      7880.00  1.606160E+01
      7882.00  1.609010E+01
      7884.00  1.624860E+01
      7886.00  1.634970E+01
      7888.00  1.651180E+01
      7890.00  1.655760E+01
      7892.00  1.645060E+01
      7894.00  1.629870E+01
      7896.00  1.620360E+01
      7898.00  1.612200E+01
      7900.00  1.603230E+01
      7902.00  1.593100E+01
      7904.00  1.585120E+01
      7906.00  1.577690E+01
      7908.00  1.573350E+01
      7910.00  1.575810E+01
      7912.00  1.583600E+01
      7914.00  1.581290E+01
      7916.00  1.566870E+01
      7918.00  1.564160E+01
      7920.00  1.571520E+01
      7922.00  1.579060E+01
      7924.00  1.582420E+01
      7926.00  1.584580E+01
      7928.00  1.589180E+01
      7930.00  1.595410E+01
      7932.00  1.601590E+01
      7934.00  1.613920E+01
      7936.00  1.616780E+01
      7938.00  1.599400E+01
      7940.00  1.576260E+01
      7942.00  1.579790E+01
      7944.00  1.609740E+01
      7946.00  1.615340E+01
      7948.00  1.610130E+01
      7950.00  1.599870E+01
      7952.00  1.577310E+01
      7954.00  1.556180E+01
      7956.00  1.561900E+01
      7958.00  1.592400E+01
      7960.00  1.598560E+01
      7962.00  1.591710E+01
      7964.00  1.584850E+01
      7966.00  1.576830E+01
      7968.00  1.567270E+01
      7970.00  1.556270E+01
      7972.00  1.543130E+01
      7974.00  1.534630E+01
      7976.00  1.529680E+01
      7978.00  1.524600E+01
      7980.00  1.518870E+01
      7982.00  1.515330E+01
      7984.00  1.514510E+01
      7986.00  1.516110E+01
      7988.00  1.528480E+01
      7990.00  1.561180E+01
      7992.00  1.573300E+01
      7994.00  1.571230E+01
      7996.00  1.564650E+01
      7998.00  1.555010E+01
      8000.00  1.542210E+01
      8002.00  1.535130E+01
      8004.00  1.530950E+01
      8006.00  1.528090E+01
      8008.00  1.530090E+01
      8010.00  1.528460E+01
      8012.00  1.519130E+01
      8014.00  1.507900E+01
      8016.00  1.505320E+01
      8018.00  1.510150E+01
      8020.00  1.509510E+01
      8022.00  1.504370E+01
      8024.00  1.503520E+01
      8026.00  1.511180E+01
      8028.00  1.518350E+01
      8030.00  1.512760E+01
      8032.00  1.496750E+01
      8034.00  1.488940E+01
      8036.00  1.484010E+01
      8038.00  1.479920E+01
      8040.00  1.473660E+01
      8042.00  1.472590E+01
      8044.00  1.486140E+01
      8046.00  1.512130E+01
      8048.00  1.518780E+01
      8050.00  1.511360E+01
      8052.00  1.507090E+01
      8054.00  1.499990E+01
      8056.00  1.496400E+01
      8058.00  1.502310E+01
      8060.00  1.514060E+01
      8062.00  1.516340E+01
      8064.00  1.511930E+01
      8066.00  1.509510E+01
      8068.00  1.510630E+01
      8070.00  1.505150E+01
      8072.00  1.485270E+01
      8074.00  1.459450E+01
      8076.00  1.451360E+01
      8078.00  1.456310E+01
      8080.00  1.459040E+01
      8082.00  1.467440E+01
      8084.00  1.472180E+01
      8086.00  1.471710E+01
      8088.00  1.468120E+01
      8090.00  1.462470E+01
      8092.00  1.452700E+01
      8094.00  1.446700E+01
      8096.00  1.443310E+01
      8098.00  1.438690E+01
      8100.00  1.432370E+01
      8102.00  1.425780E+01
      8104.00  1.419710E+01
      8106.00  1.412920E+01
      8108.00  1.412000E+01
      8110.00  1.418290E+01
      8112.00  1.421050E+01
      8114.00  1.420040E+01
      8116.00  1.419380E+01
      8118.00  1.422520E+01
      8120.00  1.428130E+01
      8122.00  1.428920E+01
      8124.00  1.430550E+01
      8126.00  1.422740E+01
      8128.00  1.398630E+01
      8130.00  1.381020E+01
      8132.00  1.385120E+01
      8134.00  1.400650E+01
      8136.00  1.398240E+01
      8138.00  1.378730E+01
      8140.00  1.374430E+01
      8142.00  1.381090E+01
      8144.00  1.386030E+01
      8146.00  1.384350E+01
      8148.00  1.381030E+01
      8150.00  1.384300E+01
      8152.00  1.394390E+01
      8154.00  1.398260E+01
      8156.00  1.397290E+01
      8158.00  1.398800E+01
      8160.00  1.404920E+01
      8162.00  1.411930E+01
      8164.00  1.414620E+01
      8166.00  1.413500E+01
      8168.00  1.417010E+01
      8170.00  1.428360E+01
      8172.00  1.430010E+01
      8174.00  1.416420E+01
      8176.00  1.402380E+01
      8178.00  1.404070E+01
      8180.00  1.416730E+01
      8182.00  1.418860E+01
      8184.00  1.411750E+01
      8186.00  1.413410E+01
      8188.00  1.427120E+01
      8190.00  1.438270E+01
      8192.00  1.435480E+01
      8194.00  1.424090E+01
      8196.00  1.421080E+01
      8198.00  1.421780E+01
      8200.00  1.422400E+01
      8202.00  1.426400E+01
      8204.00  1.427170E+01
      8206.00  1.420520E+01
      8208.00  1.409660E+01
      8210.00  1.403160E+01
      8212.00  1.395290E+01
      8214.00  1.394870E+01
      8216.00  1.405290E+01
      8218.00  1.410310E+01
      8220.00  1.405100E+01
      8222.00  1.394880E+01
      8224.00  1.385290E+01
      8226.00  1.369910E+01
      8228.00  1.366280E+01
      8230.00  1.376530E+01
      8232.00  1.379050E+01
      8234.00  1.369750E+01
      8236.00  1.356850E+01
      8238.00  1.348460E+01
      8240.00  1.339600E+01
      8242.00  1.339480E+01
      8244.00  1.352160E+01
      8246.00  1.356480E+01
      8248.00  1.351200E+01
      8250.00  1.343720E+01
      8252.00  1.340860E+01
      8254.00  1.340930E+01
      8256.00  1.328760E+01
      8258.00  1.300210E+01
      8260.00  1.284190E+01
      8262.00  1.280880E+01
      8264.00  1.277300E+01
      8266.00  1.265500E+01
      8268.00  1.249670E+01
      8270.00  1.237040E+01
      8272.00  1.230840E+01
      8274.00  1.212260E+01
      8276.00  1.180720E+01
      8278.00  1.149800E+01
      8280.00  1.124350E+01
      8282.00  1.101050E+01
      8284.00  1.078900E+01
      8286.00  1.061410E+01
      8288.00  1.037580E+01
      8290.00  1.008750E+01
      8292.00  9.803010E+00
      8294.00  9.534230E+00
      8296.00  9.267240E+00
      8298.00  8.988400E+00
      8300.00  8.687380E+00
      8302.00  8.433560E+00
      8304.00  8.218020E+00
      8306.00  8.004260E+00
      8308.00  7.776100E+00
      8310.00  7.568110E+00
      8312.00  7.427140E+00
      8314.00  7.344380E+00
      8316.00  7.248290E+00
      8318.00  7.194510E+00
      8320.00  7.083300E+00
      8322.00  6.898720E+00
      8324.00  6.703930E+00
      8326.00  6.548250E+00
      8328.00  6.408800E+00
      8330.00  6.278090E+00
      8332.00  6.169130E+00
      8334.00  6.048490E+00
      8336.00  5.906540E+00
      8338.00  5.783250E+00
      8340.00  5.711140E+00
      8342.00  5.670420E+00
      8344.00  5.579510E+00
      8346.00  5.460700E+00
      8348.00  5.335430E+00
      8350.00  5.172700E+00
      8352.00  5.039750E+00
      8354.00  4.958860E+00
      8356.00  4.913030E+00
      8358.00  4.894050E+00
      8360.00  4.925450E+00
      8362.00  4.932160E+00
      8364.00  4.948730E+00
      8366.00  4.941420E+00
      8368.00  4.892710E+00
      8370.00  4.830680E+00
      8372.00  4.804750E+00
      8374.00  4.810190E+00
      8376.00  4.775340E+00
      8378.00  4.710480E+00
      8380.00  4.651250E+00
      8382.00  4.584210E+00
      8384.00  4.532760E+00
      8386.00  4.540660E+00
      8388.00  4.608120E+00
      8390.00  4.593780E+00
      8392.00  4.501870E+00
      8394.00  4.461120E+00
      8396.00  4.443540E+00
      8398.00  4.471590E+00
      8400.00  4.581370E+00
      8402.00  4.760710E+00
      8404.00  4.901120E+00
      8406.00  5.026520E+00
      8408.00  5.178490E+00
      8410.00  5.350010E+00
      8412.00  5.536370E+00
      8414.00  5.739250E+00
      8416.00  5.956720E+00
      8418.00  6.168570E+00
      8420.00  6.364140E+00
      8422.00  6.603130E+00
      8424.00  6.911520E+00
      8426.00  7.175100E+00
      8428.00  7.372000E+00
      8430.00  7.514730E+00
      8432.00  7.565120E+00
      8434.00  7.443910E+00
      8436.00  7.514670E+00
      8438.00  7.693460E+00
      8440.00  7.905680E+00
      8442.00  8.189900E+00
      8444.00  8.473790E+00
      8446.00  8.600340E+00
      8448.00  8.599500E+00
      8450.00  8.648320E+00
      8452.00  8.644510E+00
      8454.00  8.727120E+00
      8456.00  8.905740E+00
      8458.00  9.136590E+00
      8460.00  9.400540E+00
      8462.00  9.727760E+00
      8464.00  9.933210E+00
      8466.00  1.005430E+01
      8468.00  1.016380E+01
      8470.00  1.022510E+01
      8472.00  1.029690E+01
      8474.00  1.043210E+01
      8476.00  1.060580E+01
      8478.00  1.074020E+01
      8480.00  1.083140E+01
      8482.00  1.097890E+01
      8484.00  1.118020E+01
      8486.00  1.138310E+01
      8488.00  1.157570E+01
      8490.00  1.176160E+01
      8492.00  1.189020E+01
      8494.00  1.192360E+01
      8496.00  1.205110E+01
      8498.00  1.221500E+01
      8500.00  1.242290E+01
      8502.00  1.272300E+01
      8504.00  1.304210E+01
      8506.00  1.318030E+01
      8508.00  1.315850E+01
      8510.00  1.320840E+01
      8512.00  1.320430E+01
      8514.00  1.330430E+01
      8516.00  1.358390E+01
      8518.00  1.389650E+01
      8520.00  1.403370E+01
      8522.00  1.405620E+01
      8524.00  1.411300E+01
      8526.00  1.417400E+01
      8528.00  1.418710E+01
      8530.00  1.413250E+01
      8532.00  1.406510E+01
      8534.00  1.403980E+01
      8536.00  1.403670E+01
      8538.00  1.399950E+01
      8540.00  1.389340E+01
      8542.00  1.388710E+01
      8544.00  1.396160E+01
      8546.00  1.408970E+01
      8548.00  1.427450E+01
      8550.00  1.451490E+01
      8552.00  1.469730E+01
      8554.00  1.484440E+01
      8556.00  1.501120E+01
      8558.00  1.513350E+01
      8560.00  1.534320E+01
      8562.00  1.573780E+01
      8564.00  1.622700E+01
      8566.00  1.654250E+01
      8568.00  1.671920E+01
      8570.00  1.697940E+01
      8572.00  1.727650E+01
      8574.00  1.755640E+01
      8576.00  1.779670E+01
      8578.00  1.802840E+01
      8580.00  1.830030E+01
      8582.00  1.857450E+01
      8584.00  1.893390E+01
      8586.00  1.945140E+01
      8588.00  1.983920E+01
      8590.00  2.001690E+01
      8592.00  2.016280E+01
      8594.00  2.049860E+01
      8596.00  2.097770E+01
      8598.00  2.129560E+01
      8600.00  2.145860E+01
      8602.00  2.174630E+01
      8604.00  2.215340E+01
      8606.00  2.261560E+01
      8608.00  2.309570E+01
      8610.00  2.361170E+01
      8612.00  2.415800E+01
      8614.00  2.480720E+01
      8616.00  2.533400E+01
      8618.00  2.569930E+01
      8620.00  2.610870E+01
      8622.00  2.671210E+01
      8624.00  2.742010E+01
      8626.00  2.792620E+01
      8628.00  2.828940E+01
      8630.00  2.867180E+01
      8632.00  2.905980E+01
      8634.00  2.937740E+01
      8636.00  2.958720E+01
      8638.00  2.972490E+01
      8640.00  2.986540E+01
      8642.00  2.998420E+01
      8644.00  3.006880E+01
      8646.00  3.008220E+01
      8648.00  3.013870E+01
      8650.00  3.025970E+01
      8652.00  3.041620E+01
      8654.00  3.058660E+01
      8656.00  3.078950E+01
      8658.00  3.097760E+01
      8660.00  3.115880E+01
      8662.00  3.135370E+01
      8664.00  3.156540E+01
      8666.00  3.178520E+01
      8668.00  3.202970E+01
      8670.00  3.234010E+01
      8672.00  3.236330E+01
      8674.00  3.210260E+01
      8676.00  3.190160E+01
      8678.00  3.168820E+01
      8680.00  3.151670E+01
      8682.00  3.149940E+01
      8684.00  3.160580E+01
      8686.00  3.136040E+01
      8688.00  3.073600E+01
      8690.00  3.033870E+01
      8692.00  3.007250E+01
      8694.00  2.985340E+01
      8696.00  2.965660E+01
      8698.00  2.949500E+01
      8700.00  2.933790E+01
      8702.00  2.913510E+01
      8704.00  2.909090E+01
      8706.00  2.925400E+01
      8708.00  2.934180E+01
      8710.00  2.928200E+01
      8712.00  2.913120E+01
      8714.00  2.888970E+01
      8716.00  2.854410E+01
      8718.00  2.814520E+01
      8720.00  2.760910E+01
      8722.00  2.713080E+01
      8724.00  2.672090E+01
      8726.00  2.636540E+01
      8728.00  2.609720E+01
      8730.00  2.593930E+01
      8732.00  2.570340E+01
      8734.00  2.536170E+01
      8736.00  2.517400E+01
      8738.00  2.518340E+01
      8740.00  2.525520E+01
      8742.00  2.528100E+01
      8744.00  2.533010E+01
      8746.00  2.522660E+01
      8748.00  2.497370E+01
      8750.00  2.474180E+01
      8752.00  2.449430E+01
      8754.00  2.425330E+01
      8756.00  2.404570E+01
      8758.00  2.385880E+01
      8760.00  2.365720E+01
      8762.00  2.347970E+01
      8764.00  2.324030E+01
      8766.00  2.289110E+01
      8768.00  2.260540E+01
      8770.00  2.249530E+01
      8772.00  2.247450E+01
      8774.00  2.230080E+01
      8776.00  2.208680E+01
      8778.00  2.174860E+01
      8780.00  2.123550E+01
      8782.00  2.075220E+01
      8784.00  2.031990E+01
      8786.00  1.993510E+01
      8788.00  1.969520E+01
      8790.00  1.960570E+01
      8792.00  1.948980E+01
      8794.00  1.940430E+01
      8796.00  1.934130E+01
      8798.00  1.931110E+01
      8800.00  1.929420E+01
      8802.00  1.927050E+01
      8804.00  1.929000E+01
      8806.00  1.911530E+01
      8808.00  1.869020E+01
      8810.00  1.841240E+01
      8812.00  1.831150E+01
      8814.00  1.823600E+01
      8816.00  1.806470E+01
      8818.00  1.784760E+01
      8820.00  1.764270E+01
      8822.00  1.741270E+01
      8824.00  1.721460E+01
      8826.00  1.706890E+01
      8828.00  1.690160E+01
      8830.00  1.665100E+01
      8832.00  1.634890E+01
      8834.00  1.613450E+01
      8836.00  1.597350E+01
      8838.00  1.581950E+01
      8840.00  1.569460E+01
      8842.00  1.557050E+01
      8844.00  1.543040E+01
      8846.00  1.528860E+01
      8848.00  1.518000E+01
      8850.00  1.508340E+01
      8852.00  1.502760E+01
      8854.00  1.504390E+01
      8856.00  1.502160E+01
      8858.00  1.495810E+01
      8860.00  1.484550E+01
      8862.00  1.461110E+01
      8864.00  1.420300E+01
      8866.00  1.397490E+01
      8868.00  1.389540E+01
      8870.00  1.373820E+01
      8872.00  1.344650E+01
      8874.00  1.314700E+01
      8876.00  1.298010E+01
      8878.00  1.288300E+01
      8880.00  1.287500E+01
      8882.00  1.303850E+01
      8884.00  1.310340E+01
      8886.00  1.305100E+01
      8888.00  1.299600E+01
      8890.00  1.302820E+01
      8892.00  1.311040E+01
      8894.00  1.317160E+01
      8896.00  1.328440E+01
      8898.00  1.329360E+01
      8900.00  1.317030E+01
      8902.00  1.306040E+01
      8904.00  1.305230E+01
      8906.00  1.309540E+01
      8908.00  1.309930E+01
      8910.00  1.306300E+01
      8912.00  1.309510E+01
      8914.00  1.322900E+01
      8916.00  1.330160E+01
      8918.00  1.321710E+01
      8920.00  1.307120E+01
      8922.00  1.309700E+01
      8924.00  1.327640E+01
      8926.00  1.335760E+01
      8928.00  1.340230E+01
      8930.00  1.344900E+01
      8932.00  1.349980E+01
      8934.00  1.355380E+01
      8936.00  1.362660E+01
      8938.00  1.374400E+01
      8940.00  1.375400E+01
      8942.00  1.366390E+01
      8944.00  1.359180E+01
      8946.00  1.350710E+01
      8948.00  1.345940E+01
      8950.00  1.355040E+01
      8952.00  1.378180E+01
      8954.00  1.382020E+01
      8956.00  1.375200E+01
      8958.00  1.364470E+01
      8960.00  1.346850E+01
      8962.00  1.327000E+01
      8964.00  1.308410E+01
      8966.00  1.289100E+01
      8968.00  1.273940E+01
      8970.00  1.256200E+01
      8972.00  1.252160E+01
      8974.00  1.263570E+01
      8976.00  1.277360E+01
      8978.00  1.289860E+01
      8980.00  1.302560E+01
      8982.00  1.300980E+01
      8984.00  1.283420E+01
      8986.00  1.272790E+01
      8988.00  1.261470E+01
      8990.00  1.252960E+01
      8992.00  1.250740E+01
      8994.00  1.250480E+01
      8996.00  1.240290E+01
      8998.00  1.218400E+01
      9000.00  1.209060E+01
      9002.00  1.209680E+01
      9004.00  1.206780E+01
      9006.00  1.197080E+01
      9008.00  1.186130E+01
      9010.00  1.181400E+01
      9012.00  1.183650E+01
      9014.00  1.173340E+01
      9016.00  1.151590E+01
      9018.00  1.133400E+01
      9020.00  1.114570E+01
      9022.00  1.101540E+01
      9024.00  1.106450E+01
      9026.00  1.128780E+01
      9028.00  1.126840E+01
      9030.00  1.102810E+01
      9032.00  1.092500E+01
      9034.00  1.094450E+01
      9036.00  1.098630E+01
      9038.00  1.099610E+01
      9040.00  1.100160E+01
      9042.00  1.099520E+01
      9044.00  1.096190E+01
      9046.00  1.095860E+01
      9048.00  1.099950E+01
      9050.00  1.101490E+01
      9052.00  1.095110E+01
      9054.00  1.085140E+01
      9056.00  1.086440E+01
      9058.00  1.098740E+01
      9060.00  1.104830E+01
      9062.00  1.108770E+01
      9064.00  1.113070E+01
      9066.00  1.118960E+01
      9068.00  1.124910E+01
      9070.00  1.127560E+01
      9072.00  1.123450E+01
      9074.00  1.132050E+01
      9076.00  1.152510E+01
      9078.00  1.170130E+01
      9080.00  1.186990E+01
      9082.00  1.199350E+01
      9084.00  1.195790E+01
      9086.00  1.173140E+01
      9088.00  1.176300E+01
      9090.00  1.199910E+01
      9092.00  1.217060E+01
      9094.00  1.231870E+01
      9096.00  1.241190E+01
      9098.00  1.237820E+01
      9100.00  1.223150E+01
      9102.00  1.216940E+01
      9104.00  1.217280E+01
      9106.00  1.209550E+01
      9108.00  1.193120E+01
      9110.00  1.175760E+01
      9112.00  1.161190E+01
      9114.00  1.147420E+01
      9116.00  1.138950E+01
      9118.00  1.137050E+01
      9120.00  1.132410E+01
      9122.00  1.124270E+01
      9124.00  1.120520E+01
      9126.00  1.126000E+01
      9128.00  1.136470E+01
      9130.00  1.140850E+01
      9132.00  1.145820E+01
      9134.00  1.142270E+01
      9136.00  1.130990E+01
      9138.00  1.117290E+01
      9140.00  1.098260E+01
      9142.00  1.079230E+01
      9144.00  1.075650E+01
      9146.00  1.086670E+01
      9148.00  1.089410E+01
      9150.00  1.098980E+01
      9152.00  1.091910E+01
      9154.00  1.053670E+01
      9156.00  1.014420E+01
      9158.00  1.016290E+01
      9160.00  1.049880E+01
      9162.00  1.061280E+01
      9164.00  1.070910E+01
      9166.00  1.069260E+01
      9168.00  1.050870E+01
      9170.00  1.030540E+01
      9172.00  1.021390E+01
      9174.00  1.017730E+01
      9176.00  1.012740E+01
      9178.00  1.008010E+01
      9180.00  1.005750E+01
      9182.00  1.002970E+01
      9184.00  1.005990E+01
      9186.00  1.021250E+01
      9188.00  1.044810E+01
      9190.00  1.056230E+01
      9192.00  1.055840E+01
      9194.00  1.066360E+01
      9196.00  1.082450E+01
      9198.00  1.102600E+01
      9200.00  1.130370E+01
      9202.00  1.160920E+01
      9204.00  1.174780E+01
      9206.00  1.176290E+01
      9208.00  1.176090E+01
      9210.00  1.158100E+01
      9212.00  1.158480E+01
      9214.00  1.185620E+01
      9216.00  1.227660E+01
      9218.00  1.275210E+01
      9220.00  1.352430E+01
      9222.00  1.362780E+01
      9224.00  1.301640E+01
      9226.00  1.271340E+01
      9228.00  1.274230E+01
      9230.00  1.293990E+01
      9232.00  1.328000E+01
      9234.00  1.385600E+01
      9236.00  1.407610E+01
      9238.00  1.407520E+01
      9240.00  1.402920E+01
      9242.00  1.387340E+01
      9244.00  1.370020E+01
      9246.00  1.359470E+01
      9248.00  1.351660E+01
      9250.00  1.343890E+01
      9252.00  1.332150E+01
      9254.00  1.332270E+01
      9256.00  1.352100E+01
      9258.00  1.363520E+01
      9260.00  1.347450E+01
      9262.00  1.316620E+01
      9264.00  1.308860E+01
      9266.00  1.317490E+01
      9268.00  1.319780E+01
      9270.00  1.328290E+01
      9272.00  1.326100E+01
      9274.00  1.299730E+01
      9276.00  1.265430E+01
      9278.00  1.265440E+01
      9280.00  1.299150E+01
      9282.00  1.307250E+01
      9284.00  1.303610E+01
      9286.00  1.299790E+01
      9288.00  1.296730E+01
      9290.00  1.293070E+01
      9292.00  1.288940E+01
      9294.00  1.282450E+01
      9296.00  1.283040E+01
      9298.00  1.298010E+01
      9300.00  1.296730E+01
      9302.00  1.272010E+01
      9304.00  1.244030E+01
      9306.00  1.234350E+01
      9308.00  1.236750E+01
      9310.00  1.222470E+01
      9312.00  1.197460E+01
      9314.00  1.172560E+01
      9316.00  1.136680E+01
      9318.00  1.111850E+01
      9320.00  1.120710E+01
      9322.00  1.153530E+01
      9324.00  1.153400E+01
      9326.00  1.122470E+01
      9328.00  1.117150E+01
      9330.00  1.137850E+01
      9332.00  1.150570E+01
      9334.00  1.139960E+01
      9336.00  1.116190E+01
      9338.00  1.090070E+01
      9340.00  1.031960E+01
      9342.00  1.028470E+01
      9344.00  1.082160E+01
      9346.00  1.117860E+01
      9348.00  1.112840E+01
      9350.00  1.091090E+01
      9352.00  1.080550E+01
      9354.00  1.070150E+01
      9356.00  1.061190E+01
      9358.00  1.051900E+01
      9360.00  1.046230E+01
      9362.00  1.039230E+01
      9364.00  1.040240E+01
      9366.00  1.069610E+01
      9368.00  1.134240E+01
      9370.00  1.147300E+01
      9372.00  1.117060E+01
      9374.00  1.101810E+01
      9376.00  1.104890E+01
      9378.00  1.106520E+01
      9380.00  1.087190E+01
      9382.00  1.050410E+01
      9384.00  1.051660E+01
      9386.00  1.083630E+01
      9388.00  1.111430E+01
      9390.00  1.148720E+01
      9392.00  1.177500E+01
      9394.00  1.180730E+01
      9396.00  1.167150E+01
      9398.00  1.173160E+01
      9400.00  1.201600E+01
      9402.00  1.201770E+01
      9404.00  1.172510E+01
      9406.00  1.149030E+01
      9408.00  1.142420E+01
      9410.00  1.146060E+01
      9412.00  1.167050E+01
      9414.00  1.225500E+01
      9416.00  1.242730E+01
      9418.00  1.242080E+01
      9420.00  1.223640E+01
      9422.00  1.173580E+01
      9424.00  1.114430E+01
      9426.00  1.100660E+01
      9428.00  1.116370E+01
      9430.00  1.137740E+01
      9432.00  1.198400E+01
      9434.00  1.221780E+01
      9436.00  1.196390E+01
      9438.00  1.149590E+01
      9440.00  1.103950E+01
      9442.00  1.040650E+01
      9444.00  1.017850E+01
      9446.00  1.028540E+01
      9448.00  1.037180E+01
      9450.00  1.053240E+01
      9452.00  1.065020E+01
      9454.00  1.056730E+01
      9456.00  1.033530E+01
      9458.00  1.025570E+01
      9460.00  1.023800E+01
      9462.00  1.024860E+01
      9464.00  1.027930E+01
      9466.00  1.036650E+01
      9468.00  1.054440E+01
      9470.00  1.079220E+01
      9472.00  1.100440E+01
      9474.00  1.137350E+01
      9476.00  1.138630E+01
      9478.00  1.101830E+01
      9480.00  1.068620E+01
      9482.00  1.050290E+01
      9484.00  1.039660E+01
      9486.00  1.043780E+01
      9488.00  1.069500E+01
      9490.00  1.082300E+01
      9492.00  1.094300E+01
      9494.00  1.100550E+01
      9496.00  1.096230E+01
      9498.00  1.089270E+01
      9500.00  1.095400E+01
      9502.00  1.113250E+01
      9504.00  1.119670E+01
      9506.00  1.123090E+01
      9508.00  1.119890E+01
      9510.00  1.107940E+01
      9512.00  1.091970E+01
      9514.00  1.075460E+01
      9516.00  1.052890E+01
      9518.00  1.053020E+01
      9520.00  1.078650E+01
      9522.00  1.092410E+01
      9524.00  1.091740E+01
      9526.00  1.094480E+01
      9528.00  1.115490E+01
      9530.00  1.148900E+01
      9532.00  1.169170E+01
      9534.00  1.196540E+01
      9536.00  1.193810E+01
      9538.00  1.145940E+01
      9540.00  1.110370E+01
      9542.00  1.123720E+01
      9544.00  1.162120E+01
      9546.00  1.163680E+01
      9548.00  1.143150E+01
      9550.00  1.124940E+01
      9552.00  1.093570E+01
      9554.00  1.072630E+01
      9556.00  1.074250E+01
      9558.00  1.085270E+01
      9560.00  1.077800E+01
      9562.00  1.050820E+01
      9564.00  1.048890E+01
      9566.00  1.071660E+01
      9568.00  1.081850E+01
      9570.00  1.072670E+01
      9572.00  1.055210E+01
      9574.00  1.039440E+01
      9576.00  1.018780E+01
      9578.00  1.006160E+01
      9580.00  1.000840E+01
      9582.00  9.929370E+00
      9584.00  9.783860E+00
      9586.00  9.673880E+00
      9588.00  9.727900E+00
      9590.00  9.926170E+00
      9592.00  9.954200E+00
      9594.00  9.898080E+00
      9596.00  9.810720E+00
      9598.00  9.551630E+00
      9600.00  9.431610E+00
      9602.00  9.784150E+00
      9604.00  1.047020E+01
      9606.00  1.053880E+01
      9608.00  9.993680E+00
      9610.00  9.880710E+00
      9612.00  1.012440E+01
      9614.00  1.030830E+01
      9616.00  1.021430E+01
      9618.00  9.998650E+00
      9620.00  9.992410E+00
      9622.00  1.015090E+01
      9624.00  1.022160E+01
      9626.00  1.029330E+01
      9628.00  1.032280E+01
      9630.00  1.024550E+01
      9632.00  1.015360E+01
      9634.00  1.029730E+01
      9636.00  1.076780E+01
      9638.00  1.079920E+01
      9640.00  1.044120E+01
      9642.00  1.022360E+01
      9644.00  1.017100E+01
      9646.00  1.023040E+01
      9648.00  1.047700E+01
      9650.00  1.104680E+01
      9652.00  1.099680E+01
      9654.00  1.026130E+01
      9656.00  9.942090E+00
      9658.00  1.010770E+01
      9660.00  1.037430E+01
      9662.00  1.044000E+01
      9664.00  1.042780E+01
      9666.00  1.049310E+01
      9668.00  1.069960E+01
      9670.00  1.068490E+01
      9672.00  1.034550E+01
      9674.00  1.008420E+01
      9676.00  1.018930E+01
      9678.00  1.051180E+01
      9680.00  1.067400E+01
      9682.00  1.080830E+01
      9684.00  1.091100E+01
      9686.00  1.101620E+01
      9688.00  1.103780E+01
      9690.00  1.086830E+01
      9692.00  1.061650E+01
      9694.00  1.069680E+01
      9696.00  1.117770E+01
      9698.00  1.129670E+01
      9700.00  1.122110E+01
      9702.00  1.111420E+01
      9704.00  1.097080E+01
      9706.00  1.081820E+01
      9708.00  1.079750E+01
      9710.00  1.092070E+01
      9712.00  1.089430E+01
      9714.00  1.075230E+01
      9716.00  1.065930E+01
      9718.00  1.063660E+01
      9720.00  1.063230E+01
      9722.00  1.059820E+01
      9724.00  1.055010E+01
      9726.00  1.051770E+01
      9728.00  1.045830E+01
      9730.00  1.047280E+01
      9732.00  1.061140E+01
      9734.00  1.073500E+01
      9736.00  1.071280E+01
      9738.00  1.059600E+01
      9740.00  1.052340E+01
      9742.00  1.039890E+01
      9744.00  1.037990E+01
      9746.00  1.055560E+01
      9748.00  1.063210E+01
      9750.00  1.037850E+01
      9752.00  9.930690E+00
      9754.00  9.803390E+00
      9756.00  9.895470E+00
      9758.00  9.942770E+00
      9760.00  1.001920E+01
      9762.00  1.011040E+01
      9764.00  1.023020E+01
      9766.00  1.035720E+01
      9768.00  1.039380E+01
      9770.00  1.040400E+01
      9772.00  1.028710E+01
      9774.00  9.951290E+00
      9776.00  9.738240E+00
      9778.00  9.714820E+00
      9780.00  9.791910E+00
      9782.00  9.908690E+00
      9784.00  1.017000E+01
      9786.00  1.019690E+01
      9788.00  1.000410E+01
      9790.00  9.896220E+00
      9792.00  9.858020E+00
      9794.00  9.887540E+00
      9796.00  1.005460E+01
      9798.00  1.039110E+01
      9800.00  1.045220E+01
      9802.00  1.041490E+01
      9804.00  1.017810E+01
      9806.00  9.552000E+00
      9808.00  9.004200E+00
      9810.00  8.946190E+00
      9812.00  9.200500E+00
      9814.00  9.342900E+00
      9816.00  9.664650E+00
      9818.00  9.692260E+00
      9820.00  9.354010E+00
      9822.00  9.079860E+00
      9824.00  9.088230E+00
      9826.00  9.247610E+00
      9828.00  9.434830E+00
      9830.00  9.796360E+00
      9832.00  9.990250E+00
      9834.00  1.011420E+01
      9836.00  1.015740E+01
      9838.00  1.008310E+01
      9840.00  9.940670E+00
      9842.00  9.878380E+00
      9844.00  9.800560E+00
      9846.00  9.859180E+00
      9848.00  1.011740E+01
      9850.00  1.026540E+01
      9852.00  1.027150E+01
      9854.00  1.018200E+01
      9856.00  9.985010E+00
      9858.00  9.615920E+00
      9860.00  9.429360E+00
      9862.00  9.233520E+00
      9864.00  9.268000E+00
      9866.00  9.653750E+00
      9868.00  1.009730E+01
      9870.00  1.030170E+01
      9872.00  1.041220E+01
      9874.00  1.032100E+01
      9876.00  9.926010E+00
      9878.00  9.655360E+00
      9880.00  9.441590E+00
      9882.00  9.284810E+00
      9884.00  9.193330E+00
      9886.00  9.160220E+00
      9888.00  9.270550E+00
      9890.00  9.693090E+00
      9892.00  9.786200E+00
      9894.00  9.566770E+00
      9896.00  9.364230E+00
      9898.00  9.341930E+00
      9900.00  9.387070E+00
      9902.00  9.308230E+00
      9904.00  9.114220E+00
      9906.00  9.008180E+00
      9908.00  8.962820E+00
      9910.00  8.893130E+00
      9912.00  8.751940E+00
      9914.00  8.598740E+00
      9916.00  8.557600E+00
      9918.00  8.603580E+00
      9920.00  8.643870E+00
      9922.00  8.715930E+00
      9924.00  8.793510E+00
      9926.00  8.926170E+00
      9928.00  9.020440E+00
      9930.00  8.902630E+00
      9932.00  8.587900E+00
      9934.00  8.395990E+00
      9936.00  8.111600E+00
      9938.00  8.077900E+00
      9940.00  8.395550E+00
      9942.00  8.773250E+00
      9944.00  8.988400E+00
      9946.00  9.189540E+00
      9948.00  8.910000E+00
      9950.00  7.844310E+00
      9952.00  7.439970E+00
      9954.00  7.672160E+00
      9956.00  7.988630E+00
      9958.00  8.028220E+00
      9960.00  7.976890E+00
      9962.00  8.320880E+00
      9964.00  9.273450E+00
      9966.00  9.584410E+00
      9968.00  9.377710E+00
      9970.00  9.121430E+00
      9972.00  8.957050E+00
      9974.00  8.801950E+00
      9976.00  8.760370E+00
      9978.00  8.860710E+00
      9980.00  8.873020E+00
      9982.00  8.793470E+00
      9984.00  8.821230E+00
      9986.00  9.041360E+00
      9988.00  9.338540E+00
      9990.00  9.513270E+00
      9992.00  9.614320E+00
      9994.00  9.769240E+00
      9996.00  1.002160E+01
      9998.00  1.013010E+01
