      3470.00  3.193280E-02
      3472.00  1.169460E-01
      3474.00  1.683170E-01
      3476.00  1.416570E-01
      3478.00  1.068160E-01
      3480.00  2.801530E-01
      3482.00  2.628740E-01
      3484.00  3.104900E-01
      3486.00  1.870670E-01
      3488.00  1.970800E-01
      3490.00  2.070930E-01
      3492.00  2.070930E-01
      3494.00  2.681330E-01
      3496.00  1.935910E-01
      3498.00  2.641430E-01
      3500.00  1.772580E-01
      3502.00  1.022640E-01
      3504.00  2.132340E-01
      3506.00  7.911170E-02
      3508.00  1.133610E-01
      3510.00  1.133610E-01
      3512.00  1.115020E-01
      3514.00  1.599600E-01
      3516.00  2.031790E-01
      3518.00  1.791730E-01
      3520.00  2.343610E-01
      3522.00  6.209060E-02
      3524.00  9.503470E-02
      3526.00  2.293220E-01
      3528.00  1.954310E-01
      3530.00  1.409250E-01
      3532.00  3.312540E-01
      3534.00  1.792900E-01
      3536.00  9.560000E-02
      3538.00  1.244080E-01
      3540.00  1.205930E-01
      3542.00  1.801090E-01
      3544.00  2.962930E-01
      3546.00  3.705120E-02
      3548.00  2.220450E-01
      3550.00  2.959840E-01
      3552.00  1.597320E-01
      3554.00  2.699150E-01
      3556.00  1.612330E-01
      3558.00  2.379070E-01
      3560.00  2.382500E-01
      3562.00  1.238220E-01
      3564.00  2.082610E-01
      3566.00  2.217510E-01
      3568.00  6.580710E-02
      3570.00  1.062400E-01
      3572.00  1.608250E-01
      3574.00  9.606230E-02
      3576.00  9.513080E-02
      3578.00  1.386480E-01
      3580.00  5.348820E-02
      3582.00  3.042450E-01
      3584.00  3.443610E-01
      3586.00  1.516370E-01
      3588.00  1.990120E-01
      3590.00  4.898130E-02
      3592.00  1.526750E-01
      3594.00  1.549730E-01
      3596.00  9.133550E-02
      3598.00  2.314900E-01
      3600.00  1.105120E-01
      3602.00  1.632130E-01
      3604.00  1.244450E-01
      3606.00  5.210220E-02
      3608.00  1.792880E-01
      3610.00  2.511250E-01
      3612.00  1.346850E-01
      3614.00  1.399120E-01
      3616.00  2.763770E-01
      3618.00  1.262610E-01
      3620.00  2.978270E-01
      3622.00  1.318100E-01
      3624.00  8.522410E-02
      3626.00  1.378360E-01
      3628.00  1.673970E-01
      3630.00  1.976310E-01
      3632.00  7.816910E-02
      3634.00  1.643400E-01
      3636.00  2.895830E-01
      3638.00  1.879500E-01
      3640.00  9.191410E-02
      3642.00  1.414570E-01
      3644.00  2.304300E-01
      3646.00  1.237330E-01
      3648.00  1.919730E-01
      3650.00  3.021700E-01
      3652.00  2.281220E-01
      3654.00  1.474900E-01
      3656.00  8.192880E-02
      3658.00  8.379930E-02
      3660.00  1.460330E-01
      3662.00  1.398910E-01
      3664.00  9.325540E-02
      3666.00  1.830080E-02
      3668.00  2.332850E-01
      3670.00  1.823100E-01
      3672.00  2.385190E-01
      3674.00  1.843450E-01
      3676.00  1.396760E-01
      3678.00  1.078030E-01
      3680.00  9.208630E-02
      3682.00  2.124680E-01
      3684.00  2.507590E-01
      3686.00  1.778830E-01
      3688.00  1.900110E-01
      3690.00  9.625610E-02
      3692.00  2.137130E-01
      3694.00  1.812660E-01
      3696.00  9.092970E-02
      3698.00  2.024820E-01
      3700.00  1.846480E-01
      3702.00  1.936160E-01
      3704.00  1.006990E-01
      3706.00  1.729090E-01
      3708.00  1.145790E-01
      3710.00  1.391030E-01
      3712.00  2.606130E-01
      3714.00  1.350410E-01
      3716.00  1.662180E-01
      3718.00  1.808280E-01
      3720.00  1.251070E-01
      3722.00  1.828840E-01
      3724.00  2.319470E-01
      3726.00  2.529830E-01
      3728.00  1.511970E-01
      3730.00  1.935090E-01
      3732.00  2.651170E-01
      3734.00  1.960640E-01
      3736.00  2.567520E-01
      3738.00  3.097480E-01
      3740.00  2.383580E-01
      3742.00  2.514490E-01
      3744.00  1.149470E-01
      3746.00  1.239850E-01
      3748.00  1.883040E-01
      3750.00  1.830780E-01
      3752.00  7.063760E-02
      3754.00  1.434130E-01
      3756.00  1.850610E-01
      3758.00  1.612410E-01
      3760.00  1.771910E-01
      3762.00  1.323470E-01
      3764.00  1.436540E-01
      3766.00  1.682440E-01
      3768.00  1.356930E-01
      3770.00  1.072760E-01
      3772.00  1.921810E-01
      3774.00  1.861160E-01
      3776.00  1.935120E-01
      3778.00  1.316600E-01
      3780.00  1.099450E-01
      3782.00  1.565530E-01
      3784.00  1.423360E-01
      3786.00  1.162350E-01
      3788.00  2.135940E-01
      3790.00  9.054420E-02
      3792.00  6.003230E-02
      3794.00  1.697390E-01
      3796.00  1.577500E-01
      3798.00  9.201450E-02
      3800.00  1.664540E-01
      3802.00  1.296610E-01
      3804.00  1.100310E-01
      3806.00  1.033010E-01
      3808.00  1.500910E-01
      3810.00  1.183760E-01
      3812.00  1.256600E-01
      3814.00  2.026890E-01
      3816.00  9.397190E-02
      3818.00  8.204270E-02
      3820.00  1.327380E-01
      3822.00  1.128860E-01
      3824.00  1.581020E-01
      3826.00  1.092360E-01
      3828.00  1.667280E-01
      3830.00  1.535550E-01
      3832.00  1.147070E-01
      3834.00  1.044090E-01
      3836.00  7.845740E-02
      3838.00  4.873500E-02
      3840.00  1.221680E-01
      3842.00  7.115860E-02
      3844.00  1.590070E-01
      3846.00  1.018870E-01
      3848.00  7.074480E-02
      3850.00  9.577130E-02
      3852.00  8.066740E-02
      3854.00  1.458740E-01
      3856.00  1.533850E-01
      3858.00  1.256480E-01
      3860.00  1.414220E-01
      3862.00  9.383960E-02
      3864.00  1.014280E-01
      3866.00  1.305650E-01
      3868.00  1.146800E-01
      3870.00  1.228480E-01
      3872.00  1.221350E-01
      3874.00  7.750530E-02
      3876.00  1.124360E-01
      3878.00  1.136840E-01
      3880.00  1.179480E-01
      3882.00  1.162020E-01
      3884.00  1.332650E-01
      3886.00  1.707330E-01
      3888.00  1.489350E-01
      3890.00  1.566980E-01
      3892.00  1.504430E-01
      3894.00  1.490800E-01
      3896.00  1.793640E-01
      3898.00  2.106330E-01
      3900.00  2.290440E-01
      3902.00  1.936020E-01
      3904.00  2.200480E-01
      3906.00  2.531850E-01
      3908.00  1.738290E-01
      3910.00  2.531970E-01
      3912.00  2.792790E-01
      3914.00  2.395190E-01
      3916.00  2.061260E-01
      3918.00  1.954550E-01
      3920.00  2.253480E-01
      3922.00  2.695050E-01
      3924.00  1.872500E-01
      3926.00  2.601030E-01
      3928.00  2.443850E-01
      3930.00  2.806680E-01
      3932.00  2.614600E-01
      3934.00  2.137250E-01
      3936.00  2.560540E-01
      3938.00  2.153640E-01
      3940.00  2.431300E-01
      3942.00  2.536760E-01
      3944.00  2.385240E-01
      3946.00  2.578170E-01
      3948.00  2.394710E-01
      3950.00  2.236660E-01
      3952.00  2.455390E-01
      3954.00  1.932060E-01
      3956.00  2.356530E-01
      3958.00  2.613310E-01
      3960.00  2.622970E-01
      3962.00  2.708690E-01
      3964.00  2.757710E-01
      3966.00  2.757890E-01
      3968.00  2.837790E-01
      3970.00  2.588060E-01
      3972.00  2.578820E-01
      3974.00  2.841060E-01
      3976.00  2.715100E-01
      3978.00  2.523520E-01
      3980.00  2.488680E-01
      3982.00  2.853520E-01
      3984.00  2.956370E-01
      3986.00  2.624220E-01
      3988.00  2.915590E-01
      3990.00  3.204830E-01
      3992.00  3.228890E-01
      3994.00  3.224470E-01
      3996.00  3.623320E-01
      3998.00  2.897390E-01
      4000.00  3.301680E-01
      4002.00  2.940040E-01
      4004.00  2.616730E-01
      4006.00  3.713630E-01
      4008.00  3.095930E-01
      4010.00  3.739660E-01
      4012.00  3.386770E-01
      4014.00  3.348450E-01
      4016.00  3.761090E-01
      4018.00  3.580430E-01
      4020.00  2.928830E-01
      4022.00  4.579120E-01
      4024.00  4.180740E-01
      4026.00  4.330560E-01
      4028.00  3.681930E-01
      4030.00  3.547430E-01
      4032.00  3.677370E-01
      4034.00  3.836100E-01
      4036.00  3.238850E-01
      4038.00  3.165050E-01
      4040.00  2.690510E-01
      4042.00  3.401500E-01
      4044.00  2.363830E-01
      4046.00  1.457320E-01
      4048.00  2.187280E-01
      4050.00  2.544760E-01
      4052.00  2.832180E-01
      4054.00  3.066560E-01
      4056.00  2.433870E-01
      4058.00  2.351310E-01
      4060.00  2.101890E-01
      4062.00  2.403310E-01
      4064.00  2.889560E-01
      4066.00  2.398650E-01
      4068.00  2.557230E-01
      4070.00  2.476390E-01
      4072.00  2.663000E-01
      4074.00  2.901100E-01
      4076.00  2.974790E-01
      4078.00  2.976380E-01
      4080.00  2.861990E-01
      4082.00  2.646730E-01
      4084.00  2.790830E-01
      4086.00  3.079400E-01
      4088.00  3.762400E-01
      4090.00  2.705740E-01
      4092.00  3.131180E-01
      4094.00  2.848670E-01
      4096.00  2.971140E-01
      4098.00  2.766670E-01
      4100.00  2.982630E-01
      4102.00  3.342550E-01
      4104.00  2.840620E-01
      4106.00  2.765510E-01
      4108.00  3.513510E-01
      4110.00  3.233940E-01
      4112.00  2.922660E-01
      4114.00  2.498140E-01
      4116.00  3.351010E-01
      4118.00  3.132670E-01
      4120.00  3.311180E-01
      4122.00  2.737860E-01
      4124.00  3.028040E-01
      4126.00  2.917720E-01
      4128.00  3.250560E-01
      4130.00  3.202180E-01
      4132.00  2.569880E-01
      4134.00  3.013880E-01
      4136.00  3.066970E-01
      4138.00  3.064260E-01
      4140.00  3.275300E-01
      4142.00  3.098680E-01
      4144.00  2.364510E-01
      4146.00  2.862630E-01
      4148.00  3.038600E-01
      4150.00  2.905800E-01
      4152.00  2.875170E-01
      4154.00  3.388390E-01
      4156.00  2.927540E-01
      4158.00  2.840320E-01
      4160.00  3.300570E-01
      4162.00  2.547070E-01
      4164.00  3.010430E-01
      4166.00  2.990780E-01
      4168.00  2.481920E-01
      4170.00  2.316040E-01
      4172.00  2.729930E-01
      4174.00  2.873530E-01
      4176.00  2.515240E-01
      4178.00  2.090850E-01
      4180.00  2.422650E-01
      4182.00  2.861680E-01
      4184.00  2.199330E-01
      4186.00  2.390430E-01
      4188.00  2.271230E-01
      4190.00  2.473740E-01
      4192.00  2.154930E-01
      4194.00  2.417330E-01
      4196.00  2.011840E-01
      4198.00  1.928990E-01
      4200.00  2.059240E-01
      4202.00  2.553630E-01
      4204.00  2.368050E-01
      4206.00  2.112270E-01
      4208.00  2.275480E-01
      4210.00  2.116170E-01
      4212.00  2.190570E-01
      4214.00  2.360960E-01
      4216.00  1.758810E-01
      4218.00  1.748920E-01
      4220.00  1.923410E-01
      4222.00  2.364130E-01
      4224.00  2.143510E-01
      4226.00  2.038030E-01
      4228.00  2.512070E-01
      4230.00  1.866090E-01
      4232.00  2.518020E-01
      4234.00  2.444820E-01
      4236.00  2.119360E-01
      4238.00  2.534310E-01
      4240.00  1.992360E-01
      4242.00  1.747380E-01
      4244.00  1.450830E-01
      4246.00  2.029210E-01
      4248.00  2.678200E-01
      4250.00  2.155440E-01
      4252.00  2.645820E-01
      4254.00  2.359580E-01
      4256.00  2.796650E-01
      4258.00  2.104120E-01
      4260.00  2.731030E-01
      4262.00  2.344230E-01
      4264.00  1.939580E-01
      4266.00  2.486170E-01
      4268.00  2.868140E-01
      4270.00  2.521140E-01
      4272.00  2.046730E-01
      4274.00  2.382210E-01
      4276.00  2.592280E-01
      4278.00  2.701980E-01
      4280.00  2.829360E-01
      4282.00  2.097050E-01
      4284.00  2.848300E-01
      4286.00  2.701360E-01
      4288.00  2.567280E-01
      4290.00  2.410680E-01
      4292.00  2.477010E-01
      4294.00  2.421170E-01
      4296.00  2.207690E-01
      4298.00  2.649480E-01
      4300.00  2.354920E-01
      4302.00  2.580560E-01
      4304.00  2.164590E-01
      4306.00  2.174140E-01
      4308.00  2.435800E-01
      4310.00  1.936510E-01
      4312.00  2.368140E-01
      4314.00  1.927840E-01
      4316.00  1.949840E-01
      4318.00  1.722690E-01
      4320.00  2.227770E-01
      4322.00  2.515590E-01
      4324.00  1.891440E-01
      4326.00  2.081620E-01
      4328.00  2.353260E-01
      4330.00  2.078050E-01
      4332.00  2.464870E-01
      4334.00  2.651740E-01
      4336.00  2.525960E-01
      4338.00  2.328250E-01
      4340.00  2.691740E-01
      4342.00  2.326100E-01
      4344.00  2.146320E-01
      4346.00  3.035080E-01
      4348.00  2.823280E-01
      4350.00  2.245450E-01
      4352.00  2.464390E-01
      4354.00  2.956980E-01
      4356.00  2.215410E-01
      4358.00  3.113140E-01
      4360.00  2.472310E-01
      4362.00  2.128790E-01
      4364.00  2.421120E-01
      4366.00  2.514960E-01
      4368.00  2.427900E-01
      4370.00  2.795730E-01
      4372.00  2.731840E-01
      4374.00  2.944540E-01
      4376.00  2.895690E-01
      4378.00  2.618550E-01
      4380.00  2.650220E-01
      4382.00  2.590040E-01
      4384.00  2.386540E-01
      4386.00  2.259550E-01
      4388.00  2.968980E-01
      4390.00  2.691350E-01
      4392.00  2.836600E-01
      4394.00  2.796950E-01
      4396.00  2.742780E-01
      4398.00  3.061790E-01
      4400.00  3.065630E-01
      4402.00  2.777290E-01
      4404.00  2.746280E-01
      4406.00  2.675510E-01
      4408.00  3.171140E-01
      4410.00  2.716570E-01
      4412.00  2.924510E-01
      4414.00  3.270680E-01
      4416.00  2.842960E-01
      4418.00  3.059820E-01
      4420.00  2.887830E-01
      4422.00  2.690400E-01
      4424.00  2.610580E-01
      4426.00  2.955670E-01
      4428.00  3.033890E-01
      4430.00  3.076840E-01
      4432.00  2.856710E-01
      4434.00  2.750070E-01
      4436.00  2.867390E-01
      4438.00  2.546180E-01
      4440.00  2.550040E-01
      4442.00  2.747510E-01
      4444.00  2.280550E-01
      4446.00  2.726500E-01
      4448.00  2.800660E-01
      4450.00  2.494170E-01
      4452.00  1.932610E-01
      4454.00  2.427680E-01
      4456.00  2.305560E-01
      4458.00  2.411960E-01
      4460.00  2.173660E-01
      4462.00  2.396870E-01
      4464.00  2.598290E-01
      4466.00  2.452960E-01
      4468.00  2.482720E-01
      4470.00  2.146500E-01
      4472.00  2.579940E-01
      4474.00  2.348500E-01
      4476.00  2.361550E-01
      4478.00  2.842440E-01
      4480.00  2.534160E-01
      4482.00  2.384680E-01
      4484.00  2.457330E-01
      4486.00  2.551150E-01
      4488.00  2.721930E-01
      4490.00  2.571080E-01
      4492.00  2.397570E-01
      4494.00  2.774270E-01
      4496.00  2.675700E-01
      4498.00  2.824460E-01
      4500.00  3.051290E-01
      4502.00  3.161680E-01
      4504.00  3.263350E-01
      4506.00  3.278120E-01
      4508.00  3.204540E-01
      4510.00  3.442290E-01
      4512.00  3.974040E-01
      4514.00  3.725570E-01
      4516.00  3.771120E-01
      4518.00  3.978600E-01
      4520.00  4.046980E-01
      4522.00  4.408420E-01
      4524.00  4.508700E-01
      4526.00  4.516540E-01
      4528.00  4.865500E-01
      4530.00  4.906400E-01
      4532.00  4.929050E-01
      4534.00  5.521360E-01
      4536.00  5.445830E-01
      4538.00  5.318760E-01
      4540.00  5.714250E-01
      4542.00  5.689670E-01
      4544.00  6.519050E-01
      4546.00  6.254060E-01
      4548.00  6.004450E-01
      4550.00  6.348060E-01
      4552.00  6.170960E-01
      4554.00  6.195190E-01
      4556.00  6.699830E-01
      4558.00  6.630960E-01
      4560.00  6.668230E-01
      4562.00  6.526480E-01
      4564.00  6.496330E-01
      4566.00  7.196680E-01
      4568.00  7.184010E-01
      4570.00  6.926480E-01
      4572.00  6.745730E-01
      4574.00  6.886890E-01
      4576.00  6.912040E-01
      4578.00  7.119630E-01
      4580.00  7.425190E-01
      4582.00  7.225060E-01
      4584.00  7.162740E-01
      4586.00  7.134470E-01
      4588.00  6.855950E-01
      4590.00  6.915860E-01
      4592.00  6.956800E-01
      4594.00  7.107910E-01
      4596.00  7.221180E-01
      4598.00  7.244670E-01
      4600.00  7.515330E-01
      4602.00  8.241310E-01
      4604.00  7.622790E-01
      4606.00  7.442960E-01
      4608.00  7.835330E-01
      4610.00  8.189040E-01
      4612.00  7.792050E-01
      4614.00  7.774640E-01
      4616.00  8.158620E-01
      4618.00  8.078180E-01
      4620.00  7.837680E-01
      4622.00  7.916690E-01
      4624.00  7.757330E-01
      4626.00  7.671530E-01
      4628.00  7.780180E-01
      4630.00  7.987040E-01
      4632.00  7.968420E-01
      4634.00  8.155740E-01
      4636.00  7.664820E-01
      4638.00  7.662640E-01
      4640.00  7.823750E-01
      4642.00  8.133210E-01
      4644.00  7.949000E-01
      4646.00  7.401680E-01
      4648.00  7.706570E-01
      4650.00  7.783350E-01
      4652.00  8.038230E-01
      4654.00  7.810680E-01
      4656.00  7.407380E-01
      4658.00  7.708430E-01
      4660.00  8.075060E-01
      4662.00  7.865950E-01
      4664.00  7.985320E-01
      4666.00  8.468030E-01
      4668.00  7.767840E-01
      4670.00  7.341980E-01
      4672.00  7.820490E-01
      4674.00  7.817900E-01
      4676.00  7.348810E-01
      4678.00  7.468760E-01
      4680.00  7.386750E-01
      4682.00  6.970790E-01
      4684.00  6.737050E-01
      4686.00  7.311690E-01
      4688.00  7.102080E-01
      4690.00  6.945080E-01
      4692.00  6.824490E-01
      4694.00  6.795040E-01
      4696.00  6.954930E-01
      4698.00  6.515640E-01
      4700.00  6.512280E-01
      4702.00  6.313210E-01
      4704.00  6.073520E-01
      4706.00  5.947350E-01
      4708.00  6.140120E-01
      4710.00  6.253630E-01
      4712.00  5.953160E-01
      4714.00  5.975090E-01
      4716.00  5.994280E-01
      4718.00  6.047940E-01
      4720.00  5.726420E-01
      4722.00  5.850160E-01
      4724.00  5.632710E-01
      4726.00  5.471860E-01
      4728.00  5.560770E-01
      4730.00  6.015620E-01
      4732.00  5.710100E-01
      4734.00  5.611590E-01
      4736.00  5.431240E-01
      4738.00  5.897850E-01
      4740.00  5.377110E-01
      4742.00  5.644680E-01
      4744.00  5.747260E-01
      4746.00  6.191970E-01
      4748.00  6.079580E-01
      4750.00  5.357590E-01
      4752.00  6.183400E-01
      4754.00  6.021110E-01
      4756.00  5.840300E-01
      4758.00  5.731800E-01
      4760.00  5.697620E-01
      4762.00  5.514940E-01
      4764.00  5.219450E-01
      4766.00  5.124460E-01
      4768.00  5.093630E-01
      4770.00  5.165000E-01
      4772.00  5.295590E-01
      4774.00  4.837280E-01
      4776.00  4.547370E-01
      4778.00  4.332530E-01
      4780.00  4.341570E-01
      4782.00  4.025300E-01
      4784.00  3.768750E-01
      4786.00  3.689660E-01
      4788.00  3.470730E-01
      4790.00  3.401400E-01
      4792.00  3.455430E-01
      4794.00  3.206450E-01
      4796.00  3.205070E-01
      4798.00  3.086670E-01
      4800.00  3.104340E-01
      4802.00  3.321230E-01
      4804.00  2.727020E-01
      4806.00  3.693510E-01
      4808.00  3.154370E-01
      4810.00  3.147460E-01
      4812.00  3.904020E-01
      4814.00  3.829060E-01
      4816.00  3.800660E-01
      4818.00  4.335570E-01
      4820.00  4.169070E-01
      4822.00  4.309850E-01
      4824.00  4.544520E-01
      4826.00  4.309720E-01
      4828.00  4.541210E-01
      4830.00  4.917440E-01
      4832.00  4.936290E-01
      4834.00  4.776580E-01
      4836.00  4.939460E-01
      4838.00  4.899080E-01
      4840.00  5.287790E-01
      4842.00  4.922410E-01
      4844.00  5.159840E-01
      4846.00  5.085540E-01
      4848.00  4.955800E-01
      4850.00  5.433670E-01
      4852.00  5.898110E-01
      4854.00  5.434290E-01
      4856.00  5.958110E-01
      4858.00  6.481000E-01
      4860.00  6.575320E-01
      4862.00  6.429210E-01
      4864.00  6.410270E-01
      4866.00  6.113410E-01
      4868.00  6.735180E-01
      4870.00  6.446020E-01
      4872.00  6.837470E-01
      4874.00  6.799760E-01
      4876.00  6.913530E-01
      4878.00  6.882070E-01
      4880.00  7.338840E-01
      4882.00  7.591970E-01
      4884.00  7.295280E-01
      4886.00  7.205970E-01
      4888.00  7.805310E-01
      4890.00  7.912430E-01
      4892.00  7.854770E-01
      4894.00  7.917620E-01
      4896.00  8.085130E-01
      4898.00  8.217670E-01
      4900.00  8.317410E-01
      4902.00  8.291340E-01
      4904.00  8.413330E-01
      4906.00  8.228290E-01
      4908.00  7.744490E-01
      4910.00  8.067470E-01
      4912.00  7.856390E-01
      4914.00  7.633350E-01
      4916.00  7.438950E-01
      4918.00  7.367050E-01
      4920.00  7.597690E-01
      4922.00  7.358740E-01
      4924.00  7.258380E-01
      4926.00  7.025420E-01
      4928.00  7.091010E-01
      4930.00  6.484600E-01
      4932.00  6.408690E-01
      4934.00  6.518460E-01
      4936.00  6.152280E-01
      4938.00  5.579400E-01
      4940.00  6.351220E-01
      4942.00  6.122300E-01
      4944.00  5.989660E-01
      4946.00  5.466230E-01
      4948.00  5.909200E-01
      4950.00  6.161480E-01
      4952.00  5.978330E-01
      4954.00  6.201330E-01
      4956.00  6.317870E-01
      4958.00  6.442280E-01
      4960.00  6.583960E-01
      4962.00  6.719630E-01
      4964.00  6.626700E-01
      4966.00  6.424850E-01
      4968.00  7.000860E-01
      4970.00  6.594440E-01
      4972.00  7.211860E-01
      4974.00  7.296620E-01
      4976.00  7.356610E-01
      4978.00  7.223630E-01
      4980.00  7.609150E-01
      4982.00  7.574900E-01
      4984.00  7.273740E-01
      4986.00  8.608030E-01
      4988.00  8.608260E-01
      4990.00  8.322040E-01
      4992.00  8.313780E-01
      4994.00  8.840980E-01
      4996.00  9.184330E-01
      4998.00  8.719650E-01
      5000.00  9.116810E-01
      5002.00  8.984370E-01
      5004.00  9.138940E-01
      5006.00  9.167700E-01
      5008.00  9.097350E-01
      5010.00  9.247580E-01
      5012.00  8.990400E-01
      5014.00  9.373910E-01
      5016.00  9.358850E-01
      5018.00  9.186080E-01
      5020.00  8.943750E-01
      5022.00  9.324760E-01
      5024.00  8.931770E-01
      5026.00  8.961480E-01
      5028.00  9.313730E-01
      5030.00  8.926630E-01
      5032.00  8.766290E-01
      5034.00  8.739470E-01
      5036.00  8.816260E-01
      5038.00  8.136460E-01
      5040.00  7.833140E-01
      5042.00  8.372940E-01
      5044.00  7.882420E-01
      5046.00  7.833190E-01
      5048.00  7.320040E-01
      5050.00  7.332870E-01
      5052.00  7.485000E-01
      5054.00  7.199630E-01
      5056.00  6.951800E-01
      5058.00  7.054270E-01
      5060.00  6.026920E-01
      5062.00  6.414080E-01
      5064.00  6.270860E-01
      5066.00  5.983650E-01
      5068.00  5.949230E-01
      5070.00  5.743410E-01
      5072.00  5.374890E-01
      5074.00  5.391710E-01
      5076.00  5.248340E-01
      5078.00  5.059360E-01
      5080.00  5.141920E-01
      5082.00  4.897790E-01
      5084.00  4.937840E-01
      5086.00  4.253540E-01
      5088.00  4.455960E-01
      5090.00  4.266940E-01
      5092.00  4.194620E-01
      5094.00  4.009900E-01
      5096.00  4.096000E-01
      5098.00  3.908360E-01
      5100.00  4.161130E-01
      5102.00  4.154900E-01
      5104.00  4.188470E-01
      5106.00  3.798710E-01
      5108.00  4.151450E-01
      5110.00  4.177570E-01
      5112.00  4.224820E-01
      5114.00  4.187880E-01
      5116.00  4.293020E-01
      5118.00  4.638060E-01
      5120.00  4.152760E-01
      5122.00  4.527700E-01
      5124.00  4.536920E-01
      5126.00  4.687740E-01
      5128.00  4.570190E-01
      5130.00  4.699130E-01
      5132.00  5.133290E-01
      5134.00  5.084580E-01
      5136.00  4.786720E-01
      5138.00  4.896280E-01
      5140.00  5.036200E-01
      5142.00  5.313460E-01
      5144.00  4.980720E-01
      5146.00  5.283840E-01
      5148.00  5.197890E-01
      5150.00  5.082890E-01
      5152.00  5.341060E-01
      5154.00  5.411580E-01
      5156.00  5.781870E-01
      5158.00  5.748640E-01
      5160.00  5.621800E-01
      5162.00  5.576360E-01
      5164.00  5.850190E-01
      5166.00  6.050500E-01
      5168.00  5.902240E-01
      5170.00  6.167440E-01
      5172.00  5.759310E-01
      5174.00  6.003600E-01
      5176.00  6.091890E-01
      5178.00  6.255990E-01
      5180.00  6.641130E-01
      5182.00  6.439230E-01
      5184.00  6.601380E-01
      5186.00  6.697980E-01
      5188.00  6.450800E-01
      5190.00  6.303350E-01
      5192.00  6.671480E-01
      5194.00  6.687200E-01
      5196.00  6.641510E-01
      5198.00  7.325800E-01
      5200.00  7.345190E-01
      5202.00  7.404460E-01
      5204.00  7.663140E-01
      5206.00  7.845910E-01
      5208.00  7.703350E-01
      5210.00  7.788410E-01
      5212.00  8.512520E-01
      5214.00  8.075890E-01
      5216.00  8.126070E-01
      5218.00  8.337550E-01
      5220.00  8.065300E-01
      5222.00  8.174380E-01
      5224.00  8.235160E-01
      5226.00  7.504550E-01
      5228.00  7.804860E-01
      5230.00  7.557740E-01
      5232.00  7.626330E-01
      5234.00  7.129900E-01
      5236.00  7.614400E-01
      5238.00  7.809230E-01
      5240.00  7.002140E-01
      5242.00  7.016310E-01
      5244.00  6.953880E-01
      5246.00  6.711150E-01
      5248.00  6.801870E-01
      5250.00  7.129750E-01
      5252.00  6.839610E-01
      5254.00  6.542020E-01
      5256.00  6.533120E-01
      5258.00  6.688510E-01
      5260.00  6.752180E-01
      5262.00  7.079590E-01
      5264.00  6.720810E-01
      5266.00  7.038750E-01
      5268.00  7.516290E-01
      5270.00  7.456440E-01
      5272.00  6.742800E-01
      5274.00  7.310790E-01
      5276.00  7.788520E-01
      5278.00  7.027440E-01
      5280.00  7.376560E-01
      5282.00  7.323910E-01
      5284.00  7.226980E-01
      5286.00  7.194560E-01
      5288.00  7.521640E-01
      5290.00  7.572450E-01
      5292.00  7.589080E-01
      5294.00  7.512780E-01
      5296.00  7.592750E-01
      5298.00  7.478160E-01
      5300.00  7.456620E-01
      5302.00  7.370830E-01
      5304.00  7.176560E-01
      5306.00  7.239670E-01
      5308.00  7.239270E-01
      5310.00  6.801830E-01
      5312.00  7.359910E-01
      5314.00  7.456300E-01
      5316.00  7.454420E-01
      5318.00  7.308270E-01
      5320.00  7.516040E-01
      5322.00  7.799110E-01
      5324.00  7.492590E-01
      5326.00  7.667010E-01
      5328.00  7.562510E-01
      5330.00  8.034700E-01
      5332.00  7.847860E-01
      5334.00  7.736890E-01
      5336.00  7.741590E-01
      5338.00  7.885660E-01
      5340.00  8.318460E-01
      5342.00  8.213430E-01
      5344.00  7.983950E-01
      5346.00  8.020910E-01
      5348.00  8.239190E-01
      5350.00  7.816530E-01
      5352.00  8.001990E-01
      5354.00  7.702330E-01
      5356.00  7.763830E-01
      5358.00  7.847440E-01
      5360.00  7.892390E-01
      5362.00  7.984570E-01
      5364.00  7.437400E-01
      5366.00  7.899160E-01
      5368.00  7.932290E-01
      5370.00  8.128650E-01
      5372.00  8.090670E-01
      5374.00  8.504570E-01
      5376.00  8.577120E-01
      5378.00  8.483440E-01
      5380.00  8.232670E-01
      5382.00  8.284040E-01
      5384.00  8.296650E-01
      5386.00  8.365520E-01
      5388.00  8.721620E-01
      5390.00  8.607800E-01
      5392.00  8.675660E-01
      5394.00  8.809110E-01
      5396.00  8.270190E-01
      5398.00  8.711320E-01
      5400.00  8.562540E-01
      5402.00  8.795410E-01
      5404.00  8.643800E-01
      5406.00  8.720980E-01
      5408.00  8.779380E-01
      5410.00  8.759690E-01
      5412.00  8.559320E-01
      5414.00  8.590670E-01
      5416.00  8.438120E-01
      5418.00  8.694080E-01
      5420.00  8.926930E-01
      5422.00  8.359830E-01
      5424.00  8.435900E-01
      5426.00  8.862070E-01
      5428.00  8.895510E-01
      5430.00  8.498550E-01
      5432.00  9.168960E-01
      5434.00  8.755390E-01
      5436.00  8.825300E-01
      5438.00  9.068710E-01
      5440.00  8.792950E-01
      5442.00  8.608040E-01
      5444.00  8.634570E-01
      5446.00  8.821100E-01
      5448.00  8.799300E-01
      5450.00  9.285980E-01
      5452.00  8.892150E-01
      5454.00  8.815060E-01
      5456.00  8.742950E-01
      5458.00  9.325510E-01
      5460.00  8.368440E-01
      5462.00  9.149370E-01
      5464.00  8.780030E-01
      5466.00  8.759420E-01
      5468.00  9.099740E-01
      5470.00  9.472440E-01
      5472.00  9.239370E-01
      5474.00  9.093560E-01
      5476.00  9.226300E-01
      5478.00  9.467220E-01
      5480.00  9.605800E-01
      5482.00  9.281490E-01
      5484.00  9.686360E-01
      5486.00  9.650080E-01
      5488.00  9.787240E-01
      5490.00  9.719380E-01
      5492.00  1.008280E+00
      5494.00  9.830550E-01
      5496.00  1.039700E+00
      5498.00  1.010500E+00
      5500.00  1.017860E+00
      5502.00  1.035320E+00
      5504.00  1.054940E+00
      5506.00  1.053960E+00
      5508.00  1.030890E+00
      5510.00  1.094100E+00
      5512.00  1.081770E+00
      5514.00  1.052320E+00
      5516.00  1.086290E+00
      5518.00  1.073640E+00
      5520.00  1.094890E+00
      5522.00  1.138510E+00
      5524.00  1.122480E+00
      5526.00  1.087780E+00
      5528.00  1.083120E+00
      5530.00  1.103060E+00
      5532.00  1.109110E+00
      5534.00  1.114460E+00
      5536.00  1.111600E+00
      5538.00  1.096090E+00
      5540.00  1.074670E+00
      5542.00  1.057180E+00
      5544.00  1.037860E+00
      5546.00  1.027700E+00
      5548.00  1.031850E+00
      5550.00  1.023510E+00
      5552.00  9.989820E-01
      5554.00  9.757580E-01
      5556.00  9.653670E-01
      5558.00  9.615670E-01
      5560.00  9.552390E-01
      5562.00  9.572350E-01
      5564.00  9.414300E-01
      5566.00  9.078720E-01
      5568.00  8.774780E-01
      5570.00  8.513730E-01
      5572.00  8.299640E-01
      5574.00  8.201040E-01
      5576.00  8.201190E-01
      5578.00  8.227220E-01
      5580.00  8.445710E-01
      5582.00  8.405400E-01
      5584.00  8.012410E-01
      5586.00  7.663670E-01
      5588.00  7.621450E-01
      5590.00  7.728880E-01
      5592.00  7.695170E-01
      5594.00  7.580230E-01
      5596.00  7.533600E-01
      5598.00  7.527890E-01
      5600.00  7.516110E-01
      5602.00  7.503430E-01
      5604.00  7.476100E-01
      5606.00  7.391540E-01
      5608.00  7.246530E-01
      5610.00  7.195940E-01
      5612.00  7.232000E-01
      5614.00  7.221810E-01
      5616.00  7.166630E-01
      5618.00  7.118480E-01
      5620.00  7.092610E-01
      5622.00  7.084830E-01
      5624.00  7.146030E-01
      5626.00  7.318850E-01
      5628.00  7.381550E-01
      5630.00  7.390460E-01
      5632.00  7.372120E-01
      5634.00  7.313520E-01
      5636.00  7.241810E-01
      5638.00  7.193620E-01
      5640.00  7.143680E-01
      5642.00  7.176640E-01
      5644.00  7.294930E-01
      5646.00  7.403110E-01
      5648.00  7.557600E-01
      5650.00  7.658850E-01
      5652.00  7.626730E-01
      5654.00  7.526460E-01
      5656.00  7.530000E-01
      5658.00  7.575680E-01
      5660.00  7.661090E-01
      5662.00  7.865010E-01
      5664.00  7.959300E-01
      5666.00  7.891420E-01
      5668.00  7.772790E-01
      5670.00  7.698590E-01
      5672.00  7.617140E-01
      5674.00  7.638350E-01
      5676.00  7.810110E-01
      5678.00  7.861790E-01
      5680.00  7.846220E-01
      5682.00  7.764680E-01
      5684.00  7.535150E-01
      5686.00  7.261470E-01
      5688.00  7.357660E-01
      5690.00  7.881420E-01
      5692.00  7.988490E-01
      5694.00  7.882790E-01
      5696.00  7.710910E-01
      5698.00  7.379530E-01
      5700.00  7.079620E-01
      5702.00  7.099060E-01
      5704.00  7.355230E-01
      5706.00  7.295410E-01
      5708.00  6.976620E-01
      5710.00  6.806820E-01
      5712.00  6.737070E-01
      5714.00  6.668760E-01
      5716.00  6.576920E-01
      5718.00  6.472840E-01
      5720.00  6.323510E-01
      5722.00  6.103960E-01
      5724.00  5.972900E-01
      5726.00  5.914470E-01
      5728.00  5.832510E-01
      5730.00  5.717340E-01
      5732.00  5.600190E-01
      5734.00  5.516980E-01
      5736.00  5.459980E-01
      5738.00  5.287920E-01
      5740.00  4.978780E-01
      5742.00  4.759480E-01
      5744.00  4.585270E-01
      5746.00  4.438510E-01
      5748.00  4.329100E-01
      5750.00  4.239130E-01
      5752.00  4.108300E-01
      5754.00  3.956850E-01
      5756.00  3.796210E-01
      5758.00  3.632770E-01
      5760.00  3.436720E-01
      5762.00  3.176120E-01
      5764.00  2.927230E-01
      5766.00  2.765710E-01
      5768.00  2.659270E-01
      5770.00  2.541320E-01
      5772.00  2.411460E-01
      5774.00  2.345230E-01
      5776.00  2.378880E-01
      5778.00  2.365410E-01
      5780.00  2.237220E-01
      5782.00  2.067330E-01
      5784.00  1.966960E-01
      5786.00  1.889530E-01
      5788.00  1.854470E-01
      5790.00  1.863850E-01
      5792.00  1.893150E-01
      5794.00  1.953540E-01
      5796.00  2.024240E-01
      5798.00  2.095340E-01
      5800.00  2.172950E-01
      5802.00  2.178250E-01
      5804.00  2.061480E-01
      5806.00  2.078410E-01
      5808.00  2.208770E-01
      5810.00  2.330270E-01
      5812.00  2.396610E-01
      5814.00  2.460820E-01
      5816.00  2.599780E-01
      5818.00  2.814290E-01
      5820.00  2.943540E-01
      5822.00  3.022070E-01
      5824.00  3.097260E-01
      5826.00  3.138160E-01
      5828.00  3.205670E-01
      5830.00  3.360210E-01
      5832.00  3.571980E-01
      5834.00  3.754760E-01
      5836.00  3.949360E-01
      5838.00  4.118150E-01
      5840.00  4.262650E-01
      5842.00  4.406470E-01
      5844.00  4.532380E-01
      5846.00  4.674950E-01
      5848.00  4.922970E-01
      5850.00  5.276940E-01
      5852.00  5.533810E-01
      5854.00  5.782870E-01
      5856.00  5.944460E-01
      5858.00  5.932210E-01
      5860.00  5.976640E-01
      5862.00  6.269450E-01
      5864.00  6.707020E-01
      5866.00  7.021860E-01
      5868.00  7.355000E-01
      5870.00  7.543250E-01
      5872.00  7.483470E-01
      5874.00  7.593490E-01
      5876.00  7.985220E-01
      5878.00  8.510700E-01
      5880.00  9.079740E-01
      5882.00  9.880040E-01
      5884.00  9.959580E-01
      5886.00  1.018940E+00
      5888.00  1.041920E+00
      5890.00  1.064900E+00
      5892.00  1.087880E+00
      5894.00  1.110850E+00
      5896.00  1.110850E+00
      5898.00  1.151860E+00
      5900.00  1.152860E+00
      5902.00  1.156110E+00
      5904.00  1.143540E+00
      5906.00  1.131500E+00
      5908.00  1.120820E+00
      5910.00  1.111540E+00
      5912.00  1.108690E+00
      5914.00  1.112280E+00
      5916.00  1.107840E+00
      5918.00  1.094080E+00
      5920.00  1.089660E+00
      5922.00  1.094220E+00
      5924.00  1.101330E+00
      5926.00  1.110360E+00
      5928.00  1.120580E+00
      5930.00  1.117480E+00
      5932.00  1.098220E+00
      5934.00  1.091370E+00
      5936.00  1.092250E+00
      5938.00  1.090140E+00
      5940.00  1.082380E+00
      5942.00  1.073610E+00
      5944.00  1.067860E+00
      5946.00  1.062460E+00
      5948.00  1.065270E+00
      5950.00  1.082120E+00
      5952.00  1.086350E+00
      5954.00  1.080670E+00
      5956.00  1.069990E+00
      5958.00  1.054760E+00
      5960.00  1.035450E+00
      5962.00  1.019440E+00
      5964.00  1.002600E+00
      5966.00  9.904450E-01
      5968.00  9.824040E-01
      5970.00  9.754080E-01
      5972.00  9.724060E-01
      5974.00  9.673280E-01
      5976.00  9.490230E-01
      5978.00  9.187680E-01
      5980.00  9.089670E-01
      5982.00  9.149630E-01
      5984.00  9.178550E-01
      5986.00  9.218740E-01
      5988.00  9.253700E-01
      5990.00  9.282190E-01
      5992.00  9.298570E-01
      5994.00  9.248530E-01
      5996.00  9.102200E-01
      5998.00  9.054730E-01
      6000.00  9.111600E-01
      6002.00  9.085100E-01
      6004.00  8.943260E-01
      6006.00  8.759990E-01
      6008.00  8.601240E-01
      6010.00  8.442990E-01
      6012.00  8.232750E-01
      6014.00  7.882280E-01
      6016.00  7.733810E-01
      6018.00  7.798120E-01
      6020.00  7.864030E-01
      6022.00  7.842920E-01
      6024.00  7.798230E-01
      6026.00  7.786780E-01
      6028.00  7.806470E-01
      6030.00  7.778910E-01
      6032.00  7.712270E-01
      6034.00  7.652510E-01
      6036.00  7.628610E-01
      6038.00  7.574060E-01
      6040.00  7.400950E-01
      6042.00  7.133010E-01
      6044.00  6.992920E-01
      6046.00  6.919470E-01
      6048.00  6.871410E-01
      6050.00  6.885780E-01
      6052.00  6.888500E-01
      6054.00  6.849820E-01
      6056.00  6.792550E-01
      6058.00  6.731710E-01
      6060.00  6.637910E-01
      6062.00  6.615660E-01
      6064.00  6.661120E-01
      6066.00  6.690430E-01
      6068.00  6.712990E-01
      6070.00  6.718730E-01
      6072.00  6.679080E-01
      6074.00  6.602250E-01
      6076.00  6.586670E-01
      6078.00  6.636510E-01
      6080.00  6.629270E-01
      6082.00  6.564640E-01
      6084.00  6.520330E-01
      6086.00  6.524700E-01
      6088.00  6.552510E-01
      6090.00  6.575800E-01
      6092.00  6.593530E-01
      6094.00  6.660530E-01
      6096.00  6.744940E-01
      6098.00  6.892350E-01
      6100.00  7.190880E-01
      6102.00  7.432090E-01
      6104.00  7.399350E-01
      6106.00  7.185110E-01
      6108.00  7.104020E-01
      6110.00  7.082770E-01
      6112.00  7.011080E-01
      6114.00  6.843350E-01
      6116.00  6.778010E-01
      6118.00  6.918040E-01
      6120.00  7.138440E-01
      6122.00  7.224900E-01
      6124.00  7.234490E-01
      6126.00  7.296640E-01
      6128.00  7.417190E-01
      6130.00  7.455700E-01
      6132.00  7.394700E-01
      6134.00  7.306500E-01
      6136.00  7.227910E-01
      6138.00  7.140640E-01
      6140.00  7.136370E-01
      6142.00  7.232070E-01
      6144.00  7.265610E-01
      6146.00  7.243710E-01
      6148.00  7.264430E-01
      6150.00  7.374700E-01
      6152.00  7.511990E-01
      6154.00  7.583130E-01
      6156.00  7.637990E-01
      6158.00  7.603580E-01
      6160.00  7.408240E-01
      6162.00  7.343810E-01
      6164.00  7.434640E-01
      6166.00  7.543060E-01
      6168.00  7.571020E-01
      6170.00  7.568880E-01
      6172.00  7.646640E-01
      6174.00  7.821490E-01
      6176.00  7.906650E-01
      6178.00  7.964970E-01
      6180.00  7.963630E-01
      6182.00  7.849930E-01
      6184.00  7.713710E-01
      6186.00  7.725930E-01
      6188.00  7.849260E-01
      6190.00  7.898980E-01
      6192.00  7.944520E-01
      6194.00  7.950740E-01
      6196.00  7.859150E-01
      6198.00  7.822560E-01
      6200.00  7.967250E-01
      6202.00  8.220870E-01
      6204.00  8.387320E-01
      6206.00  8.570850E-01
      6208.00  8.649770E-01
      6210.00  8.603320E-01
      6212.00  8.588540E-01
      6214.00  8.611040E-01
      6216.00  8.678810E-01
      6218.00  8.877950E-01
      6220.00  9.247390E-01
      6222.00  9.295830E-01
      6224.00  8.972550E-01
      6226.00  8.928490E-01
      6228.00  9.135250E-01
      6230.00  9.421910E-01
      6232.00  9.748000E-01
      6234.00  1.012070E+00
      6236.00  1.031100E+00
      6238.00  1.035530E+00
      6240.00  1.040960E+00
      6242.00  1.039900E+00
      6244.00  1.040670E+00
      6246.00  1.043480E+00
      6248.00  1.048550E+00
      6250.00  1.058890E+00
      6252.00  1.074730E+00
      6254.00  1.085040E+00
      6256.00  1.094450E+00
      6258.00  1.099530E+00
      6260.00  1.099170E+00
      6262.00  1.097580E+00
      6264.00  1.095390E+00
      6266.00  1.093010E+00
      6268.00  1.099190E+00
      6270.00  1.115860E+00
      6272.00  1.124540E+00
      6274.00  1.131160E+00
      6276.00  1.134390E+00
      6278.00  1.130880E+00
      6280.00  1.127380E+00
      6282.00  1.133120E+00
      6284.00  1.144250E+00
      6286.00  1.160380E+00
      6288.00  1.190250E+00
      6290.00  1.206250E+00
      6292.00  1.211230E+00
      6294.00  1.210790E+00
      6296.00  1.204630E+00
      6298.00  1.194330E+00
      6300.00  1.192780E+00
      6302.00  1.202130E+00
      6304.00  1.196240E+00
      6306.00  1.177330E+00
      6308.00  1.161710E+00
      6310.00  1.153750E+00
      6312.00  1.144160E+00
      6314.00  1.121360E+00
      6316.00  1.087510E+00
      6318.00  1.071730E+00
      6320.00  1.068040E+00
      6322.00  1.065030E+00
      6324.00  1.068220E+00
      6326.00  1.069180E+00
      6328.00  1.062530E+00
      6330.00  1.052710E+00
      6332.00  1.048600E+00
      6334.00  1.050540E+00
      6336.00  1.043970E+00
      6338.00  1.030230E+00
      6340.00  1.018260E+00
      6342.00  1.007450E+00
      6344.00  9.985870E-01
      6346.00  9.939280E-01
      6348.00  9.926110E-01
      6350.00  9.929870E-01
      6352.00  9.958380E-01
      6354.00  1.000390E+00
      6356.00  1.010610E+00
      6358.00  1.016490E+00
      6360.00  1.017050E+00
      6362.00  1.010840E+00
      6364.00  9.833600E-01
      6366.00  9.235940E-01
      6368.00  9.017350E-01
      6370.00  9.095480E-01
      6372.00  9.081140E-01
      6374.00  8.967110E-01
      6376.00  8.810800E-01
      6378.00  8.618830E-01
      6380.00  8.382460E-01
      6382.00  8.200210E-01
      6384.00  8.005870E-01
      6386.00  7.909150E-01
      6388.00  7.966330E-01
      6390.00  7.960770E-01
      6392.00  7.791620E-01
      6394.00  7.554940E-01
      6396.00  7.393930E-01
      6398.00  7.245550E-01
      6400.00  7.150550E-01
      6402.00  7.181430E-01
      6404.00  7.081910E-01
      6406.00  6.801430E-01
      6408.00  6.493310E-01
      6410.00  6.273970E-01
      6412.00  6.088770E-01
      6414.00  5.961190E-01
      6416.00  5.934360E-01
      6418.00  5.839070E-01
      6420.00  5.695700E-01
      6422.00  5.559470E-01
      6424.00  5.451840E-01
      6426.00  5.350750E-01
      6428.00  5.223310E-01
      6430.00  5.064590E-01
      6432.00  4.960080E-01
      6434.00  4.891540E-01
      6436.00  4.834340E-01
      6438.00  4.791540E-01
      6440.00  4.761130E-01
      6442.00  4.736400E-01
      6444.00  4.720080E-01
      6446.00  4.738980E-01
      6448.00  4.793770E-01
      6450.00  4.851690E-01
      6452.00  4.909100E-01
      6454.00  4.998820E-01
      6456.00  5.116140E-01
      6458.00  5.275820E-01
      6460.00  5.528140E-01
      6462.00  5.865920E-01
      6464.00  6.223950E-01
      6466.00  6.620980E-01
      6468.00  7.061680E-01
      6470.00  7.509900E-01
      6472.00  8.049430E-01
      6474.00  8.741780E-01
      6476.00  9.556990E-01
      6478.00  1.051120E+00
      6480.00  1.165090E+00
      6482.00  1.280100E+00
      6484.00  1.398200E+00
      6486.00  1.526680E+00
      6488.00  1.668510E+00
      6490.00  1.819660E+00
      6492.00  1.973570E+00
      6494.00  2.129850E+00
      6496.00  2.305680E+00
      6498.00  2.506700E+00
      6500.00  2.698650E+00
      6502.00  2.892410E+00
      6504.00  3.072150E+00
      6506.00  3.220790E+00
      6508.00  3.347860E+00
      6510.00  3.486110E+00
      6512.00  3.619190E+00
      6514.00  3.763980E+00
      6516.00  3.912760E+00
      6518.00  4.073960E+00
      6520.00  4.251650E+00
      6522.00  4.439470E+00
      6524.00  4.633260E+00
      6526.00  4.847890E+00
      6528.00  4.999870E+00
      6530.00  5.096120E+00
      6532.00  5.197730E+00
      6534.00  5.297100E+00
      6536.00  5.391600E+00
      6538.00  5.478250E+00
      6540.00  5.559880E+00
      6542.00  5.661100E+00
      6544.00  5.781740E+00
      6546.00  5.892700E+00
      6548.00  6.014850E+00
      6550.00  6.112990E+00
      6552.00  6.184660E+00
      6554.00  6.231190E+00
      6556.00  6.243490E+00
      6558.00  6.219550E+00
      6560.00  6.199920E+00
      6562.00  6.168180E+00
      6564.00  6.135350E+00
      6566.00  6.099300E+00
      6568.00  6.060960E+00
      6570.00  6.022320E+00
      6572.00  5.981780E+00
      6574.00  5.932820E+00
      6576.00  5.891260E+00
      6578.00  5.808830E+00
      6580.00  5.688920E+00
      6582.00  5.562700E+00
      6584.00  5.421460E+00
      6586.00  5.284170E+00
      6588.00  5.185940E+00
      6590.00  5.113930E+00
      6592.00  5.053410E+00
      6594.00  5.018410E+00
      6596.00  4.979310E+00
      6598.00  4.931660E+00
      6600.00  4.899860E+00
      6602.00  4.904420E+00
      6604.00  4.928490E+00
      6606.00  4.919490E+00
      6608.00  4.885770E+00
      6610.00  4.867050E+00
      6612.00  4.860930E+00
      6614.00  4.840070E+00
      6616.00  4.791660E+00
      6618.00  4.741730E+00
      6620.00  4.722780E+00
      6622.00  4.724860E+00
      6624.00  4.711350E+00
      6626.00  4.703130E+00
      6628.00  4.671330E+00
      6630.00  4.612100E+00
      6632.00  4.549540E+00
      6634.00  4.495480E+00
      6636.00  4.441690E+00
      6638.00  4.378560E+00
      6640.00  4.311960E+00
      6642.00  4.232570E+00
      6644.00  4.136390E+00
      6646.00  4.043390E+00
      6648.00  3.956220E+00
      6650.00  3.868570E+00
      6652.00  3.776510E+00
      6654.00  3.682440E+00
      6656.00  3.578390E+00
      6658.00  3.457230E+00
      6660.00  3.350620E+00
      6662.00  3.257500E+00
      6664.00  3.163640E+00
      6666.00  3.062850E+00
      6668.00  2.959830E+00
      6670.00  2.860170E+00
      6672.00  2.762830E+00
      6674.00  2.663530E+00
      6676.00  2.561420E+00
      6678.00  2.462850E+00
      6680.00  2.362940E+00
      6682.00  2.271740E+00
      6684.00  2.204830E+00
      6686.00  2.158070E+00
      6688.00  2.090260E+00
      6690.00  2.003600E+00
      6692.00  1.935640E+00
      6694.00  1.883080E+00
      6696.00  1.832740E+00
      6698.00  1.780240E+00
      6700.00  1.728700E+00
      6702.00  1.678990E+00
      6704.00  1.627100E+00
      6706.00  1.589280E+00
      6708.00  1.567500E+00
      6710.00  1.541010E+00
      6712.00  1.509770E+00
      6714.00  1.476630E+00
      6716.00  1.441090E+00
      6718.00  1.402840E+00
      6720.00  1.373560E+00
      6722.00  1.350000E+00
      6724.00  1.329970E+00
      6726.00  1.320580E+00
      6728.00  1.304130E+00
      6730.00  1.270120E+00
      6732.00  1.230480E+00
      6734.00  1.208320E+00
      6736.00  1.199290E+00
      6738.00  1.182410E+00
      6740.00  1.163930E+00
      6742.00  1.144420E+00
      6744.00  1.122910E+00
      6746.00  1.101520E+00
      6748.00  1.082670E+00
      6750.00  1.065360E+00
      6752.00  1.044980E+00
      6754.00  1.021980E+00
      6756.00  1.000090E+00
      6758.00  9.763190E-01
      6760.00  9.562930E-01
      6762.00  9.425100E-01
      6764.00  9.321300E-01
      6766.00  9.212930E-01
      6768.00  9.129050E-01
      6770.00  8.997950E-01
      6772.00  8.816420E-01
      6774.00  8.662250E-01
      6776.00  8.533160E-01
      6778.00  8.416700E-01
      6780.00  8.297760E-01
      6782.00  8.183180E-01
      6784.00  8.156070E-01
      6786.00  8.277910E-01
      6788.00  8.246870E-01
      6790.00  8.071280E-01
      6792.00  7.945930E-01
      6794.00  7.946130E-01
      6796.00  7.978000E-01
      6798.00  7.910990E-01
      6800.00  7.779520E-01
      6802.00  7.676130E-01
      6804.00  7.556170E-01
      6806.00  7.468320E-01
      6808.00  7.427820E-01
      6810.00  7.385000E-01
      6812.00  7.293530E-01
      6814.00  7.178110E-01
      6816.00  7.137290E-01
      6818.00  7.179620E-01
      6820.00  7.160780E-01
      6822.00  7.128610E-01
      6824.00  7.060020E-01
      6826.00  6.921150E-01
      6828.00  6.769580E-01
      6830.00  6.716000E-01
      6832.00  6.743190E-01
      6834.00  6.688590E-01
      6836.00  6.541620E-01
      6838.00  6.495070E-01
      6840.00  6.579900E-01
      6842.00  6.658510E-01
      6844.00  6.639940E-01
      6846.00  6.573820E-01
      6848.00  6.532830E-01
      6850.00  6.511500E-01
      6852.00  6.441770E-01
      6854.00  6.312800E-01
      6856.00  6.210420E-01
      6858.00  6.151210E-01
      6860.00  6.113870E-01
      6862.00  6.089250E-01
      6864.00  6.091230E-01
      6866.00  6.051690E-01
      6868.00  5.951460E-01
      6870.00  5.919100E-01
      6872.00  5.953390E-01
      6874.00  6.009420E-01
      6876.00  6.086160E-01
      6878.00  6.175870E-01
      6880.00  6.148890E-01
      6882.00  6.004620E-01
      6884.00  5.906000E-01
      6886.00  5.782100E-01
      6888.00  5.699080E-01
      6890.00  5.688070E-01
      6892.00  5.693120E-01
      6894.00  5.637720E-01
      6896.00  5.542880E-01
      6898.00  5.488950E-01
      6900.00  5.447190E-01
      6902.00  5.427020E-01
      6904.00  5.440870E-01
      6906.00  5.453550E-01
      6908.00  5.445970E-01
      6910.00  5.429290E-01
      6912.00  5.409970E-01
      6914.00  5.385150E-01
      6916.00  5.356800E-01
      6918.00  5.305560E-01
      6920.00  5.285760E-01
      6922.00  5.323420E-01
      6924.00  5.367590E-01
      6926.00  5.345840E-01
      6928.00  5.270450E-01
      6930.00  5.301020E-01
      6932.00  5.433700E-01
      6934.00  5.515220E-01
      6936.00  5.557800E-01
      6938.00  5.601990E-01
      6940.00  5.671690E-01
      6942.00  5.747840E-01
      6944.00  5.784420E-01
      6946.00  5.794420E-01
      6948.00  5.792050E-01
      6950.00  5.734530E-01
      6952.00  5.734670E-01
      6954.00  5.827210E-01
      6956.00  5.938040E-01
      6958.00  5.996150E-01
      6960.00  6.036470E-01
      6962.00  6.013570E-01
      6964.00  5.878110E-01
      6966.00  5.837670E-01
      6968.00  5.842840E-01
      6970.00  5.914740E-01
      6972.00  6.102950E-01
      6974.00  6.350890E-01
      6976.00  6.467790E-01
      6978.00  6.514080E-01
      6980.00  6.529100E-01
      6982.00  6.458570E-01
      6984.00  6.428040E-01
      6986.00  6.452340E-01
      6988.00  6.491890E-01
      6990.00  6.514070E-01
      6992.00  6.529710E-01
      6994.00  6.584660E-01
      6996.00  6.677290E-01
      6998.00  6.763570E-01
      7000.00  6.875510E-01
      7002.00  6.953640E-01
      7004.00  6.969110E-01
      7006.00  6.945780E-01
      7008.00  6.911740E-01
      7010.00  6.819630E-01
      7012.00  6.827740E-01
      7014.00  6.911100E-01
      7016.00  7.000940E-01
      7018.00  7.113570E-01
      7020.00  7.220680E-01
      7022.00  7.282820E-01
      7024.00  7.315940E-01
      7026.00  7.352030E-01
      7028.00  7.393790E-01
      7030.00  7.397230E-01
      7032.00  7.355090E-01
      7034.00  7.313520E-01
      7036.00  7.284790E-01
      7038.00  7.262100E-01
      7040.00  7.251010E-01
      7042.00  7.227830E-01
      7044.00  7.291200E-01
      7046.00  7.462560E-01
      7048.00  7.586160E-01
      7050.00  7.663720E-01
      7052.00  7.715890E-01
      7054.00  7.736670E-01
      7056.00  7.725140E-01
      7058.00  7.782190E-01
      7060.00  7.919840E-01
      7062.00  7.985470E-01
      7064.00  7.998770E-01
      7066.00  8.006340E-01
      7068.00  8.013860E-01
      7070.00  8.022520E-01
      7072.00  8.061040E-01
      7074.00  8.136630E-01
      7076.00  8.160040E-01
      7078.00  8.126030E-01
      7080.00  8.134490E-01
      7082.00  8.216370E-01
      7084.00  8.279820E-01
      7086.00  8.237740E-01
      7088.00  8.129230E-01
      7090.00  8.102680E-01
      7092.00  8.139540E-01
      7094.00  8.132980E-01
      7096.00  8.110340E-01
      7098.00  8.071430E-01
      7100.00  7.999880E-01
      7102.00  7.923030E-01
      7104.00  7.903500E-01
      7106.00  7.924450E-01
      7108.00  7.945940E-01
      7110.00  8.006330E-01
      7112.00  8.025770E-01
      7114.00  8.001040E-01
      7116.00  7.959980E-01
      7118.00  7.909000E-01
      7120.00  7.845450E-01
      7122.00  7.843960E-01
      7124.00  7.930070E-01
      7126.00  7.931140E-01
      7128.00  7.869610E-01
      7130.00  7.811820E-01
      7132.00  7.777070E-01
      7134.00  7.742270E-01
      7136.00  7.675680E-01
      7138.00  7.562230E-01
      7140.00  7.561190E-01
      7142.00  7.684490E-01
      7144.00  7.739820E-01
      7146.00  7.708710E-01
      7148.00  7.693610E-01
      7150.00  7.770310E-01
      7152.00  7.897280E-01
      7154.00  7.963820E-01
      7156.00  7.988690E-01
      7158.00  8.039030E-01
      7160.00  8.090270E-01
      7162.00  8.158500E-01
      7164.00  8.277070E-01
      7166.00  8.386440E-01
      7168.00  8.369060E-01
      7170.00  8.230630E-01
      7172.00  8.236020E-01
      7174.00  8.349940E-01
      7176.00  8.420190E-01
      7178.00  8.438160E-01
      7180.00  8.478230E-01
      7182.00  8.580450E-01
      7184.00  8.723660E-01
      7186.00  8.904080E-01
      7188.00  9.201060E-01
      7190.00  9.346610E-01
      7192.00  9.359620E-01
      7194.00  9.409290E-01
      7196.00  9.516670E-01
      7198.00  9.657220E-01
      7200.00  9.837780E-01
      7202.00  1.006660E+00
      7204.00  1.026460E+00
      7206.00  1.048930E+00
      7208.00  1.063850E+00
      7210.00  1.069940E+00
      7212.00  1.074450E+00
      7214.00  1.080360E+00
      7216.00  1.086370E+00
      7218.00  1.096630E+00
      7220.00  1.113930E+00
      7222.00  1.122950E+00
      7224.00  1.125350E+00
      7226.00  1.129360E+00
      7228.00  1.134260E+00
      7230.00  1.141910E+00
      7232.00  1.158460E+00
      7234.00  1.184360E+00
      7236.00  1.195120E+00
      7238.00  1.195110E+00
      7240.00  1.195540E+00
      7242.00  1.190190E+00
      7244.00  1.189810E+00
      7246.00  1.203620E+00
      7248.00  1.224260E+00
      7250.00  1.230430E+00
      7252.00  1.222170E+00
      7254.00  1.228210E+00
      7256.00  1.244850E+00
      7258.00  1.258010E+00
      7260.00  1.262530E+00
      7262.00  1.268930E+00
      7264.00  1.289510E+00
      7266.00  1.320180E+00
      7268.00  1.349840E+00
      7270.00  1.390600E+00
      7272.00  1.415060E+00
      7274.00  1.423490E+00
      7276.00  1.428730E+00
      7278.00  1.433130E+00
      7280.00  1.437110E+00
      7282.00  1.455240E+00
      7284.00  1.486750E+00
      7286.00  1.513610E+00
      7288.00  1.542750E+00
      7290.00  1.569680E+00
      7292.00  1.593430E+00
      7294.00  1.616230E+00
      7296.00  1.643140E+00
      7298.00  1.674920E+00
      7300.00  1.677100E+00
      7302.00  1.646900E+00
      7304.00  1.630160E+00
      7306.00  1.616690E+00
      7308.00  1.608320E+00
      7310.00  1.605140E+00
      7312.00  1.608020E+00
      7314.00  1.623710E+00
      7316.00  1.657350E+00
      7318.00  1.677070E+00
      7320.00  1.695220E+00
      7322.00  1.703730E+00
      7324.00  1.700040E+00
      7326.00  1.690460E+00
      7328.00  1.680480E+00
      7330.00  1.667450E+00
      7332.00  1.654630E+00
      7334.00  1.642910E+00
      7336.00  1.625790E+00
      7338.00  1.602950E+00
      7340.00  1.579070E+00
      7342.00  1.556080E+00
      7344.00  1.532370E+00
      7346.00  1.506080E+00
      7348.00  1.477800E+00
      7350.00  1.448000E+00
      7352.00  1.411300E+00
      7354.00  1.383450E+00
      7356.00  1.367070E+00
      7358.00  1.354230E+00
      7360.00  1.338330E+00
      7362.00  1.322170E+00
      7364.00  1.310180E+00
      7366.00  1.303560E+00
      7368.00  1.293430E+00
      7370.00  1.282110E+00
      7372.00  1.268980E+00
      7374.00  1.253440E+00
      7376.00  1.236200E+00
      7378.00  1.218290E+00
      7380.00  1.197090E+00
      7382.00  1.183170E+00
      7384.00  1.174760E+00
      7386.00  1.167370E+00
      7388.00  1.165980E+00
      7390.00  1.160050E+00
      7392.00  1.136190E+00
      7394.00  1.099830E+00
      7396.00  1.084130E+00
      7398.00  1.083840E+00
      7400.00  1.079000E+00
      7402.00  1.077130E+00
      7404.00  1.071260E+00
      7406.00  1.058080E+00
      7408.00  1.041420E+00
      7410.00  1.027110E+00
      7412.00  1.013340E+00
      7414.00  9.978680E-01
      7416.00  9.786700E-01
      7418.00  9.640790E-01
      7420.00  9.525370E-01
      7422.00  9.457500E-01
      7424.00  9.464190E-01
      7426.00  9.532670E-01
      7428.00  9.598740E-01
      7430.00  9.749950E-01
      7432.00  9.766110E-01
      7434.00  9.669080E-01
      7436.00  9.557930E-01
      7438.00  9.465820E-01
      7440.00  9.353430E-01
      7442.00  9.164710E-01
      7444.00  8.884830E-01
      7446.00  8.717390E-01
      7448.00  8.623770E-01
      7450.00  8.526700E-01
      7452.00  8.416430E-01
      7454.00  8.337740E-01
      7456.00  8.326440E-01
      7458.00  8.363630E-01
      7460.00  8.390080E-01
      7462.00  8.461520E-01
      7464.00  8.458670E-01
      7466.00  8.393000E-01
      7468.00  8.324130E-01
      7470.00  8.282570E-01
      7472.00  8.221950E-01
      7474.00  8.065110E-01
      7476.00  7.818000E-01
      7478.00  7.631450E-01
      7480.00  7.463700E-01
      7482.00  7.296750E-01
      7484.00  7.149570E-01
      7486.00  6.982060E-01
      7488.00  6.747700E-01
      7490.00  6.476090E-01
      7492.00  6.303050E-01
      7494.00  6.229990E-01
      7496.00  6.089860E-01
      7498.00  5.889710E-01
      7500.00  5.745460E-01
      7502.00  5.685290E-01
      7504.00  5.669100E-01
      7506.00  5.666860E-01
      7508.00  5.708340E-01
      7510.00  5.675230E-01
      7512.00  5.550460E-01
      7514.00  5.506370E-01
      7516.00  5.569060E-01
      7518.00  5.609310E-01
      7520.00  5.551290E-01
      7522.00  5.438510E-01
      7524.00  5.317310E-01
      7526.00  5.152800E-01
      7528.00  5.009860E-01
      7530.00  4.847980E-01
      7532.00  4.728610E-01
      7534.00  4.687320E-01
      7536.00  4.658800E-01
      7538.00  4.550010E-01
      7540.00  4.385970E-01
      7542.00  4.269500E-01
      7544.00  4.160080E-01
      7546.00  4.081610E-01
      7548.00  4.054840E-01
      7550.00  4.017520E-01
      7552.00  3.929760E-01
      7554.00  3.818160E-01
      7556.00  3.731670E-01
      7558.00  3.638940E-01
      7560.00  3.590640E-01
      7562.00  3.580180E-01
      7564.00  3.583240E-01
      7566.00  3.621880E-01
      7568.00  3.650800E-01
      7570.00  3.593030E-01
      7572.00  3.465920E-01
      7574.00  3.403020E-01
      7576.00  3.376370E-01
      7578.00  3.336930E-01
      7580.00  3.293410E-01
      7582.00  3.246670E-01
      7584.00  3.186750E-01
      7586.00  3.125250E-01
      7588.00  3.112920E-01
      7590.00  3.135590E-01
      7592.00  3.176800E-01
      7594.00  3.251280E-01
      7596.00  3.330280E-01
      7598.00  3.427130E-01
      7600.00  3.514570E-01
      7602.00  3.557950E-01
      7604.00  3.576220E-01
      7606.00  3.527140E-01
      7608.00  3.292850E-01
      7610.00  3.299380E-01
      7612.00  3.600140E-01
      7614.00  3.835780E-01
      7616.00  3.820000E-01
      7618.00  3.699670E-01
      7620.00  3.710290E-01
      7622.00  3.765520E-01
      7624.00  3.864210E-01
      7626.00  4.067340E-01
      7628.00  4.195510E-01
      7630.00  4.214790E-01
      7632.00  4.209600E-01
      7634.00  4.242370E-01
      7636.00  4.278080E-01
      7638.00  4.415510E-01
      7640.00  4.694340E-01
      7642.00  4.878660E-01
      7644.00  4.998200E-01
      7646.00  5.107950E-01
      7648.00  5.221970E-01
      7650.00  5.333450E-01
      7652.00  5.457060E-01
      7654.00  5.597020E-01
      7656.00  5.711630E-01
      7658.00  5.801160E-01
      7660.00  5.902610E-01
      7662.00  6.030200E-01
      7664.00  6.148490E-01
      7666.00  6.220440E-01
      7668.00  6.259970E-01
      7670.00  6.317080E-01
      7672.00  6.356710E-01
      7674.00  6.439370E-01
      7676.00  6.563690E-01
      7678.00  6.696340E-01
      7680.00  6.825980E-01
      7682.00  6.961570E-01
      7684.00  7.109600E-01
      7686.00  7.270620E-01
      7688.00  7.430780E-01
      7690.00  7.642030E-01
      7692.00  7.760280E-01
      7694.00  7.744980E-01
      7696.00  7.710610E-01
      7698.00  7.749420E-01
      7700.00  7.818700E-01
      7702.00  7.917960E-01
      7704.00  8.087280E-01
      7706.00  8.194240E-01
      7708.00  8.252440E-01
      7710.00  8.312070E-01
      7712.00  8.398800E-01
      7714.00  8.482430E-01
      7716.00  8.511450E-01
      7718.00  8.509140E-01
      7720.00  8.458270E-01
      7722.00  8.299420E-01
      7724.00  8.230000E-01
      7726.00  8.263170E-01
      7728.00  8.327440E-01
      7730.00  8.390570E-01
      7732.00  8.469390E-01
      7734.00  8.459510E-01
      7736.00  8.357330E-01
      7738.00  8.293840E-01
      7740.00  8.230850E-01
      7742.00  8.181130E-01
      7744.00  8.132990E-01
      7746.00  8.109380E-01
      7748.00  8.179240E-01
      7750.00  8.363060E-01
      7752.00  8.409150E-01
      7754.00  8.356500E-01
      7756.00  8.326150E-01
      7758.00  8.267060E-01
      7760.00  8.268410E-01
      7762.00  8.439760E-01
      7764.00  8.725280E-01
      7766.00  8.853310E-01
      7768.00  8.911110E-01
      7770.00  8.919800E-01
      7772.00  8.820780E-01
      7774.00  8.761190E-01
      7776.00  8.788660E-01
      7778.00  8.843680E-01
      7780.00  8.856490E-01
      7782.00  8.846850E-01
      7784.00  8.860420E-01
      7786.00  8.885110E-01
      7788.00  8.914000E-01
      7790.00  8.985020E-01
      7792.00  9.009130E-01
      7794.00  8.904120E-01
      7796.00  8.716330E-01
      7798.00  8.599510E-01
      7800.00  8.468160E-01
      7802.00  8.430990E-01
      7804.00  8.523570E-01
      7806.00  8.559630E-01
      7808.00  8.488210E-01
      7810.00  8.379170E-01
      7812.00  8.306500E-01
      7814.00  8.248770E-01
      7816.00  8.152290E-01
      7818.00  7.993280E-01
      7820.00  7.899660E-01
      7822.00  7.887140E-01
      7824.00  7.872090E-01
      7826.00  7.803180E-01
      7828.00  7.709290E-01
      7830.00  7.626850E-01
      7832.00  7.503940E-01
      7834.00  7.475150E-01
      7836.00  7.517590E-01
      7838.00  7.584360E-01
      7840.00  7.726450E-01
      7842.00  7.841330E-01
      7844.00  7.734100E-01
      7846.00  7.443710E-01
      7848.00  7.264650E-01
      7850.00  7.073890E-01
      7852.00  6.963060E-01
      7854.00  6.942320E-01
      7856.00  6.949640E-01
      7858.00  6.968090E-01
      7860.00  7.000270E-01
      7862.00  6.961420E-01
      7864.00  6.862430E-01
      7866.00  6.772820E-01
      7868.00  6.661720E-01
      7870.00  6.559020E-01
      7872.00  6.465540E-01
      7874.00  6.381070E-01
      7876.00  6.310240E-01
      7878.00  6.249270E-01
      7880.00  6.213350E-01
      7882.00  6.205480E-01
      7884.00  6.200460E-01
      7886.00  6.217460E-01
      7888.00  6.219180E-01
      7890.00  6.181000E-01
      7892.00  6.120350E-01
      7894.00  6.069750E-01
      7896.00  6.001320E-01
      7898.00  5.975920E-01
      7900.00  6.024730E-01
      7902.00  6.004210E-01
      7904.00  5.870960E-01
      7906.00  5.713800E-01
      7908.00  5.613250E-01
      7910.00  5.520860E-01
      7912.00  5.572160E-01
      7914.00  5.822750E-01
      7916.00  5.951250E-01
      7918.00  6.011790E-01
      7920.00  6.024260E-01
      7922.00  5.969330E-01
      7924.00  5.873250E-01
      7926.00  5.851930E-01
      7928.00  5.879360E-01
      7930.00  5.890670E-01
      7932.00  5.926110E-01
      7934.00  5.924400E-01
      7936.00  5.862400E-01
      7938.00  5.791730E-01
      7940.00  5.761630E-01
      7942.00  5.747860E-01
      7944.00  5.782920E-01
      7946.00  5.907220E-01
      7948.00  5.954730E-01
      7950.00  5.937800E-01
      7952.00  5.914280E-01
      7954.00  5.901060E-01
      7956.00  5.889690E-01
      7958.00  5.897520E-01
      7960.00  5.952440E-01
      7962.00  5.910750E-01
      7964.00  5.731200E-01
      7966.00  5.665750E-01
      7968.00  5.787310E-01
      7970.00  5.914640E-01
      7972.00  5.854090E-01
      7974.00  5.671800E-01
      7976.00  5.677410E-01
      7978.00  5.845970E-01
      7980.00  5.922310E-01
      7982.00  5.935590E-01
      7984.00  5.958830E-01
      7986.00  6.032800E-01
      7988.00  6.114980E-01
      7990.00  6.119990E-01
      7992.00  6.079870E-01
      7994.00  5.994800E-01
      7996.00  5.788050E-01
      7998.00  5.690170E-01
      8000.00  5.720750E-01
      8002.00  5.804390E-01
      8004.00  5.907270E-01
      8006.00  6.051830E-01
      8008.00  6.084450E-01
      8010.00  6.024460E-01
      8012.00  5.978260E-01
      8014.00  5.884290E-01
      8016.00  5.840620E-01
      8018.00  5.898500E-01
      8020.00  6.002460E-01
      8022.00  6.058190E-01
      8024.00  6.091320E-01
      8026.00  6.150890E-01
      8028.00  6.254030E-01
      8030.00  6.302970E-01
      8032.00  6.271740E-01
      8034.00  6.237770E-01
      8036.00  6.261470E-01
      8038.00  6.314660E-01
      8040.00  6.389400E-01
      8042.00  6.537910E-01
      8044.00  6.595080E-01
      8046.00  6.595260E-01
      8048.00  6.557210E-01
      8050.00  6.453520E-01
      8052.00  6.333200E-01
      8054.00  6.326300E-01
      8056.00  6.413280E-01
      8058.00  6.436630E-01
      8060.00  6.464890E-01
      8062.00  6.437560E-01
      8064.00  6.311410E-01
      8066.00  6.201440E-01
      8068.00  6.211900E-01
      8070.00  6.292790E-01
      8072.00  6.302010E-01
      8074.00  6.285270E-01
      8076.00  6.252570E-01
      8078.00  6.182980E-01
      8080.00  6.127080E-01
      8082.00  6.101080E-01
      8084.00  6.086320E-01
      8086.00  6.063730E-01
      8088.00  6.044270E-01
      8090.00  6.008700E-01
      8092.00  5.961300E-01
      8094.00  5.907440E-01
      8096.00  5.826260E-01
      8098.00  5.765950E-01
      8100.00  5.767050E-01
      8102.00  5.808480E-01
      8104.00  5.845480E-01
      8106.00  5.928250E-01
      8108.00  5.939300E-01
      8110.00  5.896260E-01
      8112.00  5.840410E-01
      8114.00  5.774440E-01
      8116.00  5.699550E-01
      8118.00  5.631300E-01
      8120.00  5.564940E-01
      8122.00  5.491470E-01
      8124.00  5.394710E-01
      8126.00  5.334060E-01
      8128.00  5.307220E-01
      8130.00  5.300170E-01
      8132.00  5.321870E-01
      8134.00  5.363240E-01
      8136.00  5.320710E-01
      8138.00  5.202090E-01
      8140.00  5.104590E-01
      8142.00  4.968970E-01
      8144.00  4.883730E-01
      8146.00  4.899810E-01
      8148.00  4.930620E-01
      8150.00  4.841130E-01
      8152.00  4.656890E-01
      8154.00  4.577400E-01
      8156.00  4.539050E-01
      8158.00  4.542280E-01
      8160.00  4.631480E-01
      8162.00  4.696730E-01
      8164.00  4.642930E-01
      8166.00  4.534410E-01
      8168.00  4.573210E-01
      8170.00  4.742670E-01
      8172.00  4.849240E-01
      8174.00  4.994250E-01
      8176.00  5.050200E-01
      8178.00  4.940430E-01
      8180.00  4.806630E-01
      8182.00  4.839750E-01
      8184.00  4.968380E-01
      8186.00  5.133000E-01
      8188.00  5.469460E-01
      8190.00  5.606420E-01
      8192.00  5.515660E-01
      8194.00  5.426400E-01
      8196.00  5.456570E-01
      8198.00  5.534880E-01
      8200.00  5.600800E-01
      8202.00  5.695850E-01
      8204.00  5.747100E-01
      8206.00  5.792590E-01
      8208.00  5.784660E-01
      8210.00  5.660730E-01
      8212.00  5.546530E-01
      8214.00  5.634780E-01
      8216.00  5.887270E-01
      8218.00  5.919170E-01
      8220.00  5.766030E-01
      8222.00  5.714020E-01
      8224.00  5.717410E-01
      8226.00  5.757580E-01
      8228.00  5.847490E-01
      8230.00  5.969830E-01
      8232.00  6.042580E-01
      8234.00  6.125570E-01
      8236.00  6.102670E-01
      8238.00  5.954240E-01
      8240.00  5.839360E-01
      8242.00  5.760780E-01
      8244.00  5.709410E-01
      8246.00  5.715090E-01
      8248.00  5.783430E-01
      8250.00  5.717620E-01
      8252.00  5.505850E-01
      8254.00  5.394790E-01
      8256.00  5.334160E-01
      8258.00  5.326110E-01
      8260.00  5.417220E-01
      8262.00  5.549140E-01
      8264.00  5.505810E-01
      8266.00  5.293540E-01
      8268.00  5.210860E-01
      8270.00  5.178170E-01
      8272.00  5.165230E-01
      8274.00  5.198970E-01
      8276.00  5.223560E-01
      8278.00  5.167400E-01
      8280.00  5.057660E-01
      8282.00  4.953570E-01
      8284.00  4.794410E-01
      8286.00  4.714500E-01
      8288.00  4.735620E-01
      8290.00  4.724110E-01
      8292.00  4.617560E-01
      8294.00  4.469230E-01
      8296.00  4.354450E-01
      8298.00  4.234780E-01
      8300.00  4.154800E-01
      8302.00  4.152970E-01
      8304.00  4.073790E-01
      8306.00  3.873280E-01
      8308.00  3.666300E-01
      8310.00  3.561410E-01
      8312.00  3.514430E-01
      8314.00  3.436190E-01
      8316.00  3.339630E-01
      8318.00  3.280130E-01
      8320.00  3.248650E-01
      8322.00  3.235350E-01
      8324.00  3.254330E-01
      8326.00  3.281840E-01
      8328.00  3.240520E-01
      8330.00  3.129670E-01
      8332.00  3.087260E-01
      8334.00  3.101660E-01
      8336.00  3.080450E-01
      8338.00  3.028510E-01
      8340.00  2.949860E-01
      8342.00  2.825660E-01
      8344.00  2.660240E-01
      8346.00  2.582290E-01
      8348.00  2.548230E-01
      8350.00  2.558630E-01
      8352.00  2.657540E-01
      8354.00  2.725140E-01
      8356.00  2.719740E-01
      8358.00  2.680680E-01
      8360.00  2.643470E-01
      8362.00  2.579380E-01
      8364.00  2.562870E-01
      8366.00  2.570140E-01
      8368.00  2.603660E-01
      8370.00  2.687000E-01
      8372.00  2.765180E-01
      8374.00  2.781990E-01
      8376.00  2.763050E-01
      8378.00  2.799620E-01
      8380.00  2.850090E-01
      8382.00  2.949640E-01
      8384.00  3.132730E-01
      8386.00  3.279890E-01
      8388.00  3.369330E-01
      8390.00  3.413870E-01
      8392.00  3.380690E-01
      8394.00  3.233290E-01
      8396.00  3.234810E-01
      8398.00  3.325830E-01
      8400.00  3.437080E-01
      8402.00  3.591930E-01
      8404.00  3.753190E-01
      8406.00  3.888240E-01
      8408.00  4.013150E-01
      8410.00  4.135280E-01
      8412.00  4.223940E-01
      8414.00  4.374140E-01
      8416.00  4.552770E-01
      8418.00  4.780630E-01
      8420.00  5.090950E-01
      8422.00  5.428090E-01
      8424.00  5.691700E-01
      8426.00  5.929690E-01
      8428.00  6.094820E-01
      8430.00  6.148860E-01
      8432.00  6.256850E-01
      8434.00  6.385910E-01
      8436.00  6.564380E-01
      8438.00  6.827640E-01
      8440.00  7.155830E-01
      8442.00  7.488630E-01
      8444.00  7.870570E-01
      8446.00  8.221660E-01
      8448.00  8.602850E-01
      8450.00  8.906040E-01
      8452.00  9.093320E-01
      8454.00  9.221010E-01
      8456.00  9.357520E-01
      8458.00  9.474240E-01
      8460.00  9.577730E-01
      8462.00  9.658900E-01
      8464.00  9.739770E-01
      8466.00  9.812050E-01
      8468.00  9.888230E-01
      8470.00  9.986320E-01
      8472.00  1.009340E+00
      8474.00  1.014650E+00
      8476.00  1.012730E+00
      8478.00  1.017600E+00
      8480.00  1.025250E+00
      8482.00  1.035400E+00
      8484.00  1.047670E+00
      8486.00  1.062750E+00
      8488.00  1.082270E+00
      8490.00  1.106890E+00
      8492.00  1.127090E+00
      8494.00  1.151040E+00
      8496.00  1.162490E+00
      8498.00  1.158850E+00
      8500.00  1.153130E+00
      8502.00  1.152260E+00
      8504.00  1.152270E+00
      8506.00  1.150610E+00
      8508.00  1.143220E+00
      8510.00  1.148050E+00
      8512.00  1.162040E+00
      8514.00  1.178740E+00
      8516.00  1.201350E+00
      8518.00  1.223200E+00
      8520.00  1.230770E+00
      8522.00  1.225320E+00
      8524.00  1.243250E+00
      8526.00  1.282530E+00
      8528.00  1.312120E+00
      8530.00  1.333850E+00
      8532.00  1.357050E+00
      8534.00  1.388260E+00
      8536.00  1.422130E+00
      8538.00  1.442930E+00
      8540.00  1.447090E+00
      8542.00  1.469560E+00
      8544.00  1.510540E+00
      8546.00  1.539190E+00
      8548.00  1.548650E+00
      8550.00  1.553050E+00
      8552.00  1.566600E+00
      8554.00  1.584460E+00
      8556.00  1.594550E+00
      8558.00  1.598780E+00
      8560.00  1.603660E+00
      8562.00  1.606960E+00
      8564.00  1.611200E+00
      8566.00  1.617700E+00
      8568.00  1.625580E+00
      8570.00  1.633720E+00
      8572.00  1.636780E+00
      8574.00  1.657630E+00
      8576.00  1.703370E+00
      8578.00  1.732890E+00
      8580.00  1.735690E+00
      8582.00  1.735900E+00
      8584.00  1.757260E+00
      8586.00  1.790500E+00
      8588.00  1.822370E+00
      8590.00  1.859310E+00
      8592.00  1.894550E+00
      8594.00  1.928040E+00
      8596.00  1.963610E+00
      8598.00  2.002630E+00
      8600.00  2.044230E+00
      8602.00  2.088960E+00
      8604.00  2.143000E+00
      8606.00  2.179550E+00
      8608.00  2.196640E+00
      8610.00  2.224240E+00
      8612.00  2.268230E+00
      8614.00  2.313020E+00
      8616.00  2.343000E+00
      8618.00  2.363450E+00
      8620.00  2.400560E+00
      8622.00  2.454630E+00
      8624.00  2.496150E+00
      8626.00  2.526780E+00
      8628.00  2.559580E+00
      8630.00  2.600590E+00
      8632.00  2.644160E+00
      8634.00  2.680880E+00
      8636.00  2.711060E+00
      8638.00  2.749090E+00
      8640.00  2.785500E+00
      8642.00  2.835590E+00
      8644.00  2.914960E+00
      8646.00  2.986670E+00
      8648.00  3.013460E+00
      8650.00  3.010990E+00
      8652.00  3.011580E+00
      8654.00  2.998480E+00
      8656.00  2.991210E+00
      8658.00  2.989360E+00
      8660.00  2.981570E+00
      8662.00  2.959790E+00
      8664.00  2.933980E+00
      8666.00  2.924920E+00
      8668.00  2.926300E+00
      8670.00  2.930370E+00
      8672.00  2.936400E+00
      8674.00  2.953820E+00
      8676.00  2.997110E+00
      8678.00  3.031400E+00
      8680.00  3.026060E+00
      8682.00  2.995260E+00
      8684.00  2.949440E+00
      8686.00  2.859390E+00
      8688.00  2.810680E+00
      8690.00  2.797070E+00
      8692.00  2.777060E+00
      8694.00  2.733510E+00
      8696.00  2.686200E+00
      8698.00  2.664300E+00
      8700.00  2.660030E+00
      8702.00  2.655280E+00
      8704.00  2.662650E+00
      8706.00  2.660730E+00
      8708.00  2.649300E+00
      8710.00  2.633930E+00
      8712.00  2.616140E+00
      8714.00  2.595180E+00
      8716.00  2.582510E+00
      8718.00  2.576160E+00
      8720.00  2.569530E+00
      8722.00  2.566170E+00
      8724.00  2.561080E+00
      8726.00  2.553010E+00
      8728.00  2.543210E+00
      8730.00  2.534020E+00
      8732.00  2.530730E+00
      8734.00  2.498650E+00
      8736.00  2.428770E+00
      8738.00  2.382560E+00
      8740.00  2.361600E+00
      8742.00  2.344650E+00
      8744.00  2.319710E+00
      8746.00  2.292810E+00
      8748.00  2.265880E+00
      8750.00  2.242630E+00
      8752.00  2.208220E+00
      8754.00  2.168130E+00
      8756.00  2.118510E+00
      8758.00  2.047360E+00
      8760.00  1.976000E+00
      8762.00  1.946340E+00
      8764.00  1.951190E+00
      8766.00  1.931740E+00
      8768.00  1.899560E+00
      8770.00  1.876470E+00
      8772.00  1.861200E+00
      8774.00  1.849560E+00
      8776.00  1.840260E+00
      8778.00  1.833840E+00
      8780.00  1.827270E+00
      8782.00  1.828220E+00
      8784.00  1.814130E+00
      8786.00  1.789400E+00
      8788.00  1.760020E+00
      8790.00  1.723810E+00
      8792.00  1.685550E+00
      8794.00  1.654350E+00
      8796.00  1.625430E+00
      8798.00  1.606160E+00
      8800.00  1.596000E+00
      8802.00  1.589250E+00
      8804.00  1.591330E+00
      8806.00  1.590970E+00
      8808.00  1.581050E+00
      8810.00  1.565600E+00
      8812.00  1.547610E+00
      8814.00  1.512840E+00
      8816.00  1.507840E+00
      8818.00  1.540960E+00
      8820.00  1.549090E+00
      8822.00  1.518410E+00
      8824.00  1.471870E+00
      8826.00  1.428340E+00
      8828.00  1.376230E+00
      8830.00  1.344540E+00
      8832.00  1.330980E+00
      8834.00  1.313180E+00
      8836.00  1.290590E+00
      8838.00  1.274180E+00
      8840.00  1.272300E+00
      8842.00  1.278490E+00
      8844.00  1.273230E+00
      8846.00  1.260440E+00
      8848.00  1.251530E+00
      8850.00  1.245950E+00
      8852.00  1.235530E+00
      8854.00  1.218050E+00
      8856.00  1.197840E+00
      8858.00  1.179400E+00
      8860.00  1.161020E+00
      8862.00  1.140960E+00
      8864.00  1.119140E+00
      8866.00  1.097620E+00
      8868.00  1.070770E+00
      8870.00  1.052020E+00
      8872.00  1.050530E+00
      8874.00  1.059050E+00
      8876.00  1.061680E+00
      8878.00  1.069660E+00
      8880.00  1.061860E+00
      8882.00  1.043280E+00
      8884.00  1.017730E+00
      8886.00  9.850350E-01
      8888.00  9.454400E-01
      8890.00  8.961360E-01
      8892.00  8.343750E-01
      8894.00  8.027990E-01
      8896.00  7.985600E-01
      8898.00  7.856680E-01
      8900.00  7.687140E-01
      8902.00  7.546030E-01
      8904.00  7.465250E-01
      8906.00  7.418200E-01
      8908.00  7.351910E-01
      8910.00  7.236150E-01
      8912.00  7.274410E-01
      8914.00  7.566420E-01
      8916.00  7.635200E-01
      8918.00  7.387960E-01
      8920.00  7.057880E-01
      8922.00  6.838230E-01
      8924.00  6.639540E-01
      8926.00  6.516920E-01
      8928.00  6.410060E-01
      8930.00  6.456480E-01
      8932.00  6.771990E-01
      8934.00  6.972560E-01
      8936.00  6.858190E-01
      8938.00  6.610620E-01
      8940.00  6.535530E-01
      8942.00  6.515520E-01
      8944.00  6.564590E-01
      8946.00  6.681340E-01
      8948.00  6.857220E-01
      8950.00  7.198830E-01
      8952.00  7.471820E-01
      8954.00  7.423840E-01
      8956.00  7.160380E-01
      8958.00  6.844100E-01
      8960.00  6.233850E-01
      8962.00  5.944980E-01
      8964.00  5.862090E-01
      8966.00  5.914620E-01
      8968.00  6.171800E-01
      8970.00  6.513310E-01
      8972.00  6.549580E-01
      8974.00  6.323690E-01
      8976.00  6.318460E-01
      8978.00  6.425410E-01
      8980.00  6.525680E-01
      8982.00  6.659240E-01
      8984.00  6.755390E-01
      8986.00  6.736120E-01
      8988.00  6.636560E-01
      8990.00  6.490340E-01
      8992.00  6.173590E-01
      8994.00  6.060040E-01
      8996.00  6.105460E-01
      8998.00  6.182240E-01
      9000.00  6.270820E-01
      9002.00  6.374960E-01
      9004.00  6.447070E-01
      9006.00  6.520650E-01
      9008.00  6.520370E-01
      9010.00  6.430070E-01
      9012.00  6.370110E-01
      9014.00  6.348060E-01
      9016.00  6.320710E-01
      9018.00  6.254220E-01
      9020.00  6.164080E-01
      9022.00  6.107120E-01
      9024.00  6.041980E-01
      9026.00  6.042310E-01
      9028.00  6.128960E-01
      9030.00  6.192460E-01
      9032.00  6.194620E-01
      9034.00  6.178800E-01
      9036.00  6.204520E-01
      9038.00  6.282490E-01
      9040.00  6.230570E-01
      9042.00  6.057950E-01
      9044.00  5.911150E-01
      9046.00  5.770550E-01
      9048.00  5.644100E-01
      9050.00  5.540610E-01
      9052.00  5.456190E-01
      9054.00  5.432030E-01
      9056.00  5.519790E-01
      9058.00  5.497150E-01
      9060.00  5.392730E-01
      9062.00  5.294250E-01
      9064.00  5.217140E-01
      9066.00  5.148150E-01
      9068.00  5.088770E-01
      9070.00  5.033060E-01
      9072.00  5.012330E-01
      9074.00  5.011880E-01
      9076.00  5.046830E-01
      9078.00  5.147740E-01
      9080.00  5.236320E-01
      9082.00  5.238870E-01
      9084.00  5.198010E-01
      9086.00  5.268940E-01
      9088.00  5.466840E-01
      9090.00  5.555940E-01
      9092.00  5.593340E-01
      9094.00  5.606160E-01
      9096.00  5.566340E-01
      9098.00  5.529500E-01
      9100.00  5.622780E-01
      9102.00  5.851370E-01
      9104.00  5.848910E-01
      9106.00  5.632610E-01
      9108.00  5.513130E-01
      9110.00  5.422400E-01
      9112.00  5.416080E-01
      9114.00  5.597640E-01
      9116.00  5.891120E-01
      9118.00  5.918400E-01
      9120.00  5.681860E-01
      9122.00  5.634680E-01
      9124.00  5.695640E-01
      9126.00  5.718090E-01
      9128.00  5.652040E-01
      9130.00  5.581430E-01
      9132.00  5.615180E-01
      9134.00  5.730600E-01
      9136.00  5.766800E-01
      9138.00  5.749400E-01
      9140.00  5.760290E-01
      9142.00  5.830670E-01
      9144.00  5.849300E-01
      9146.00  5.734140E-01
      9148.00  5.542150E-01
      9150.00  5.419720E-01
      9152.00  5.232220E-01
      9154.00  5.277360E-01
      9156.00  5.614890E-01
      9158.00  5.819050E-01
      9160.00  5.835110E-01
      9162.00  5.754140E-01
      9164.00  5.607670E-01
      9166.00  5.359070E-01
      9168.00  5.203560E-01
      9170.00  5.017390E-01
      9172.00  4.994750E-01
      9174.00  5.182330E-01
      9176.00  5.373380E-01
      9178.00  5.481780E-01
      9180.00  5.551780E-01
      9182.00  5.533030E-01
      9184.00  5.368640E-01
      9186.00  5.343050E-01
      9188.00  5.399760E-01
      9190.00  5.456790E-01
      9192.00  5.533240E-01
      9194.00  5.589820E-01
      9196.00  5.548660E-01
      9198.00  5.425850E-01
      9200.00  5.390710E-01
      9202.00  5.391920E-01
      9204.00  5.417030E-01
      9206.00  5.449910E-01
      9208.00  5.538410E-01
      9210.00  5.722960E-01
      9212.00  5.965550E-01
      9214.00  6.162710E-01
      9216.00  6.372780E-01
      9218.00  6.514210E-01
      9220.00  6.579240E-01
      9222.00  6.662840E-01
      9224.00  6.800150E-01
      9226.00  6.911900E-01
      9228.00  6.900420E-01
      9230.00  6.791440E-01
      9232.00  6.790010E-01
      9234.00  6.864310E-01
      9236.00  6.898360E-01
      9238.00  6.902600E-01
      9240.00  6.913280E-01
      9242.00  6.931320E-01
      9244.00  6.964580E-01
      9246.00  7.076740E-01
      9248.00  7.342180E-01
      9250.00  7.347780E-01
      9252.00  7.080960E-01
      9254.00  6.951320E-01
      9256.00  6.998970E-01
      9258.00  7.097400E-01
      9260.00  7.176620E-01
      9262.00  7.278360E-01
      9264.00  7.237910E-01
      9266.00  7.021170E-01
      9268.00  6.919620E-01
      9270.00  6.855070E-01
      9272.00  6.862040E-01
      9274.00  6.969080E-01
      9276.00  7.145290E-01
      9278.00  7.335970E-01
      9280.00  7.634490E-01
      9282.00  7.714810E-01
      9284.00  7.607850E-01
      9286.00  7.519710E-01
      9288.00  7.474870E-01
      9290.00  7.389160E-01
      9292.00  7.178380E-01
      9294.00  6.871780E-01
      9296.00  6.687640E-01
      9298.00  6.628070E-01
      9300.00  6.443650E-01
      9302.00  6.058820E-01
      9304.00  5.837190E-01
      9306.00  5.977410E-01
      9308.00  6.253290E-01
      9310.00  6.245080E-01
      9312.00  6.012560E-01
      9314.00  6.037180E-01
      9316.00  6.250140E-01
      9318.00  6.410590E-01
      9320.00  6.533130E-01
      9322.00  6.630380E-01
      9324.00  6.664370E-01
      9326.00  6.647380E-01
      9328.00  6.835290E-01
      9330.00  7.456780E-01
      9332.00  7.459450E-01
      9334.00  6.843250E-01
      9336.00  6.330870E-01
      9338.00  6.127550E-01
      9340.00  6.043940E-01
      9342.00  5.945920E-01
      9344.00  5.845290E-01
      9346.00  5.949530E-01
      9348.00  6.381600E-01
      9350.00  6.566630E-01
      9352.00  6.444030E-01
      9354.00  6.293060E-01
      9356.00  6.303180E-01
      9358.00  6.382530E-01
      9360.00  6.457030E-01
      9362.00  6.471360E-01
      9364.00  6.697060E-01
      9366.00  7.240990E-01
      9368.00  7.608640E-01
      9370.00  7.702810E-01
      9372.00  7.603250E-01
      9374.00  7.268470E-01
      9376.00  6.626480E-01
      9378.00  6.172900E-01
      9380.00  5.717870E-01
      9382.00  5.369300E-01
      9384.00  5.048160E-01
      9386.00  4.912060E-01
      9388.00  5.179080E-01
      9390.00  5.723580E-01
      9392.00  5.806920E-01
      9394.00  5.477140E-01
      9396.00  5.439820E-01
      9398.00  5.541740E-01
      9400.00  5.664310E-01
      9402.00  5.826590E-01
      9404.00  5.976920E-01
      9406.00  5.963550E-01
      9408.00  5.787680E-01
      9410.00  5.816870E-01
      9412.00  6.027200E-01
      9414.00  6.130660E-01
      9416.00  6.206940E-01
      9418.00  6.158850E-01
      9420.00  5.868760E-01
      9422.00  5.411130E-01
      9424.00  5.082800E-01
      9426.00  4.652230E-01
      9428.00  4.554860E-01
      9430.00  4.857970E-01
      9432.00  5.013270E-01
      9434.00  4.913280E-01
      9436.00  4.703960E-01
      9438.00  4.432950E-01
      9440.00  3.955390E-01
      9442.00  4.133470E-01
      9444.00  5.132930E-01
      9446.00  5.564140E-01
      9448.00  5.553870E-01
      9450.00  5.321400E-01
      9452.00  4.825310E-01
      9454.00  4.139300E-01
      9456.00  4.003690E-01
      9458.00  4.288050E-01
      9460.00  4.524070E-01
      9462.00  5.002200E-01
      9464.00  5.284020E-01
      9466.00  5.259110E-01
      9468.00  5.116910E-01
      9470.00  5.048590E-01
      9472.00  4.977690E-01
      9474.00  4.881020E-01
      9476.00  4.795900E-01
      9478.00  4.627230E-01
      9480.00  4.272070E-01
      9482.00  4.030910E-01
      9484.00  4.082560E-01
      9486.00  4.310980E-01
      9488.00  4.551150E-01
      9490.00  4.978000E-01
      9492.00  5.163250E-01
      9494.00  5.224840E-01
      9496.00  5.188810E-01
      9498.00  4.984120E-01
      9500.00  4.755860E-01
      9502.00  4.723760E-01
      9504.00  4.821910E-01
      9506.00  4.803730E-01
      9508.00  4.740020E-01
      9510.00  4.660370E-01
      9512.00  4.492700E-01
      9514.00  4.407500E-01
      9516.00  4.464500E-01
      9518.00  4.640000E-01
      9520.00  5.044860E-01
      9522.00  5.916860E-01
      9524.00  6.174040E-01
      9526.00  5.959090E-01
      9528.00  5.801530E-01
      9530.00  5.654680E-01
      9532.00  5.602560E-01
      9534.00  5.883420E-01
      9536.00  6.454650E-01
      9538.00  6.657080E-01
      9540.00  6.594400E-01
      9542.00  6.630290E-01
      9544.00  6.826440E-01
      9546.00  6.831020E-01
      9548.00  6.404980E-01
      9550.00  5.770850E-01
      9552.00  5.453650E-01
      9554.00  5.328450E-01
      9556.00  5.113540E-01
      9558.00  4.765180E-01
      9560.00  4.664570E-01
      9562.00  4.970260E-01
      9564.00  5.312770E-01
      9566.00  5.316780E-01
      9568.00  5.136370E-01
      9570.00  4.937450E-01
      9572.00  4.512990E-01
      9574.00  4.360140E-01
      9576.00  4.509130E-01
      9578.00  4.595320E-01
      9580.00  4.424150E-01
      9582.00  4.179580E-01
      9584.00  4.205420E-01
      9586.00  4.452410E-01
      9588.00  4.575830E-01
      9590.00  4.721300E-01
      9592.00  4.766190E-01
      9594.00  4.644370E-01
      9596.00  4.516820E-01
      9598.00  4.554830E-01
      9600.00  4.692700E-01
      9602.00  4.703360E-01
      9604.00  4.569930E-01
      9606.00  4.598120E-01
      9608.00  4.824090E-01
      9610.00  4.961710E-01
      9612.00  4.888690E-01
      9614.00  4.721520E-01
      9616.00  4.623540E-01
      9618.00  4.552900E-01
      9620.00  4.416420E-01
      9622.00  4.101000E-01
      9624.00  4.035150E-01
      9626.00  4.328960E-01
      9628.00  4.661030E-01
      9630.00  4.786400E-01
      9632.00  4.821250E-01
      9634.00  4.695700E-01
      9636.00  4.144410E-01
      9638.00  4.127410E-01
      9640.00  4.696270E-01
      9642.00  5.072420E-01
      9644.00  4.994150E-01
      9646.00  4.711770E-01
      9648.00  4.449370E-01
      9650.00  4.012400E-01
      9652.00  3.940060E-01
      9654.00  4.196530E-01
      9656.00  4.382400E-01
      9658.00  4.551390E-01
      9660.00  4.665610E-01
      9662.00  4.639910E-01
      9664.00  4.512760E-01
      9666.00  4.499260E-01
      9668.00  4.574720E-01
      9670.00  4.575970E-01
      9672.00  4.544500E-01
      9674.00  4.482120E-01
      9676.00  4.376070E-01
      9678.00  4.248100E-01
      9680.00  4.139500E-01
      9682.00  4.008660E-01
      9684.00  3.992730E-01
      9686.00  4.094670E-01
      9688.00  4.173550E-01
      9690.00  4.217260E-01
      9692.00  4.291740E-01
      9694.00  4.477260E-01
      9696.00  4.730760E-01
      9698.00  4.753510E-01
      9700.00  4.607250E-01
      9702.00  4.431520E-01
      9704.00  4.098810E-01
      9706.00  3.858960E-01
      9708.00  3.775740E-01
      9710.00  3.776240E-01
      9712.00  3.790790E-01
      9714.00  3.808970E-01
      9716.00  4.055170E-01
      9718.00  4.752500E-01
      9720.00  4.986640E-01
      9722.00  4.701390E-01
      9724.00  4.318460E-01
      9726.00  4.040110E-01
      9728.00  3.771650E-01
      9730.00  3.752440E-01
      9732.00  4.065280E-01
      9734.00  4.143940E-01
      9736.00  4.165760E-01
      9738.00  4.083630E-01
      9740.00  3.791700E-01
      9742.00  3.481510E-01
      9744.00  3.502260E-01
      9746.00  3.783500E-01
      9748.00  3.864090E-01
      9750.00  3.866350E-01
      9752.00  3.865400E-01
      9754.00  3.886960E-01
      9756.00  3.840700E-01
      9758.00  3.584990E-01
      9760.00  3.228510E-01
      9762.00  3.355940E-01
      9764.00  4.133720E-01
      9766.00  4.268960E-01
      9768.00  3.928510E-01
      9770.00  3.716640E-01
      9772.00  3.701940E-01
      9774.00  3.802430E-01
      9776.00  4.077410E-01
      9778.00  4.598450E-01
      9780.00  4.662100E-01
      9782.00  4.365260E-01
      9784.00  4.114510E-01
      9786.00  3.705630E-01
      9788.00  3.482860E-01
      9790.00  3.728290E-01
      9792.00  4.244460E-01
      9794.00  4.517840E-01
      9796.00  4.853540E-01
      9798.00  4.810730E-01
      9800.00  4.381730E-01
      9802.00  3.964340E-01
      9804.00  3.484070E-01
      9806.00  3.106490E-01
      9808.00  3.197210E-01
      9810.00  3.688100E-01
      9812.00  3.861170E-01
      9814.00  3.853070E-01
      9816.00  3.968570E-01
      9818.00  4.268390E-01
      9820.00  4.458950E-01
      9822.00  4.362050E-01
      9824.00  4.106860E-01
      9826.00  3.939730E-01
      9828.00  3.656700E-01
      9830.00  3.694050E-01
      9832.00  4.157720E-01
      9834.00  4.359610E-01
      9836.00  4.139340E-01
      9838.00  3.831630E-01
      9840.00  3.768140E-01
      9842.00  3.825710E-01
      9844.00  3.816150E-01
      9846.00  3.805490E-01
      9848.00  3.778700E-01
      9850.00  3.759510E-01
      9852.00  3.694180E-01
      9854.00  3.503740E-01
      9856.00  3.274020E-01
      9858.00  3.297670E-01
      9860.00  3.522980E-01
      9862.00  3.727960E-01
      9864.00  4.112360E-01
      9866.00  4.283350E-01
      9868.00  4.131170E-01
      9870.00  3.909340E-01
      9872.00  3.860260E-01
      9874.00  3.880240E-01
      9876.00  3.939420E-01
      9878.00  4.110520E-01
      9880.00  4.188870E-01
      9882.00  4.220690E-01
      9884.00  4.197490E-01
      9886.00  4.065160E-01
      9888.00  3.894690E-01
      9890.00  3.918480E-01
      9892.00  4.058660E-01
      9894.00  4.279620E-01
      9896.00  4.851740E-01
      9898.00  5.001110E-01
      9900.00  4.510850E-01
      9902.00  3.930650E-01
      9904.00  3.758200E-01
      9906.00  3.777170E-01
      9908.00  3.879550E-01
      9910.00  4.231540E-01
      9912.00  4.405490E-01
      9914.00  4.600930E-01
      9916.00  4.542360E-01
      9918.00  3.904030E-01
      9920.00  3.095640E-01
      9922.00  3.197540E-01
      9924.00  4.133720E-01
      9926.00  4.416590E-01
      9928.00  4.506350E-01
      9930.00  4.383620E-01
      9932.00  3.853690E-01
      9934.00  3.355410E-01
      9936.00  3.376170E-01
      9938.00  3.720820E-01
      9940.00  3.700730E-01
      9942.00  3.239020E-01
      9944.00  3.355920E-01
      9946.00  4.117300E-01
      9948.00  4.688860E-01
      9950.00  4.777380E-01
      9952.00  4.649740E-01
      9954.00  4.557290E-01
      9956.00  4.342320E-01
      9958.00  4.301470E-01
      9960.00  4.437880E-01
      9962.00  4.464460E-01
      9964.00  4.278080E-01
      9966.00  4.170650E-01
      9968.00  4.484240E-01
      9970.00  5.077520E-01
      9972.00  4.979970E-01
      9974.00  4.163480E-01
      9976.00  3.821530E-01
      9978.00  3.629990E-01
      9980.00  3.652680E-01
      9982.00  4.023830E-01
      9984.00  4.536770E-01
      9986.00  4.744970E-01
      9988.00  4.802880E-01
      9990.00  4.808080E-01
      9992.00  4.575610E-01
      9994.00  4.580460E-01
      9996.00  4.953740E-01
      9998.00  5.273540E-01
