      3720.00  2.119540E+00
      3722.00  1.679040E+00
      3724.00  2.089090E+00
      3726.00  1.815530E+00
      3728.00  1.835810E+00
      3730.00  1.683180E+00
      3732.00  1.751320E+00
      3734.00  1.666420E+00
      3736.00  1.609740E+00
      3738.00  1.613200E+00
      3740.00  1.058760E+00
      3742.00  2.468340E+00
      3744.00  1.626450E+00
      3746.00  2.286630E+00
      3748.00  2.184660E+00
      3750.00  2.328860E+00
      3752.00  2.540760E+00
      3754.00  1.407160E+00
      3756.00  2.191480E+00
      3758.00  2.227690E+00
      3760.00  1.902500E+00
      3762.00  1.452450E+00
      3764.00  1.808070E+00
      3766.00  1.963220E+00
      3768.00  1.922150E+00
      3770.00  1.053000E+00
      3772.00  1.497000E+00
      3774.00  1.399180E+00
      3776.00  1.500870E+00
      3778.00  1.417910E+00
      3780.00  1.114420E+00
      3782.00  2.020480E+00
      3784.00  2.073270E+00
      3786.00  1.051600E+00
      3788.00  1.355530E+00
      3790.00  1.632880E+00
      3792.00  1.508600E+00
      3794.00  1.384320E+00
      3796.00  1.384320E+00
      3798.00  1.583790E+00
      3800.00  1.962500E+00
      3802.00  1.743070E+00
      3804.00  8.449380E-01
      3806.00  1.620800E+00
      3808.00  1.408680E+00
      3810.00  1.431440E+00
      3812.00  1.160750E+00
      3814.00  1.099290E+00
      3816.00  1.159110E+00
      3818.00  1.582280E+00
      3820.00  1.413670E+00
      3822.00  1.017120E+00
      3824.00  4.266290E-01
      3826.00  1.416880E+00
      3828.00  1.188270E+00
      3830.00  1.490140E+00
      3832.00  1.153240E+00
      3834.00  7.569170E-01
      3836.00  1.592880E+00
      3838.00  1.144950E+00
      3840.00  1.354380E+00
      3842.00  1.478810E+00
      3844.00  6.929340E-01
      3846.00  1.005430E+00
      3848.00  1.183460E+00
      3850.00  7.112480E-01
      3852.00  1.148470E+00
      3854.00  6.241770E-01
      3856.00  4.300360E-01
      3858.00  7.577110E-01
      3860.00  1.045440E+00
      3862.00  8.136230E-01
      3864.00  6.746680E-01
      3866.00  7.555470E-01
      3868.00  7.354910E-01
      3870.00  9.467270E-01
      3872.00  1.178950E+00
      3874.00  9.740340E-01
      3876.00  1.049230E+00
      3878.00  1.026100E+00
      3880.00  8.705010E-01
      3882.00  1.011500E+00
      3884.00  1.338150E+00
      3886.00  8.523720E-01
      3888.00  1.187830E+00
      3890.00  1.001400E+00
      3892.00  1.466610E+00
      3894.00  1.028770E+00
      3896.00  1.382620E+00
      3898.00  1.301980E+00
      3900.00  1.271460E+00
      3902.00  1.485510E+00
      3904.00  1.072550E+00
      3906.00  1.191720E+00
      3908.00  1.520230E+00
      3910.00  1.527580E+00
      3912.00  1.526830E+00
      3914.00  1.498300E+00
      3916.00  1.509360E+00
      3918.00  1.444350E+00
      3920.00  2.228420E+00
      3922.00  2.329380E+00
      3924.00  1.741370E+00
      3926.00  1.938770E+00
      3928.00  2.153430E+00
      3930.00  2.562010E+00
      3932.00  2.381700E+00
      3934.00  2.762160E+00
      3936.00  2.690680E+00
      3938.00  3.073400E+00
      3940.00  3.107890E+00
      3942.00  3.046520E+00
      3944.00  3.071820E+00
      3946.00  3.269630E+00
      3948.00  3.658600E+00
      3950.00  3.928910E+00
      3952.00  3.826310E+00
      3954.00  3.629620E+00
      3956.00  3.756850E+00
      3958.00  3.724140E+00
      3960.00  4.020690E+00
      3962.00  4.073950E+00
      3964.00  4.080140E+00
      3966.00  4.221800E+00
      3968.00  4.096280E+00
      3970.00  3.649560E+00
      3972.00  3.824150E+00
      3974.00  4.574740E+00
      3976.00  4.328120E+00
      3978.00  3.794140E+00
      3980.00  4.205240E+00
      3982.00  4.099650E+00
      3984.00  4.127230E+00
      3986.00  4.617530E+00
      3988.00  4.182710E+00
      3990.00  4.522070E+00
      3992.00  4.273240E+00
      3994.00  3.917520E+00
      3996.00  3.982160E+00
      3998.00  4.485550E+00
      4000.00  3.963220E+00
      4002.00  4.204720E+00
      4004.00  3.927290E+00
      4006.00  4.313230E+00
      4008.00  3.821330E+00
      4010.00  3.700800E+00
      4012.00  3.764680E+00
      4014.00  3.849780E+00
      4016.00  3.550490E+00
      4018.00  3.571890E+00
      4020.00  3.622810E+00
      4022.00  3.168510E+00
      4024.00  3.572710E+00
      4026.00  3.317570E+00
      4028.00  3.224720E+00
      4030.00  3.128620E+00
      4032.00  2.814910E+00
      4034.00  2.724550E+00
      4036.00  2.732500E+00
      4038.00  2.769890E+00
      4040.00  2.492200E+00
      4042.00  2.572590E+00
      4044.00  2.300050E+00
      4046.00  2.485100E+00
      4048.00  3.004420E+00
      4050.00  2.842910E+00
      4052.00  2.804160E+00
      4054.00  2.769540E+00
      4056.00  3.322780E+00
      4058.00  3.169720E+00
      4060.00  3.457830E+00
      4062.00  3.958840E+00
      4064.00  4.718310E+00
      4066.00  4.762680E+00
      4068.00  5.131670E+00
      4070.00  5.243690E+00
      4072.00  5.021400E+00
      4074.00  5.240000E+00
      4076.00  5.530990E+00
      4078.00  5.946700E+00
      4080.00  5.712200E+00
      4082.00  5.869490E+00
      4084.00  6.090230E+00
      4086.00  6.013690E+00
      4088.00  5.703270E+00
      4090.00  5.736420E+00
      4092.00  6.163580E+00
      4094.00  5.810240E+00
      4096.00  5.596360E+00
      4098.00  5.480840E+00
      4100.00  5.556610E+00
      4102.00  5.274370E+00
      4104.00  5.560160E+00
      4106.00  5.486560E+00
      4108.00  5.654940E+00
      4110.00  5.489310E+00
      4112.00  5.889310E+00
      4114.00  5.836770E+00
      4116.00  5.553860E+00
      4118.00  5.670610E+00
      4120.00  5.164390E+00
      4122.00  5.209660E+00
      4124.00  5.086620E+00
      4126.00  4.702750E+00
      4128.00  4.827690E+00
      4130.00  4.599590E+00
      4132.00  4.675950E+00
      4134.00  4.410160E+00
      4136.00  4.381010E+00
      4138.00  4.178610E+00
      4140.00  4.026530E+00
      4142.00  3.795790E+00
      4144.00  4.079620E+00
      4146.00  4.120550E+00
      4148.00  4.159470E+00
      4150.00  3.929490E+00
      4152.00  3.832620E+00
      4154.00  4.041010E+00
      4156.00  3.842410E+00
      4158.00  3.898460E+00
      4160.00  3.841770E+00
      4162.00  3.967180E+00
      4164.00  3.767960E+00
      4166.00  3.461420E+00
      4168.00  3.455240E+00
      4170.00  3.331510E+00
      4172.00  3.030790E+00
      4174.00  2.937940E+00
      4176.00  2.954790E+00
      4178.00  2.732980E+00
      4180.00  2.731790E+00
      4182.00  2.686590E+00
      4184.00  2.616450E+00
      4186.00  2.408340E+00
      4188.00  2.528190E+00
      4190.00  2.785590E+00
      4192.00  2.602050E+00
      4194.00  2.737370E+00
      4196.00  2.563270E+00
      4198.00  2.480490E+00
      4200.00  2.741660E+00
      4202.00  2.528270E+00
      4204.00  2.559930E+00
      4206.00  2.622790E+00
      4208.00  2.513760E+00
      4210.00  2.757870E+00
      4212.00  2.851470E+00
      4214.00  2.895160E+00
      4216.00  2.783760E+00
      4218.00  2.710970E+00
      4220.00  2.870410E+00
      4222.00  2.955110E+00
      4224.00  2.781460E+00
      4226.00  3.004550E+00
      4228.00  2.987740E+00
      4230.00  3.230100E+00
      4232.00  2.739170E+00
      4234.00  2.951410E+00
      4236.00  2.872470E+00
      4238.00  2.630020E+00
      4240.00  2.717360E+00
      4242.00  2.644120E+00
      4244.00  2.492950E+00
      4246.00  2.414090E+00
      4248.00  2.302000E+00
      4250.00  2.287590E+00
      4252.00  2.270410E+00
      4254.00  1.952360E+00
      4256.00  1.960440E+00
      4258.00  2.122000E+00
      4260.00  1.933590E+00
      4262.00  1.761540E+00
      4264.00  1.884030E+00
      4266.00  1.749050E+00
      4268.00  2.071620E+00
      4270.00  1.876460E+00
      4272.00  1.777140E+00
      4274.00  1.872340E+00
      4276.00  2.047440E+00
      4278.00  1.765860E+00
      4280.00  1.862910E+00
      4282.00  2.003170E+00
      4284.00  1.883070E+00
      4286.00  2.073040E+00
      4288.00  1.975530E+00
      4290.00  2.097940E+00
      4292.00  2.192000E+00
      4294.00  2.498470E+00
      4296.00  2.490270E+00
      4298.00  2.474310E+00
      4300.00  2.544910E+00
      4302.00  2.527100E+00
      4304.00  2.698550E+00
      4306.00  3.009850E+00
      4308.00  3.076490E+00
      4310.00  3.250750E+00
      4312.00  3.343210E+00
      4314.00  3.092390E+00
      4316.00  3.159770E+00
      4318.00  3.401440E+00
      4320.00  3.510990E+00
      4322.00  3.579930E+00
      4324.00  3.527760E+00
      4326.00  3.503610E+00
      4328.00  3.373890E+00
      4330.00  3.126740E+00
      4332.00  3.207350E+00
      4334.00  3.313200E+00
      4336.00  3.207440E+00
      4338.00  3.050970E+00
      4340.00  2.969070E+00
      4342.00  3.162350E+00
      4344.00  3.154660E+00
      4346.00  3.151000E+00
      4348.00  3.155920E+00
      4350.00  2.921030E+00
      4352.00  3.018560E+00
      4354.00  3.386410E+00
      4356.00  3.150560E+00
      4358.00  3.056090E+00
      4360.00  3.239300E+00
      4362.00  3.464810E+00
      4364.00  3.256840E+00
      4366.00  3.444210E+00
      4368.00  3.369150E+00
      4370.00  3.425360E+00
      4372.00  3.451510E+00
      4374.00  3.640680E+00
      4376.00  3.455900E+00
      4378.00  3.833210E+00
      4380.00  3.798930E+00
      4382.00  3.871460E+00
      4384.00  3.648780E+00
      4386.00  3.701800E+00
      4388.00  3.920920E+00
      4390.00  3.955900E+00
      4392.00  3.923880E+00
      4394.00  4.030880E+00
      4396.00  3.809210E+00
      4398.00  4.029760E+00
      4400.00  3.742850E+00
      4402.00  3.909660E+00
      4404.00  3.810470E+00
      4406.00  3.777250E+00
      4408.00  3.801150E+00
      4410.00  3.808620E+00
      4412.00  3.809390E+00
      4414.00  3.773350E+00
      4416.00  3.837710E+00
      4418.00  3.620480E+00
      4420.00  3.842400E+00
      4422.00  3.821110E+00
      4424.00  3.636850E+00
      4426.00  3.865650E+00
      4428.00  3.722960E+00
      4430.00  3.828280E+00
      4432.00  3.940790E+00
      4434.00  3.848530E+00
      4436.00  3.981900E+00
      4438.00  4.146400E+00
      4440.00  4.070280E+00
      4442.00  4.267890E+00
      4444.00  4.027360E+00
      4446.00  4.008980E+00
      4448.00  4.071990E+00
      4450.00  3.981460E+00
      4452.00  3.968820E+00
      4454.00  4.064800E+00
      4456.00  3.712160E+00
      4458.00  3.680160E+00
      4460.00  3.931520E+00
      4462.00  4.044910E+00
      4464.00  3.475950E+00
      4466.00  3.770990E+00
      4468.00  3.960740E+00
      4470.00  3.677950E+00
      4472.00  3.695660E+00
      4474.00  3.885470E+00
      4476.00  3.686280E+00
      4478.00  3.668020E+00
      4480.00  3.702560E+00
      4482.00  3.477240E+00
      4484.00  3.307200E+00
      4486.00  3.388230E+00
      4488.00  3.483760E+00
      4490.00  3.753720E+00
      4492.00  3.851800E+00
      4494.00  3.580260E+00
      4496.00  3.749260E+00
      4498.00  3.723640E+00
      4500.00  3.698660E+00
      4502.00  3.637780E+00
      4504.00  3.815040E+00
      4506.00  3.723180E+00
      4508.00  3.783390E+00
      4510.00  3.723470E+00
      4512.00  3.827980E+00
      4514.00  4.213410E+00
      4516.00  4.220940E+00
      4518.00  4.302900E+00
      4520.00  4.341300E+00
      4522.00  4.268760E+00
      4524.00  4.666490E+00
      4526.00  4.734370E+00
      4528.00  4.836370E+00
      4530.00  5.016110E+00
      4532.00  5.335540E+00
      4534.00  5.484800E+00
      4536.00  5.606080E+00
      4538.00  5.803240E+00
      4540.00  5.991840E+00
      4542.00  6.359210E+00
      4544.00  6.727650E+00
      4546.00  6.626800E+00
      4548.00  6.510650E+00
      4550.00  6.925810E+00
      4552.00  7.265710E+00
      4554.00  7.539890E+00
      4556.00  7.822240E+00
      4558.00  8.095850E+00
      4560.00  8.279040E+00
      4562.00  8.759700E+00
      4564.00  9.228950E+00
      4566.00  9.206040E+00
      4568.00  9.379070E+00
      4570.00  1.031830E+01
      4572.00  1.055810E+01
      4574.00  1.071970E+01
      4576.00  1.129010E+01
      4578.00  1.100180E+01
      4580.00  1.083330E+01
      4582.00  1.089540E+01
      4584.00  1.064170E+01
      4586.00  1.062970E+01
      4588.00  1.015690E+01
      4590.00  1.013270E+01
      4592.00  9.937800E+00
      4594.00  9.895250E+00
      4596.00  9.778190E+00
      4598.00  1.037990E+01
      4600.00  1.025620E+01
      4602.00  1.030130E+01
      4604.00  1.043940E+01
      4606.00  1.073090E+01
      4608.00  1.070730E+01
      4610.00  1.082070E+01
      4612.00  1.166900E+01
      4614.00  1.150660E+01
      4616.00  1.189200E+01
      4618.00  1.165570E+01
      4620.00  1.166840E+01
      4622.00  1.180110E+01
      4624.00  1.146830E+01
      4626.00  1.129130E+01
      4628.00  1.184450E+01
      4630.00  1.144600E+01
      4632.00  1.106740E+01
      4634.00  1.111370E+01
      4636.00  1.148680E+01
      4638.00  1.182750E+01
      4640.00  1.155560E+01
      4642.00  1.164730E+01
      4644.00  1.163150E+01
      4646.00  1.226690E+01
      4648.00  1.240830E+01
      4650.00  1.235330E+01
      4652.00  1.300210E+01
      4654.00  1.300780E+01
      4656.00  1.292300E+01
      4658.00  1.307610E+01
      4660.00  1.292380E+01
      4662.00  1.295040E+01
      4664.00  1.288970E+01
      4666.00  1.270930E+01
      4668.00  1.275050E+01
      4670.00  1.220410E+01
      4672.00  1.243620E+01
      4674.00  1.255590E+01
      4676.00  1.212920E+01
      4678.00  1.177750E+01
      4680.00  1.166100E+01
      4682.00  1.177430E+01
      4684.00  1.216320E+01
      4686.00  1.154260E+01
      4688.00  1.155800E+01
      4690.00  1.095950E+01
      4692.00  1.122830E+01
      4694.00  1.069410E+01
      4696.00  1.035250E+01
      4698.00  1.023190E+01
      4700.00  1.008600E+01
      4702.00  9.912670E+00
      4704.00  9.925030E+00
      4706.00  9.652960E+00
      4708.00  9.449080E+00
      4710.00  9.178800E+00
      4712.00  9.607740E+00
      4714.00  8.811520E+00
      4716.00  8.733300E+00
      4718.00  9.085030E+00
      4720.00  8.639030E+00
      4722.00  8.515300E+00
      4724.00  8.426040E+00
      4726.00  8.155870E+00
      4728.00  7.963390E+00
      4730.00  8.003350E+00
      4732.00  7.782090E+00
      4734.00  7.352510E+00
      4736.00  7.355850E+00
      4738.00  7.314230E+00
      4740.00  6.994740E+00
      4742.00  6.640070E+00
      4744.00  6.528940E+00
      4746.00  6.185810E+00
      4748.00  5.992120E+00
      4750.00  5.859490E+00
      4752.00  5.640430E+00
      4754.00  5.400940E+00
      4756.00  5.173250E+00
      4758.00  4.924880E+00
      4760.00  4.703310E+00
      4762.00  4.380960E+00
      4764.00  4.292820E+00
      4766.00  4.463770E+00
      4768.00  4.067430E+00
      4770.00  4.104850E+00
      4772.00  3.817960E+00
      4774.00  3.730440E+00
      4776.00  3.742380E+00
      4778.00  3.632660E+00
      4780.00  3.547110E+00
      4782.00  3.379810E+00
      4784.00  3.389620E+00
      4786.00  3.480750E+00
      4788.00  3.259230E+00
      4790.00  3.391960E+00
      4792.00  3.478640E+00
      4794.00  3.647020E+00
      4796.00  3.719770E+00
      4798.00  4.071090E+00
      4800.00  4.139300E+00
      4802.00  4.218170E+00
      4804.00  4.503570E+00
      4806.00  4.711940E+00
      4808.00  4.996730E+00
      4810.00  5.151660E+00
      4812.00  5.594590E+00
      4814.00  5.842100E+00
      4816.00  5.886280E+00
      4818.00  6.462070E+00
      4820.00  6.690670E+00
      4822.00  6.966200E+00
      4824.00  7.553400E+00
      4826.00  7.616740E+00
      4828.00  7.990670E+00
      4830.00  8.312640E+00
      4832.00  8.607780E+00
      4834.00  8.925490E+00
      4836.00  9.170980E+00
      4838.00  9.483640E+00
      4840.00  9.543290E+00
      4842.00  9.797140E+00
      4844.00  9.805340E+00
      4846.00  1.002140E+01
      4848.00  1.036070E+01
      4850.00  1.064570E+01
      4852.00  1.068890E+01
      4854.00  1.059100E+01
      4856.00  1.128350E+01
      4858.00  1.120300E+01
      4860.00  1.092250E+01
      4862.00  1.119600E+01
      4864.00  1.106760E+01
      4866.00  1.097720E+01
      4868.00  1.078920E+01
      4870.00  1.060480E+01
      4872.00  1.067420E+01
      4874.00  1.071140E+01
      4876.00  1.056790E+01
      4878.00  1.030790E+01
      4880.00  1.053230E+01
      4882.00  1.034490E+01
      4884.00  1.036070E+01
      4886.00  1.037650E+01
      4888.00  1.035180E+01
      4890.00  1.040600E+01
      4892.00  1.061570E+01
      4894.00  1.101850E+01
      4896.00  1.101290E+01
      4898.00  1.133440E+01
      4900.00  1.178470E+01
      4902.00  1.210960E+01
      4904.00  1.186560E+01
      4906.00  1.230390E+01
      4908.00  1.244480E+01
      4910.00  1.304110E+01
      4912.00  1.338300E+01
      4914.00  1.333350E+01
      4916.00  1.340430E+01
      4918.00  1.368460E+01
      4920.00  1.346500E+01
      4922.00  1.335640E+01
      4924.00  1.353330E+01
      4926.00  1.344130E+01
      4928.00  1.350260E+01
      4930.00  1.317310E+01
      4932.00  1.309480E+01
      4934.00  1.319910E+01
      4936.00  1.288060E+01
      4938.00  1.275720E+01
      4940.00  1.272360E+01
      4942.00  1.251870E+01
      4944.00  1.214530E+01
      4946.00  1.197280E+01
      4948.00  1.199820E+01
      4950.00  1.177650E+01
      4952.00  1.170860E+01
      4954.00  1.136180E+01
      4956.00  1.108870E+01
      4958.00  1.092850E+01
      4960.00  1.057590E+01
      4962.00  1.021810E+01
      4964.00  1.011230E+01
      4966.00  9.795070E+00
      4968.00  9.518550E+00
      4970.00  9.545910E+00
      4972.00  9.407200E+00
      4974.00  9.469750E+00
      4976.00  9.247620E+00
      4978.00  9.505680E+00
      4980.00  9.548850E+00
      4982.00  9.787910E+00
      4984.00  9.801890E+00
      4986.00  1.020460E+01
      4988.00  1.077190E+01
      4990.00  1.084610E+01
      4992.00  1.142410E+01
      4994.00  1.185420E+01
      4996.00  1.233840E+01
      4998.00  1.237620E+01
      5000.00  1.271540E+01
      5002.00  1.335230E+01
      5004.00  1.383650E+01
      5006.00  1.420670E+01
      5008.00  1.427780E+01
      5010.00  1.484950E+01
      5012.00  1.494920E+01
      5014.00  1.491620E+01
      5016.00  1.501800E+01
      5018.00  1.512520E+01
      5020.00  1.519080E+01
      5022.00  1.541290E+01
      5024.00  1.552380E+01
      5026.00  1.545780E+01
      5028.00  1.523400E+01
      5030.00  1.498670E+01
      5032.00  1.471400E+01
      5034.00  1.449600E+01
      5036.00  1.415630E+01
      5038.00  1.403670E+01
      5040.00  1.382720E+01
      5042.00  1.314860E+01
      5044.00  1.306130E+01
      5046.00  1.284110E+01
      5048.00  1.219530E+01
      5050.00  1.236960E+01
      5052.00  1.142000E+01
      5054.00  1.168820E+01
      5056.00  1.131480E+01
      5058.00  1.097250E+01
      5060.00  1.096090E+01
      5062.00  1.047180E+01
      5064.00  1.048780E+01
      5066.00  1.020740E+01
      5068.00  9.965940E+00
      5070.00  9.818600E+00
      5072.00  9.342450E+00
      5074.00  8.915440E+00
      5076.00  8.855670E+00
      5078.00  8.366190E+00
      5080.00  7.950070E+00
      5082.00  7.820270E+00
      5084.00  7.675360E+00
      5086.00  7.529490E+00
      5088.00  7.340840E+00
      5090.00  6.864160E+00
      5092.00  6.707660E+00
      5094.00  6.636040E+00
      5096.00  6.363210E+00
      5098.00  6.312130E+00
      5100.00  6.215320E+00
      5102.00  6.009650E+00
      5104.00  5.799700E+00
      5106.00  5.682860E+00
      5108.00  5.551960E+00
      5110.00  5.440870E+00
      5112.00  5.432060E+00
      5114.00  5.459700E+00
      5116.00  5.342190E+00
      5118.00  5.173170E+00
      5120.00  5.155920E+00
      5122.00  4.975450E+00
      5124.00  5.330740E+00
      5126.00  5.219890E+00
      5128.00  5.565590E+00
      5130.00  5.631250E+00
      5132.00  5.925090E+00
      5134.00  6.074910E+00
      5136.00  6.116350E+00
      5138.00  6.018240E+00
      5140.00  6.420660E+00
      5142.00  6.579390E+00
      5144.00  6.612340E+00
      5146.00  6.960330E+00
      5148.00  7.149390E+00
      5150.00  7.420790E+00
      5152.00  7.215190E+00
      5154.00  7.874840E+00
      5156.00  7.732830E+00
      5158.00  7.913350E+00
      5160.00  8.162160E+00
      5162.00  8.246800E+00
      5164.00  8.820730E+00
      5166.00  8.907860E+00
      5168.00  9.407710E+00
      5170.00  9.207410E+00
      5172.00  9.837520E+00
      5174.00  9.546720E+00
      5176.00  9.562140E+00
      5178.00  9.847430E+00
      5180.00  9.889650E+00
      5182.00  9.550430E+00
      5184.00  9.614030E+00
      5186.00  9.872220E+00
      5188.00  9.731610E+00
      5190.00  9.975540E+00
      5192.00  9.707040E+00
      5194.00  9.953410E+00
      5196.00  9.858240E+00
      5198.00  9.856840E+00
      5200.00  9.701250E+00
      5202.00  9.968320E+00
      5204.00  1.018030E+01
      5206.00  9.919030E+00
      5208.00  9.905980E+00
      5210.00  1.025230E+01
      5212.00  1.017520E+01
      5214.00  1.017100E+01
      5216.00  1.037020E+01
      5218.00  1.006800E+01
      5220.00  1.024060E+01
      5222.00  1.042060E+01
      5224.00  1.042710E+01
      5226.00  9.974400E+00
      5228.00  9.944160E+00
      5230.00  9.876170E+00
      5232.00  9.970500E+00
      5234.00  1.015110E+01
      5236.00  9.525300E+00
      5238.00  9.543760E+00
      5240.00  1.007470E+01
      5242.00  9.711310E+00
      5244.00  9.736270E+00
      5246.00  9.625100E+00
      5248.00  1.017600E+01
      5250.00  1.006710E+01
      5252.00  1.015430E+01
      5254.00  1.012020E+01
      5256.00  1.020840E+01
      5258.00  1.041680E+01
      5260.00  1.018130E+01
      5262.00  1.046440E+01
      5264.00  1.019920E+01
      5266.00  1.044390E+01
      5268.00  1.016330E+01
      5270.00  9.599440E+00
      5272.00  9.636330E+00
      5274.00  9.914750E+00
      5276.00  9.641340E+00
      5278.00  9.833320E+00
      5280.00  9.794460E+00
      5282.00  9.632340E+00
      5284.00  9.951680E+00
      5286.00  9.859580E+00
      5288.00  1.026850E+01
      5290.00  1.010510E+01
      5292.00  1.003460E+01
      5294.00  1.053670E+01
      5296.00  1.064700E+01
      5298.00  1.055350E+01
      5300.00  1.069760E+01
      5302.00  1.080420E+01
      5304.00  1.088520E+01
      5306.00  1.135100E+01
      5308.00  1.110380E+01
      5310.00  1.132050E+01
      5312.00  1.167110E+01
      5314.00  1.135810E+01
      5316.00  1.162410E+01
      5318.00  1.156190E+01
      5320.00  1.181520E+01
      5322.00  1.195950E+01
      5324.00  1.192570E+01
      5326.00  1.159130E+01
      5328.00  1.188440E+01
      5330.00  1.189920E+01
      5332.00  1.147790E+01
      5334.00  1.194460E+01
      5336.00  1.192200E+01
      5338.00  1.207350E+01
      5340.00  1.247290E+01
      5342.00  1.237890E+01
      5344.00  1.234470E+01
      5346.00  1.234020E+01
      5348.00  1.210710E+01
      5350.00  1.250160E+01
      5352.00  1.267830E+01
      5354.00  1.269270E+01
      5356.00  1.314180E+01
      5358.00  1.317270E+01
      5360.00  1.308550E+01
      5362.00  1.300830E+01
      5364.00  1.329650E+01
      5366.00  1.315600E+01
      5368.00  1.307740E+01
      5370.00  1.318410E+01
      5372.00  1.308410E+01
      5374.00  1.301640E+01
      5376.00  1.305630E+01
      5378.00  1.312140E+01
      5380.00  1.304790E+01
      5382.00  1.272080E+01
      5384.00  1.287510E+01
      5386.00  1.285840E+01
      5388.00  1.291430E+01
      5390.00  1.311780E+01
      5392.00  1.299790E+01
      5394.00  1.313470E+01
      5396.00  1.331490E+01
      5398.00  1.347600E+01
      5400.00  1.334910E+01
      5402.00  1.368060E+01
      5404.00  1.398020E+01
      5406.00  1.422450E+01
      5408.00  1.424230E+01
      5410.00  1.434570E+01
      5412.00  1.440570E+01
      5414.00  1.456720E+01
      5416.00  1.463940E+01
      5418.00  1.488230E+01
      5420.00  1.473410E+01
      5422.00  1.488810E+01
      5424.00  1.508000E+01
      5426.00  1.484270E+01
      5428.00  1.469120E+01
      5430.00  1.478810E+01
      5432.00  1.477830E+01
      5434.00  1.448250E+01
      5436.00  1.461160E+01
      5438.00  1.449460E+01
      5440.00  1.447730E+01
      5442.00  1.425270E+01
      5444.00  1.423950E+01
      5446.00  1.413880E+01
      5448.00  1.376620E+01
      5450.00  1.388170E+01
      5452.00  1.390320E+01
      5454.00  1.380580E+01
      5456.00  1.365150E+01
      5458.00  1.365130E+01
      5460.00  1.332600E+01
      5462.00  1.347400E+01
      5464.00  1.350620E+01
      5466.00  1.358010E+01
      5468.00  1.350330E+01
      5470.00  1.338540E+01
      5472.00  1.314510E+01
      5474.00  1.330370E+01
      5476.00  1.305650E+01
      5478.00  1.309890E+01
      5480.00  1.291840E+01
      5482.00  1.314300E+01
      5484.00  1.293950E+01
      5486.00  1.299070E+01
      5488.00  1.276830E+01
      5490.00  1.288860E+01
      5492.00  1.266710E+01
      5494.00  1.310220E+01
      5496.00  1.309510E+01
      5498.00  1.329560E+01
      5500.00  1.349010E+01
      5502.00  1.371000E+01
      5504.00  1.394530E+01
      5506.00  1.420870E+01
      5508.00  1.447900E+01
      5510.00  1.467540E+01
      5512.00  1.479000E+01
      5514.00  1.498740E+01
      5516.00  1.528430E+01
      5518.00  1.548180E+01
      5520.00  1.557510E+01
      5522.00  1.559590E+01
      5524.00  1.552990E+01
      5526.00  1.536650E+01
      5528.00  1.536570E+01
      5530.00  1.548600E+01
      5532.00  1.558030E+01
      5534.00  1.575270E+01
      5536.00  1.581420E+01
      5538.00  1.564160E+01
      5540.00  1.535930E+01
      5542.00  1.523110E+01
      5544.00  1.517510E+01
      5546.00  1.511970E+01
      5548.00  1.513130E+01
      5550.00  1.507690E+01
      5552.00  1.492810E+01
      5554.00  1.476060E+01
      5556.00  1.464500E+01
      5558.00  1.455380E+01
      5560.00  1.442720E+01
      5562.00  1.426560E+01
      5564.00  1.413280E+01
      5566.00  1.403960E+01
      5568.00  1.392090E+01
      5570.00  1.372950E+01
      5572.00  1.351560E+01
      5574.00  1.340170E+01
      5576.00  1.338410E+01
      5578.00  1.328400E+01
      5580.00  1.313300E+01
      5582.00  1.299870E+01
      5584.00  1.289930E+01
      5586.00  1.278880E+01
      5588.00  1.261110E+01
      5590.00  1.238050E+01
      5592.00  1.224960E+01
      5594.00  1.220140E+01
      5596.00  1.212640E+01
      5598.00  1.207600E+01
      5600.00  1.197790E+01
      5602.00  1.177880E+01
      5604.00  1.153310E+01
      5606.00  1.136490E+01
      5608.00  1.122650E+01
      5610.00  1.112440E+01
      5612.00  1.108450E+01
      5614.00  1.102420E+01
      5616.00  1.091360E+01
      5618.00  1.082480E+01
      5620.00  1.083230E+01
      5622.00  1.090770E+01
      5624.00  1.098240E+01
      5626.00  1.107100E+01
      5628.00  1.120010E+01
      5630.00  1.137160E+01
      5632.00  1.156530E+01
      5634.00  1.178210E+01
      5636.00  1.201550E+01
      5638.00  1.222560E+01
      5640.00  1.240330E+01
      5642.00  1.264890E+01
      5644.00  1.299290E+01
      5646.00  1.325450E+01
      5648.00  1.340310E+01
      5650.00  1.352040E+01
      5652.00  1.366720E+01
      5654.00  1.381110E+01
      5656.00  1.402390E+01
      5658.00  1.433910E+01
      5660.00  1.457020E+01
      5662.00  1.476000E+01
      5664.00  1.490110E+01
      5666.00  1.497780E+01
      5668.00  1.500820E+01
      5670.00  1.504410E+01
      5672.00  1.506950E+01
      5674.00  1.507130E+01
      5676.00  1.502810E+01
      5678.00  1.501480E+01
      5680.00  1.506080E+01
      5682.00  1.509670E+01
      5684.00  1.504810E+01
      5686.00  1.494240E+01
      5688.00  1.485350E+01
      5690.00  1.475280E+01
      5692.00  1.465360E+01
      5694.00  1.458270E+01
      5696.00  1.446220E+01
      5698.00  1.424030E+01
      5700.00  1.396680E+01
      5702.00  1.375420E+01
      5704.00  1.357670E+01
      5706.00  1.336790E+01
      5708.00  1.312710E+01
      5710.00  1.291580E+01
      5712.00  1.273640E+01
      5714.00  1.257870E+01
      5716.00  1.243510E+01
      5718.00  1.230580E+01
      5720.00  1.223150E+01
      5722.00  1.223270E+01
      5724.00  1.219860E+01
      5726.00  1.217010E+01
      5728.00  1.210170E+01
      5730.00  1.195270E+01
      5732.00  1.176510E+01
      5734.00  1.165070E+01
      5736.00  1.159390E+01
      5738.00  1.148860E+01
      5740.00  1.135760E+01
      5742.00  1.122830E+01
      5744.00  1.111920E+01
      5746.00  1.098860E+01
      5748.00  1.078680E+01
      5750.00  1.053000E+01
      5752.00  1.028850E+01
      5754.00  1.002990E+01
      5756.00  9.783940E+00
      5758.00  9.550110E+00
      5760.00  9.313630E+00
      5762.00  9.067390E+00
      5764.00  8.817190E+00
      5766.00  8.571830E+00
      5768.00  8.322840E+00
      5770.00  8.091520E+00
      5772.00  7.884950E+00
      5774.00  7.663260E+00
      5776.00  7.423030E+00
      5778.00  7.174160E+00
      5780.00  6.915870E+00
      5782.00  6.642250E+00
      5784.00  6.429050E+00
      5786.00  6.262760E+00
      5788.00  6.106210E+00
      5790.00  5.979700E+00
      5792.00  5.850460E+00
      5794.00  5.685270E+00
      5796.00  5.519120E+00
      5798.00  5.454470E+00
      5800.00  5.495380E+00
      5802.00  5.471310E+00
      5804.00  5.426370E+00
      5806.00  5.382000E+00
      5808.00  5.317390E+00
      5810.00  5.275500E+00
      5812.00  5.314710E+00
      5814.00  5.415180E+00
      5816.00  5.508670E+00
      5818.00  5.623240E+00
      5820.00  5.740690E+00
      5822.00  5.854880E+00
      5824.00  5.991570E+00
      5826.00  6.152170E+00
      5828.00  6.341820E+00
      5830.00  6.607770E+00
      5832.00  6.991990E+00
      5834.00  7.254170E+00
      5836.00  7.425270E+00
      5838.00  7.627280E+00
      5840.00  7.864010E+00
      5842.00  8.120590E+00
      5844.00  8.397040E+00
      5846.00  8.694170E+00
      5848.00  9.002640E+00
      5850.00  9.345270E+00
      5852.00  9.658050E+00
      5854.00  9.915540E+00
      5856.00  1.021790E+01
      5858.00  1.061790E+01
      5860.00  1.107340E+01
      5862.00  1.151640E+01
      5864.00  1.198780E+01
      5866.00  1.242360E+01
      5868.00  1.283260E+01
      5870.00  1.324520E+01
      5872.00  1.368500E+01
      5874.00  1.410060E+01
      5876.00  1.443380E+01
      5878.00  1.470780E+01
      5880.00  1.494680E+01
      5882.00  1.513910E+01
      5884.00  1.529670E+01
      5886.00  1.540860E+01
      5888.00  1.549690E+01
      5890.00  1.554770E+01
      5892.00  1.558530E+01
      5894.00  1.572830E+01
      5896.00  1.595560E+01
      5898.00  1.617780E+01
      5900.00  1.648670E+01
      5902.00  1.669110E+01
      5904.00  1.676320E+01
      5906.00  1.677060E+01
      5908.00  1.675790E+01
      5910.00  1.669600E+01
      5912.00  1.669140E+01
      5914.00  1.673400E+01
      5916.00  1.674310E+01
      5918.00  1.672850E+01
      5920.00  1.670690E+01
      5922.00  1.668140E+01
      5924.00  1.665190E+01
      5926.00  1.663180E+01
      5928.00  1.661900E+01
      5930.00  1.660240E+01
      5932.00  1.658480E+01
      5934.00  1.656770E+01
      5936.00  1.656940E+01
      5938.00  1.655120E+01
      5940.00  1.645900E+01
      5942.00  1.630750E+01
      5944.00  1.619010E+01
      5946.00  1.605960E+01
      5948.00  1.596960E+01
      5950.00  1.591310E+01
      5952.00  1.588060E+01
      5954.00  1.589150E+01
      5956.00  1.591900E+01
      5958.00  1.584480E+01
      5960.00  1.567670E+01
      5962.00  1.555580E+01
      5964.00  1.541260E+01
      5966.00  1.532660E+01
      5968.00  1.533970E+01
      5970.00  1.536130E+01
      5972.00  1.528360E+01
      5974.00  1.514260E+01
      5976.00  1.505050E+01
      5978.00  1.496830E+01
      5980.00  1.490330E+01
      5982.00  1.487940E+01
      5984.00  1.483140E+01
      5986.00  1.471310E+01
      5988.00  1.456500E+01
      5990.00  1.448770E+01
      5992.00  1.447910E+01
      5994.00  1.440270E+01
      5996.00  1.428120E+01
      5998.00  1.416800E+01
      6000.00  1.406660E+01
      6002.00  1.396810E+01
      6004.00  1.386630E+01
      6006.00  1.376020E+01
      6008.00  1.368800E+01
      6010.00  1.366070E+01
      6012.00  1.360230E+01
      6014.00  1.349480E+01
      6016.00  1.342310E+01
      6018.00  1.345230E+01
      6020.00  1.352380E+01
      6022.00  1.347860E+01
      6024.00  1.333630E+01
      6026.00  1.324740E+01
      6028.00  1.317160E+01
      6030.00  1.309480E+01
      6032.00  1.302720E+01
      6034.00  1.294770E+01
      6036.00  1.282010E+01
      6038.00  1.265050E+01
      6040.00  1.253510E+01
      6042.00  1.241310E+01
      6044.00  1.237940E+01
      6046.00  1.247710E+01
      6048.00  1.254770E+01
      6050.00  1.251540E+01
      6052.00  1.243100E+01
      6054.00  1.233730E+01
      6056.00  1.216270E+01
      6058.00  1.212480E+01
      6060.00  1.222230E+01
      6062.00  1.226880E+01
      6064.00  1.223560E+01
      6066.00  1.218610E+01
      6068.00  1.217940E+01
      6070.00  1.220080E+01
      6072.00  1.214520E+01
      6074.00  1.201630E+01
      6076.00  1.191230E+01
      6078.00  1.183140E+01
      6080.00  1.172990E+01
      6082.00  1.157150E+01
      6084.00  1.138980E+01
      6086.00  1.128860E+01
      6088.00  1.126310E+01
      6090.00  1.118550E+01
      6092.00  1.106650E+01
      6094.00  1.098630E+01
      6096.00  1.096430E+01
      6098.00  1.095890E+01
      6100.00  1.092090E+01
      6102.00  1.085980E+01
      6104.00  1.088870E+01
      6106.00  1.100390E+01
      6108.00  1.109880E+01
      6110.00  1.118420E+01
      6112.00  1.128470E+01
      6114.00  1.141870E+01
      6116.00  1.156960E+01
      6118.00  1.168660E+01
      6120.00  1.177240E+01
      6122.00  1.188740E+01
      6124.00  1.202710E+01
      6126.00  1.215200E+01
      6128.00  1.224890E+01
      6130.00  1.234540E+01
      6132.00  1.248470E+01
      6134.00  1.266660E+01
      6136.00  1.271730E+01
      6138.00  1.262750E+01
      6140.00  1.260890E+01
      6142.00  1.266460E+01
      6144.00  1.268370E+01
      6146.00  1.258750E+01
      6148.00  1.244230E+01
      6150.00  1.242850E+01
      6152.00  1.253660E+01
      6154.00  1.255220E+01
      6156.00  1.252380E+01
      6158.00  1.249670E+01
      6160.00  1.248330E+01
      6162.00  1.245810E+01
      6164.00  1.238890E+01
      6166.00  1.228050E+01
      6168.00  1.221610E+01
      6170.00  1.218720E+01
      6172.00  1.213420E+01
      6174.00  1.206360E+01
      6176.00  1.198760E+01
      6178.00  1.190620E+01
      6180.00  1.182200E+01
      6182.00  1.176130E+01
      6184.00  1.173810E+01
      6186.00  1.166300E+01
      6188.00  1.153650E+01
      6190.00  1.143470E+01
      6192.00  1.137890E+01
      6194.00  1.132540E+01
      6196.00  1.121610E+01
      6198.00  1.105710E+01
      6200.00  1.101840E+01
      6202.00  1.106470E+01
      6204.00  1.113200E+01
      6206.00  1.125290E+01
      6208.00  1.137440E+01
      6210.00  1.145420E+01
      6212.00  1.152660E+01
      6214.00  1.168370E+01
      6216.00  1.192520E+01
      6218.00  1.212650E+01
      6220.00  1.235080E+01
      6222.00  1.252210E+01
      6224.00  1.260480E+01
      6226.00  1.267120E+01
      6228.00  1.281720E+01
      6230.00  1.302020E+01
      6232.00  1.311530E+01
      6234.00  1.310980E+01
      6236.00  1.315190E+01
      6238.00  1.326580E+01
      6240.00  1.332000E+01
      6242.00  1.320520E+01
      6244.00  1.301440E+01
      6246.00  1.303180E+01
      6248.00  1.320410E+01
      6250.00  1.334470E+01
      6252.00  1.354740E+01
      6254.00  1.370090E+01
      6256.00  1.381280E+01
      6258.00  1.386650E+01
      6260.00  1.380790E+01
      6262.00  1.364220E+01
      6264.00  1.352700E+01
      6266.00  1.337100E+01
      6268.00  1.330260E+01
      6270.00  1.335460E+01
      6272.00  1.338430E+01
      6274.00  1.331210E+01
      6276.00  1.319220E+01
      6278.00  1.310740E+01
      6280.00  1.302280E+01
      6282.00  1.295700E+01
      6284.00  1.291910E+01
      6286.00  1.286670E+01
      6288.00  1.278480E+01
      6290.00  1.270340E+01
      6292.00  1.265550E+01
      6294.00  1.262630E+01
      6296.00  1.262270E+01
      6298.00  1.268960E+01
      6300.00  1.267610E+01
      6302.00  1.260870E+01
      6304.00  1.248960E+01
      6306.00  1.228310E+01
      6308.00  1.202850E+01
      6310.00  1.191460E+01
      6312.00  1.191130E+01
      6314.00  1.187690E+01
      6316.00  1.188720E+01
      6318.00  1.184480E+01
      6320.00  1.171420E+01
      6322.00  1.156530E+01
      6324.00  1.148070E+01
      6326.00  1.143210E+01
      6328.00  1.136250E+01
      6330.00  1.128790E+01
      6332.00  1.121590E+01
      6334.00  1.115100E+01
      6336.00  1.107850E+01
      6338.00  1.098860E+01
      6340.00  1.088860E+01
      6342.00  1.079630E+01
      6344.00  1.072760E+01
      6346.00  1.060000E+01
      6348.00  1.045910E+01
      6350.00  1.024370E+01
      6352.00  9.913480E+00
      6354.00  9.548130E+00
      6356.00  9.253220E+00
      6358.00  8.994090E+00
      6360.00  8.687620E+00
      6362.00  8.311880E+00
      6364.00  8.022660E+00
      6366.00  7.808100E+00
      6368.00  7.628120E+00
      6370.00  7.480960E+00
      6372.00  7.359880E+00
      6374.00  7.182490E+00
      6376.00  6.950810E+00
      6378.00  6.766700E+00
      6380.00  6.588600E+00
      6382.00  6.449350E+00
      6384.00  6.370690E+00
      6386.00  6.309910E+00
      6388.00  6.212110E+00
      6390.00  6.098580E+00
      6392.00  5.984330E+00
      6394.00  5.851710E+00
      6396.00  5.741570E+00
      6398.00  5.668900E+00
      6400.00  5.577760E+00
      6402.00  5.421490E+00
      6404.00  5.236950E+00
      6406.00  5.139500E+00
      6408.00  5.122500E+00
      6410.00  5.058200E+00
      6412.00  4.979870E+00
      6414.00  4.900670E+00
      6416.00  4.804570E+00
      6418.00  4.724080E+00
      6420.00  4.715950E+00
      6422.00  4.769690E+00
      6424.00  4.776670E+00
      6426.00  4.749430E+00
      6428.00  4.759720E+00
      6430.00  4.815390E+00
      6432.00  4.865150E+00
      6434.00  4.873190E+00
      6436.00  4.865710E+00
      6438.00  4.910790E+00
      6440.00  4.977840E+00
      6442.00  5.089300E+00
      6444.00  5.259190E+00
      6446.00  5.427940E+00
      6448.00  5.579010E+00
      6450.00  5.743080E+00
      6452.00  5.954950E+00
      6454.00  6.204210E+00
      6456.00  6.457340E+00
      6458.00  6.717310E+00
      6460.00  7.009050E+00
      6462.00  7.310750E+00
      6464.00  7.666390E+00
      6466.00  8.109770E+00
      6468.00  8.616570E+00
      6470.00  9.124550E+00
      6472.00  9.668510E+00
      6474.00  1.020310E+01
      6476.00  1.074280E+01
      6478.00  1.128460E+01
      6480.00  1.181850E+01
      6482.00  1.236460E+01
      6484.00  1.295030E+01
      6486.00  1.356260E+01
      6488.00  1.421500E+01
      6490.00  1.494890E+01
      6492.00  1.561880E+01
      6494.00  1.625850E+01
      6496.00  1.684560E+01
      6498.00  1.734580E+01
      6500.00  1.778750E+01
      6502.00  1.828330E+01
      6504.00  1.881240E+01
      6506.00  1.930430E+01
      6508.00  1.972250E+01
      6510.00  2.023170E+01
      6512.00  2.087300E+01
      6514.00  2.157290E+01
      6516.00  2.225620E+01
      6518.00  2.295310E+01
      6520.00  2.367250E+01
      6522.00  2.443460E+01
      6524.00  2.516620E+01
      6526.00  2.590840E+01
      6528.00  2.658930E+01
      6530.00  2.715670E+01
      6532.00  2.764560E+01
      6534.00  2.813080E+01
      6536.00  2.857530E+01
      6538.00  2.901590E+01
      6540.00  2.948190E+01
      6542.00  2.985830E+01
      6544.00  3.010390E+01
      6546.00  3.029370E+01
      6548.00  3.051350E+01
      6550.00  3.072450E+01
      6552.00  3.094930E+01
      6554.00  3.123910E+01
      6556.00  3.140810E+01
      6558.00  3.143720E+01
      6560.00  3.145220E+01
      6562.00  3.153430E+01
      6564.00  3.162940E+01
      6566.00  3.161690E+01
      6568.00  3.149440E+01
      6570.00  3.142480E+01
      6572.00  3.138680E+01
      6574.00  3.130360E+01
      6576.00  3.112710E+01
      6578.00  3.094720E+01
      6580.00  3.089830E+01
      6582.00  3.095480E+01
      6584.00  3.088790E+01
      6586.00  3.078410E+01
      6588.00  3.060230E+01
      6590.00  3.030710E+01
      6592.00  3.000410E+01
      6594.00  2.975920E+01
      6596.00  2.953130E+01
      6598.00  2.925650E+01
      6600.00  2.896910E+01
      6602.00  2.862800E+01
      6604.00  2.819420E+01
      6606.00  2.781430E+01
      6608.00  2.752400E+01
      6610.00  2.726230E+01
      6612.00  2.696380E+01
      6614.00  2.664610E+01
      6616.00  2.637940E+01
      6618.00  2.615900E+01
      6620.00  2.592830E+01
      6622.00  2.572800E+01
      6624.00  2.548000E+01
      6626.00  2.510720E+01
      6628.00  2.466640E+01
      6630.00  2.435840E+01
      6632.00  2.414210E+01
      6634.00  2.390930E+01
      6636.00  2.370310E+01
      6638.00  2.349100E+01
      6640.00  2.327960E+01
      6642.00  2.305400E+01
      6644.00  2.278130E+01
      6646.00  2.247030E+01
      6648.00  2.215690E+01
      6650.00  2.178730E+01
      6652.00  2.149570E+01
      6654.00  2.130300E+01
      6656.00  2.110290E+01
      6658.00  2.083030E+01
      6660.00  2.052520E+01
      6662.00  2.025320E+01
      6664.00  2.000810E+01
      6666.00  1.972900E+01
      6668.00  1.939020E+01
      6670.00  1.911660E+01
      6672.00  1.893750E+01
      6674.00  1.880490E+01
      6676.00  1.867700E+01
      6678.00  1.858100E+01
      6680.00  1.844550E+01
      6682.00  1.829750E+01
      6684.00  1.812410E+01
      6686.00  1.789900E+01
      6688.00  1.769260E+01
      6690.00  1.756620E+01
      6692.00  1.747710E+01
      6694.00  1.728400E+01
      6696.00  1.701000E+01
      6698.00  1.675030E+01
      6700.00  1.640500E+01
      6702.00  1.617920E+01
      6704.00  1.615230E+01
      6706.00  1.618610E+01
      6708.00  1.611780E+01
      6710.00  1.603150E+01
      6712.00  1.580510E+01
      6714.00  1.534760E+01
      6716.00  1.506990E+01
      6718.00  1.494920E+01
      6720.00  1.488030E+01
      6722.00  1.482610E+01
      6724.00  1.480280E+01
      6726.00  1.475400E+01
      6728.00  1.474520E+01
      6730.00  1.461710E+01
      6732.00  1.435010E+01
      6734.00  1.413320E+01
      6736.00  1.400510E+01
      6738.00  1.390610E+01
      6740.00  1.378540E+01
      6742.00  1.366390E+01
      6744.00  1.354150E+01
      6746.00  1.342230E+01
      6748.00  1.329390E+01
      6750.00  1.313460E+01
      6752.00  1.300300E+01
      6754.00  1.294350E+01
      6756.00  1.292770E+01
      6758.00  1.288250E+01
      6760.00  1.283420E+01
      6762.00  1.278180E+01
      6764.00  1.273890E+01
      6766.00  1.266770E+01
      6768.00  1.253900E+01
      6770.00  1.240570E+01
      6772.00  1.235120E+01
      6774.00  1.235720E+01
      6776.00  1.231280E+01
      6778.00  1.222760E+01
      6780.00  1.218280E+01
      6782.00  1.218440E+01
      6784.00  1.218620E+01
      6786.00  1.216900E+01
      6788.00  1.214100E+01
      6790.00  1.207120E+01
      6792.00  1.192860E+01
      6794.00  1.185800E+01
      6796.00  1.182220E+01
      6798.00  1.180590E+01
      6800.00  1.180720E+01
      6802.00  1.182810E+01
      6804.00  1.187740E+01
      6806.00  1.197260E+01
      6808.00  1.196860E+01
      6810.00  1.187020E+01
      6812.00  1.180850E+01
      6814.00  1.177750E+01
      6816.00  1.174260E+01
      6818.00  1.167200E+01
      6820.00  1.158870E+01
      6822.00  1.159730E+01
      6824.00  1.176660E+01
      6826.00  1.173220E+01
      6828.00  1.151590E+01
      6830.00  1.135930E+01
      6832.00  1.130290E+01
      6834.00  1.129220E+01
      6836.00  1.130550E+01
      6838.00  1.136960E+01
      6840.00  1.136190E+01
      6842.00  1.130520E+01
      6844.00  1.125040E+01
      6846.00  1.116580E+01
      6848.00  1.111030E+01
      6850.00  1.114350E+01
      6852.00  1.122560E+01
      6854.00  1.120700E+01
      6856.00  1.113120E+01
      6858.00  1.103020E+01
      6860.00  1.083760E+01
      6862.00  1.071510E+01
      6864.00  1.069380E+01
      6866.00  1.073040E+01
      6868.00  1.080090E+01
      6870.00  1.093250E+01
      6872.00  1.100800E+01
      6874.00  1.110880E+01
      6876.00  1.109670E+01
      6878.00  1.094910E+01
      6880.00  1.077210E+01
      6882.00  1.061030E+01
      6884.00  1.044500E+01
      6886.00  1.036640E+01
      6888.00  1.040880E+01
      6890.00  1.034660E+01
      6892.00  1.020450E+01
      6894.00  1.009880E+01
      6896.00  1.005760E+01
      6898.00  1.003950E+01
      6900.00  1.000300E+01
      6902.00  9.962540E+00
      6904.00  9.933860E+00
      6906.00  9.925030E+00
      6908.00  9.894970E+00
      6910.00  9.838710E+00
      6912.00  9.783270E+00
      6914.00  9.731370E+00
      6916.00  9.685560E+00
      6918.00  9.725120E+00
      6920.00  9.890340E+00
      6922.00  9.948260E+00
      6924.00  9.956750E+00
      6926.00  9.943640E+00
      6928.00  9.906470E+00
      6930.00  9.852830E+00
      6932.00  9.797690E+00
      6934.00  9.721450E+00
      6936.00  9.712560E+00
      6938.00  9.783180E+00
      6940.00  9.807000E+00
      6942.00  9.785360E+00
      6944.00  9.760000E+00
      6946.00  9.754610E+00
      6948.00  9.755830E+00
      6950.00  9.743490E+00
      6952.00  9.710100E+00
      6954.00  9.705450E+00
      6956.00  9.717740E+00
      6958.00  9.739600E+00
      6960.00  9.762940E+00
      6962.00  9.802120E+00
      6964.00  9.885140E+00
      6966.00  1.001400E+01
      6968.00  1.010220E+01
      6970.00  1.019520E+01
      6972.00  1.023630E+01
      6974.00  1.021540E+01
      6976.00  1.017690E+01
      6978.00  1.012770E+01
      6980.00  1.006960E+01
      6982.00  1.012570E+01
      6984.00  1.031410E+01
      6986.00  1.042540E+01
      6988.00  1.052230E+01
      6990.00  1.059760E+01
      6992.00  1.064350E+01
      6994.00  1.067370E+01
      6996.00  1.071230E+01
      6998.00  1.075570E+01
      7000.00  1.076500E+01
      7002.00  1.072960E+01
      7004.00  1.072170E+01
      7006.00  1.073210E+01
      7008.00  1.075820E+01
      7010.00  1.080730E+01
      7012.00  1.087370E+01
      7014.00  1.091570E+01
      7016.00  1.096570E+01
      7018.00  1.096270E+01
      7020.00  1.088370E+01
      7022.00  1.084280E+01
      7024.00  1.087060E+01
      7026.00  1.092410E+01
      7028.00  1.096060E+01
      7030.00  1.100250E+01
      7032.00  1.101790E+01
      7034.00  1.099990E+01
      7036.00  1.100150E+01
      7038.00  1.103290E+01
      7040.00  1.105120E+01
      7042.00  1.102840E+01
      7044.00  1.097970E+01
      7046.00  1.092530E+01
      7048.00  1.082160E+01
      7050.00  1.079290E+01
      7052.00  1.084270E+01
      7054.00  1.086150E+01
      7056.00  1.081850E+01
      7058.00  1.075720E+01
      7060.00  1.072330E+01
      7062.00  1.069630E+01
      7064.00  1.068920E+01
      7066.00  1.071640E+01
      7068.00  1.072000E+01
      7070.00  1.070410E+01
      7072.00  1.067800E+01
      7074.00  1.064510E+01
      7076.00  1.060370E+01
      7078.00  1.055350E+01
      7080.00  1.048530E+01
      7082.00  1.043070E+01
      7084.00  1.037420E+01
      7086.00  1.033420E+01
      7088.00  1.032050E+01
      7090.00  1.031720E+01
      7092.00  1.030130E+01
      7094.00  1.028480E+01
      7096.00  1.025090E+01
      7098.00  1.019560E+01
      7100.00  1.014800E+01
      7102.00  1.011170E+01
      7104.00  1.006870E+01
      7106.00  1.000370E+01
      7108.00  9.925750E+00
      7110.00  9.867740E+00
      7112.00  9.821740E+00
      7114.00  9.775630E+00
      7116.00  9.727050E+00
      7118.00  9.692270E+00
      7120.00  9.672770E+00
      7122.00  9.667990E+00
      7124.00  9.683320E+00
      7126.00  9.721180E+00
      7128.00  9.753510E+00
      7130.00  9.788130E+00
      7132.00  9.828300E+00
      7134.00  9.893460E+00
      7136.00  9.935660E+00
      7138.00  9.915750E+00
      7140.00  9.855530E+00
      7142.00  9.809940E+00
      7144.00  9.740830E+00
      7146.00  9.712600E+00
      7148.00  9.716860E+00
      7150.00  9.726340E+00
      7152.00  9.732790E+00
      7154.00  9.747580E+00
      7156.00  9.785990E+00
      7158.00  9.849030E+00
      7160.00  9.893480E+00
      7162.00  9.941040E+00
      7164.00  9.966570E+00
      7166.00  9.962430E+00
      7168.00  9.955080E+00
      7170.00  9.950800E+00
      7172.00  9.948510E+00
      7174.00  1.001900E+01
      7176.00  1.019480E+01
      7178.00  1.028220E+01
      7180.00  1.031810E+01
      7182.00  1.035100E+01
      7184.00  1.037380E+01
      7186.00  1.040610E+01
      7188.00  1.050950E+01
      7190.00  1.069160E+01
      7192.00  1.076010E+01
      7194.00  1.073450E+01
      7196.00  1.074230E+01
      7198.00  1.077790E+01
      7200.00  1.081440E+01
      7202.00  1.083670E+01
      7204.00  1.085310E+01
      7206.00  1.088540E+01
      7208.00  1.094630E+01
      7210.00  1.096680E+01
      7212.00  1.097050E+01
      7214.00  1.094490E+01
      7216.00  1.086160E+01
      7218.00  1.077010E+01
      7220.00  1.076770E+01
      7222.00  1.083990E+01
      7224.00  1.084260E+01
      7226.00  1.080770E+01
      7228.00  1.077680E+01
      7230.00  1.073550E+01
      7232.00  1.070590E+01
      7234.00  1.070980E+01
      7236.00  1.073550E+01
      7238.00  1.074740E+01
      7240.00  1.076730E+01
      7242.00  1.076330E+01
      7244.00  1.073960E+01
      7246.00  1.070920E+01
      7248.00  1.066520E+01
      7250.00  1.062170E+01
      7252.00  1.061020E+01
      7254.00  1.061970E+01
      7256.00  1.064080E+01
      7258.00  1.070550E+01
      7260.00  1.072340E+01
      7262.00  1.067820E+01
      7264.00  1.063620E+01
      7266.00  1.063660E+01
      7268.00  1.065980E+01
      7270.00  1.071790E+01
      7272.00  1.082800E+01
      7274.00  1.091790E+01
      7276.00  1.101590E+01
      7278.00  1.109900E+01
      7280.00  1.114700E+01
      7282.00  1.119260E+01
      7284.00  1.129840E+01
      7286.00  1.146250E+01
      7288.00  1.155160E+01
      7290.00  1.161780E+01
      7292.00  1.162970E+01
      7294.00  1.155330E+01
      7296.00  1.147880E+01
      7298.00  1.147280E+01
      7300.00  1.150100E+01
      7302.00  1.152150E+01
      7304.00  1.155810E+01
      7306.00  1.157970E+01
      7308.00  1.158390E+01
      7310.00  1.160090E+01
      7312.00  1.164890E+01
      7314.00  1.170040E+01
      7316.00  1.171020E+01
      7318.00  1.168980E+01
      7320.00  1.167560E+01
      7322.00  1.165890E+01
      7324.00  1.163130E+01
      7326.00  1.159030E+01
      7328.00  1.154460E+01
      7330.00  1.149480E+01
      7332.00  1.144110E+01
      7334.00  1.142140E+01
      7336.00  1.144550E+01
      7338.00  1.143580E+01
      7340.00  1.140510E+01
      7342.00  1.137680E+01
      7344.00  1.137200E+01
      7346.00  1.135710E+01
      7348.00  1.126250E+01
      7350.00  1.107740E+01
      7352.00  1.102030E+01
      7354.00  1.110220E+01
      7356.00  1.107690E+01
      7358.00  1.092070E+01
      7360.00  1.076120E+01
      7362.00  1.067490E+01
      7364.00  1.062370E+01
      7366.00  1.061620E+01
      7368.00  1.071130E+01
      7370.00  1.070020E+01
      7372.00  1.060320E+01
      7374.00  1.052170E+01
      7376.00  1.047640E+01
      7378.00  1.044720E+01
      7380.00  1.042930E+01
      7382.00  1.042900E+01
      7384.00  1.042170E+01
      7386.00  1.040860E+01
      7388.00  1.040990E+01
      7390.00  1.045190E+01
      7392.00  1.046610E+01
      7394.00  1.038840E+01
      7396.00  1.025200E+01
      7398.00  1.017710E+01
      7400.00  1.012490E+01
      7402.00  1.008640E+01
      7404.00  1.007110E+01
      7406.00  1.005920E+01
      7408.00  1.005480E+01
      7410.00  1.004720E+01
      7412.00  9.999140E+00
      7414.00  9.894910E+00
      7416.00  9.904010E+00
      7418.00  1.000400E+01
      7420.00  1.010040E+01
      7422.00  1.023720E+01
      7424.00  1.033620E+01
      7426.00  1.032580E+01
      7428.00  1.024220E+01
      7430.00  1.015500E+01
      7432.00  9.992760E+00
      7434.00  9.914910E+00
      7436.00  9.874150E+00
      7438.00  9.882710E+00
      7440.00  9.958370E+00
      7442.00  1.007240E+01
      7444.00  1.017500E+01
      7446.00  1.030370E+01
      7448.00  1.036010E+01
      7450.00  1.034900E+01
      7452.00  1.035060E+01
      7454.00  1.036010E+01
      7456.00  1.036700E+01
      7458.00  1.037600E+01
      7460.00  1.038440E+01
      7462.00  1.033180E+01
      7464.00  1.021170E+01
      7466.00  1.011630E+01
      7468.00  1.001120E+01
      7470.00  9.923140E+00
      7472.00  9.861190E+00
      7474.00  9.814630E+00
      7476.00  9.769180E+00
      7478.00  9.721720E+00
      7480.00  9.720060E+00
      7482.00  9.757570E+00
      7484.00  9.808600E+00
      7486.00  9.892380E+00
      7488.00  9.970430E+00
      7490.00  1.000480E+01
      7492.00  1.001450E+01
      7494.00  1.005990E+01
      7496.00  1.015000E+01
      7498.00  1.018480E+01
      7500.00  1.020720E+01
      7502.00  1.017190E+01
      7504.00  1.004510E+01
      7506.00  9.876760E+00
      7508.00  9.754910E+00
      7510.00  9.640640E+00
      7512.00  9.557480E+00
      7514.00  9.507620E+00
      7516.00  9.461710E+00
      7518.00  9.432680E+00
      7520.00  9.397780E+00
      7522.00  9.323470E+00
      7524.00  9.226500E+00
      7526.00  9.220420E+00
      7528.00  9.293670E+00
      7530.00  9.353880E+00
      7532.00  9.449090E+00
      7534.00  9.514190E+00
      7536.00  9.526640E+00
      7538.00  9.513030E+00
      7540.00  9.505950E+00
      7542.00  9.497320E+00
      7544.00  9.461810E+00
      7546.00  9.398480E+00
      7548.00  9.334500E+00
      7550.00  9.250550E+00
      7552.00  9.184970E+00
      7554.00  9.181780E+00
      7556.00  9.219430E+00
      7558.00  9.194190E+00
      7560.00  9.123760E+00
      7562.00  9.068330E+00
      7564.00  8.997040E+00
      7566.00  8.951240E+00
      7568.00  8.964710E+00
      7570.00  8.987470E+00
      7572.00  8.918660E+00
      7574.00  8.762170E+00
      7576.00  8.707680E+00
      7578.00  8.709120E+00
      7580.00  8.726450E+00
      7582.00  8.768500E+00
      7584.00  8.824680E+00
      7586.00  8.892170E+00
      7588.00  8.972460E+00
      7590.00  9.004930E+00
      7592.00  9.066530E+00
      7594.00  9.078880E+00
      7596.00  9.091230E+00
      7598.00  9.103570E+00
      7600.00  9.115920E+00
      7602.00  9.128270E+00
      7604.00  9.140610E+00
      7606.00  9.152960E+00
      7608.00  9.165300E+00
      7610.00  9.177650E+00
      7612.00  9.190000E+00
      7614.00  9.202340E+00
      7616.00  9.202340E+00
      7618.00  9.179400E+00
      7620.00  8.990480E+00
      7622.00  8.870100E+00
      7624.00  8.669980E+00
      7626.00  8.617670E+00
      7628.00  8.717630E+00
      7630.00  8.794700E+00
      7632.00  8.812110E+00
      7634.00  8.798400E+00
      7636.00  8.741790E+00
      7638.00  8.629120E+00
      7640.00  8.553370E+00
      7642.00  8.512310E+00
      7644.00  8.424110E+00
      7646.00  8.289240E+00
      7648.00  8.126350E+00
      7650.00  7.931430E+00
      7652.00  7.705690E+00
      7654.00  7.555880E+00
      7656.00  7.446130E+00
      7658.00  7.374210E+00
      7660.00  7.357360E+00
      7662.00  7.349870E+00
      7664.00  7.349280E+00
      7666.00  7.350580E+00
      7668.00  7.321870E+00
      7670.00  7.270450E+00
      7672.00  7.222890E+00
      7674.00  7.142700E+00
      7676.00  7.116400E+00
      7678.00  7.163190E+00
      7680.00  7.217950E+00
      7682.00  7.232850E+00
      7684.00  7.230820E+00
      7686.00  7.226490E+00
      7688.00  7.180030E+00
      7690.00  7.207970E+00
      7692.00  7.303450E+00
      7694.00  7.403020E+00
      7696.00  7.491670E+00
      7698.00  7.582050E+00
      7700.00  7.677150E+00
      7702.00  7.778820E+00
      7704.00  7.871550E+00
      7706.00  7.954010E+00
      7708.00  8.045010E+00
      7710.00  8.159950E+00
      7712.00  8.258770E+00
      7714.00  8.305090E+00
      7716.00  8.315880E+00
      7718.00  8.335690E+00
      7720.00  8.337960E+00
      7722.00  8.360590E+00
      7724.00  8.385870E+00
      7726.00  8.435700E+00
      7728.00  8.511660E+00
      7730.00  8.615790E+00
      7732.00  8.766000E+00
      7734.00  8.970430E+00
      7736.00  9.152100E+00
      7738.00  9.360780E+00
      7740.00  9.517290E+00
      7742.00  9.615100E+00
      7744.00  9.687200E+00
      7746.00  9.747350E+00
      7748.00  9.788080E+00
      7750.00  9.871280E+00
      7752.00  1.001050E+01
      7754.00  1.009000E+01
      7756.00  1.012910E+01
      7758.00  1.015560E+01
      7760.00  1.016010E+01
      7762.00  1.016370E+01
      7764.00  1.023120E+01
      7766.00  1.035600E+01
      7768.00  1.044440E+01
      7770.00  1.054880E+01
      7772.00  1.059800E+01
      7774.00  1.057020E+01
      7776.00  1.053140E+01
      7778.00  1.052590E+01
      7780.00  1.053180E+01
      7782.00  1.059200E+01
      7784.00  1.073380E+01
      7786.00  1.081690E+01
      7788.00  1.093740E+01
      7790.00  1.093040E+01
      7792.00  1.068150E+01
      7794.00  1.034400E+01
      7796.00  1.021150E+01
      7798.00  1.018780E+01
      7800.00  1.018550E+01
      7802.00  1.027730E+01
      7804.00  1.032370E+01
      7806.00  1.033090E+01
      7808.00  1.031490E+01
      7810.00  1.027340E+01
      7812.00  1.020670E+01
      7814.00  1.015900E+01
      7816.00  1.010020E+01
      7818.00  1.008060E+01
      7820.00  1.009260E+01
      7822.00  1.012240E+01
      7824.00  1.019740E+01
      7826.00  1.026960E+01
      7828.00  1.020840E+01
      7830.00  1.002380E+01
      7832.00  9.916790E+00
      7834.00  9.814590E+00
      7836.00  9.749640E+00
      7838.00  9.758170E+00
      7840.00  9.750090E+00
      7842.00  9.635640E+00
      7844.00  9.454490E+00
      7846.00  9.346420E+00
      7848.00  9.223730E+00
      7850.00  9.220290E+00
      7852.00  9.379580E+00
      7854.00  9.492010E+00
      7856.00  9.478360E+00
      7858.00  9.422330E+00
      7860.00  9.430640E+00
      7862.00  9.467120E+00
      7864.00  9.507130E+00
      7866.00  9.581280E+00
      7868.00  9.619540E+00
      7870.00  9.624620E+00
      7872.00  9.604680E+00
      7874.00  9.547970E+00
      7876.00  9.457380E+00
      7878.00  9.447260E+00
      7880.00  9.536660E+00
      7882.00  9.533070E+00
      7884.00  9.466850E+00
      7886.00  9.385760E+00
      7888.00  9.287900E+00
      7890.00  9.186240E+00
      7892.00  9.137500E+00
      7894.00  9.134160E+00
      7896.00  9.106130E+00
      7898.00  9.076190E+00
      7900.00  9.040830E+00
      7902.00  8.974220E+00
      7904.00  8.936120E+00
      7906.00  9.002160E+00
      7908.00  9.142110E+00
      7910.00  9.143990E+00
      7912.00  9.023210E+00
      7914.00  8.967470E+00
      7916.00  8.931990E+00
      7918.00  8.912220E+00
      7920.00  8.904920E+00
      7922.00  8.915090E+00
      7924.00  8.962530E+00
      7926.00  9.082400E+00
      7928.00  9.066920E+00
      7930.00  8.928820E+00
      7932.00  8.824130E+00
      7934.00  8.738820E+00
      7936.00  8.674550E+00
      7938.00  8.646490E+00
      7940.00  8.647890E+00
      7942.00  8.665050E+00
      7944.00  8.703310E+00
      7946.00  8.760320E+00
      7948.00  8.873200E+00
      7950.00  8.942940E+00
      7952.00  8.926000E+00
      7954.00  8.869510E+00
      7956.00  8.839430E+00
      7958.00  8.789240E+00
      7960.00  8.821200E+00
      7962.00  8.955300E+00
      7964.00  9.035220E+00
      7966.00  9.061980E+00
      7968.00  9.062810E+00
      7970.00  9.050120E+00
      7972.00  9.018350E+00
      7974.00  8.958820E+00
      7976.00  8.872880E+00
      7978.00  8.765780E+00
      7980.00  8.595690E+00
      7982.00  8.472280E+00
      7984.00  8.431680E+00
      7986.00  8.441810E+00
      7988.00  8.480910E+00
      7990.00  8.579650E+00
      7992.00  8.631180E+00
      7994.00  8.657020E+00
      7996.00  8.691660E+00
      7998.00  8.723450E+00
      8000.00  8.772480E+00
      8002.00  8.880020E+00
      8004.00  9.032710E+00
      8006.00  9.048240E+00
      8008.00  8.943450E+00
      8010.00  8.866800E+00
      8012.00  8.758470E+00
      8014.00  8.682520E+00
      8016.00  8.676070E+00
      8018.00  8.696100E+00
      8020.00  8.665180E+00
      8022.00  8.611340E+00
      8024.00  8.542100E+00
      8026.00  8.416840E+00
      8028.00  8.351590E+00
      8030.00  8.369040E+00
      8032.00  8.397070E+00
      8034.00  8.379610E+00
      8036.00  8.342470E+00
      8038.00  8.295440E+00
      8040.00  8.213210E+00
      8042.00  8.168650E+00
      8044.00  8.121550E+00
      8046.00  8.132830E+00
      8048.00  8.255370E+00
      8050.00  8.420760E+00
      8052.00  8.478240E+00
      8054.00  8.469110E+00
      8056.00  8.470070E+00
      8058.00  8.448390E+00
      8060.00  8.431820E+00
      8062.00  8.408370E+00
      8064.00  8.400340E+00
      8066.00  8.440630E+00
      8068.00  8.517390E+00
      8070.00  8.537550E+00
      8072.00  8.549060E+00
      8074.00  8.497130E+00
      8076.00  8.357450E+00
      8078.00  8.230920E+00
      8080.00  8.152520E+00
      8082.00  8.091550E+00
      8084.00  8.018400E+00
      8086.00  7.929230E+00
      8088.00  7.894780E+00
      8090.00  7.942700E+00
      8092.00  7.923790E+00
      8094.00  7.790120E+00
      8096.00  7.674840E+00
      8098.00  7.696650E+00
      8100.00  7.803980E+00
      8102.00  7.908880E+00
      8104.00  8.102700E+00
      8106.00  8.181360E+00
      8108.00  8.149770E+00
      8110.00  8.125700E+00
      8112.00  8.151630E+00
      8114.00  8.189090E+00
      8116.00  8.198580E+00
      8118.00  8.203540E+00
      8120.00  8.164950E+00
      8122.00  8.041530E+00
      8124.00  7.994050E+00
      8126.00  8.053730E+00
      8128.00  8.124160E+00
      8130.00  8.125320E+00
      8132.00  8.092290E+00
      8134.00  8.070830E+00
      8136.00  8.042110E+00
      8138.00  8.017470E+00
      8140.00  7.994750E+00
      8142.00  7.972570E+00
      8144.00  7.949980E+00
      8146.00  7.928170E+00
      8148.00  7.909950E+00
      8150.00  7.895360E+00
      8152.00  7.879320E+00
      8154.00  7.868950E+00
      8156.00  7.847490E+00
      8158.00  7.792280E+00
      8160.00  7.756770E+00
      8162.00  7.803680E+00
      8164.00  7.909870E+00
      8166.00  7.944170E+00
      8168.00  7.955080E+00
      8170.00  7.928040E+00
      8172.00  7.838590E+00
      8174.00  7.761530E+00
      8176.00  7.716590E+00
      8178.00  7.692000E+00
      8180.00  7.699870E+00
      8182.00  7.741380E+00
      8184.00  7.790140E+00
      8186.00  7.874490E+00
      8188.00  7.933380E+00
      8190.00  7.969000E+00
      8192.00  7.985750E+00
      8194.00  7.977120E+00
      8196.00  7.943910E+00
      8198.00  7.933440E+00
      8200.00  7.921730E+00
      8202.00  7.935470E+00
      8204.00  7.984670E+00
      8206.00  8.025780E+00
      8208.00  8.041540E+00
      8210.00  8.047470E+00
      8212.00  8.062480E+00
      8214.00  8.084060E+00
      8216.00  8.091030E+00
      8218.00  8.110190E+00
      8220.00  8.080410E+00
      8222.00  7.983750E+00
      8224.00  7.869250E+00
      8226.00  7.777530E+00
      8228.00  7.689690E+00
      8230.00  7.611160E+00
      8232.00  7.526940E+00
      8234.00  7.480420E+00
      8236.00  7.477310E+00
      8238.00  7.475370E+00
      8240.00  7.452160E+00
      8242.00  7.431210E+00
      8244.00  7.457060E+00
      8246.00  7.526850E+00
      8248.00  7.577460E+00
      8250.00  7.655410E+00
      8252.00  7.678840E+00
      8254.00  7.638310E+00
      8256.00  7.566510E+00
      8258.00  7.485090E+00
      8260.00  7.383120E+00
      8262.00  7.281000E+00
      8264.00  7.164210E+00
      8266.00  7.058030E+00
      8268.00  6.967860E+00
      8270.00  6.863710E+00
      8272.00  6.720980E+00
      8274.00  6.569180E+00
      8276.00  6.481350E+00
      8278.00  6.466150E+00
      8280.00  6.361230E+00
      8282.00  6.191560E+00
      8284.00  6.030970E+00
      8286.00  5.870680E+00
      8288.00  5.720040E+00
      8290.00  5.602870E+00
      8292.00  5.512080E+00
      8294.00  5.376190E+00
      8296.00  5.199940E+00
      8298.00  5.046410E+00
      8300.00  4.913740E+00
      8302.00  4.768240E+00
      8304.00  4.577140E+00
      8306.00  4.381150E+00
      8308.00  4.285820E+00
      8310.00  4.288320E+00
      8312.00  4.224170E+00
      8314.00  4.131330E+00
      8316.00  4.046400E+00
      8318.00  3.968660E+00
      8320.00  3.894870E+00
      8322.00  3.826960E+00
      8324.00  3.764840E+00
      8326.00  3.694130E+00
      8328.00  3.614770E+00
      8330.00  3.542760E+00
      8332.00  3.477940E+00
      8334.00  3.411010E+00
      8336.00  3.338220E+00
      8338.00  3.262810E+00
      8340.00  3.188090E+00
      8342.00  3.108360E+00
      8344.00  3.043310E+00
      8346.00  2.992000E+00
      8348.00  2.939240E+00
      8350.00  2.883720E+00
      8352.00  2.830250E+00
      8354.00  2.779900E+00
      8356.00  2.730960E+00
      8358.00  2.705030E+00
      8360.00  2.708900E+00
      8362.00  2.696640E+00
      8364.00  2.673520E+00
      8366.00  2.653170E+00
      8368.00  2.640810E+00
      8370.00  2.631990E+00
      8372.00  2.621580E+00
      8374.00  2.613210E+00
      8376.00  2.599450E+00
      8378.00  2.578740E+00
      8380.00  2.562480E+00
      8382.00  2.548850E+00
      8384.00  2.540470E+00
      8386.00  2.540530E+00
      8388.00  2.547210E+00
      8390.00  2.567120E+00
      8392.00  2.611470E+00
      8394.00  2.636300E+00
      8396.00  2.642730E+00
      8398.00  2.654020E+00
      8400.00  2.671980E+00
      8402.00  2.699760E+00
      8404.00  2.763360E+00
      8406.00  2.860230E+00
      8408.00  2.958970E+00
      8410.00  3.071540E+00
      8412.00  3.190720E+00
      8414.00  3.324450E+00
      8416.00  3.456130E+00
      8418.00  3.564920E+00
      8420.00  3.658300E+00
      8422.00  3.767540E+00
      8424.00  3.875670E+00
      8426.00  4.004190E+00
      8428.00  4.181590E+00
      8430.00  4.319670E+00
      8432.00  4.377700E+00
      8434.00  4.391470E+00
      8436.00  4.408880E+00
      8438.00  4.384980E+00
      8440.00  4.436710E+00
      8442.00  4.556210E+00
      8444.00  4.660880E+00
      8446.00  4.766010E+00
      8448.00  4.847360E+00
      8450.00  4.852320E+00
      8452.00  4.792610E+00
      8454.00  4.855950E+00
      8456.00  5.004790E+00
      8458.00  5.157640E+00
      8460.00  5.349440E+00
      8462.00  5.535640E+00
      8464.00  5.717470E+00
      8466.00  5.880540E+00
      8468.00  5.938470E+00
      8470.00  5.872430E+00
      8472.00  5.902470E+00
      8474.00  5.982150E+00
      8476.00  6.050760E+00
      8478.00  6.097950E+00
      8480.00  6.152770E+00
      8482.00  6.244520E+00
      8484.00  6.363890E+00
      8486.00  6.452760E+00
      8488.00  6.525000E+00
      8490.00  6.598430E+00
      8492.00  6.666110E+00
      8494.00  6.736020E+00
      8496.00  6.815960E+00
      8498.00  6.897090E+00
      8500.00  6.957020E+00
      8502.00  7.004870E+00
      8504.00  7.037400E+00
      8506.00  7.035850E+00
      8508.00  7.059040E+00
      8510.00  7.111340E+00
      8512.00  7.177300E+00
      8514.00  7.250010E+00
      8516.00  7.334490E+00
      8518.00  7.402430E+00
      8520.00  7.471440E+00
      8522.00  7.514660E+00
      8524.00  7.526330E+00
      8526.00  7.537120E+00
      8528.00  7.549030E+00
      8530.00  7.567290E+00
      8532.00  7.634710E+00
      8534.00  7.759860E+00
      8536.00  7.838540E+00
      8538.00  7.936150E+00
      8540.00  7.952020E+00
      8542.00  7.834750E+00
      8544.00  7.705550E+00
      8546.00  7.679950E+00
      8548.00  7.704800E+00
      8550.00  7.802800E+00
      8552.00  8.029960E+00
      8554.00  8.178910E+00
      8556.00  8.254900E+00
      8558.00  8.362650E+00
      8560.00  8.547300E+00
      8562.00  8.772030E+00
      8564.00  8.992410E+00
      8566.00  9.254350E+00
      8568.00  9.433920E+00
      8570.00  9.525940E+00
      8572.00  9.657370E+00
      8574.00  9.833460E+00
      8576.00  1.003130E+01
      8578.00  1.024690E+01
      8580.00  1.048620E+01
      8582.00  1.069010E+01
      8584.00  1.086470E+01
      8586.00  1.105430E+01
      8588.00  1.126910E+01
      8590.00  1.145700E+01
      8592.00  1.159340E+01
      8594.00  1.169850E+01
      8596.00  1.179730E+01
      8598.00  1.184810E+01
      8600.00  1.198660E+01
      8602.00  1.219660E+01
      8604.00  1.240470E+01
      8606.00  1.260410E+01
      8608.00  1.281560E+01
      8610.00  1.304910E+01
      8612.00  1.329700E+01
      8614.00  1.360130E+01
      8616.00  1.394510E+01
      8618.00  1.433780E+01
      8620.00  1.484970E+01
      8622.00  1.529100E+01
      8624.00  1.556820E+01
      8626.00  1.575870E+01
      8628.00  1.597790E+01
      8630.00  1.620100E+01
      8632.00  1.635260E+01
      8634.00  1.642420E+01
      8636.00  1.650850E+01
      8638.00  1.663210E+01
      8640.00  1.673000E+01
      8642.00  1.674180E+01
      8644.00  1.669460E+01
      8646.00  1.658440E+01
      8648.00  1.636120E+01
      8650.00  1.619210E+01
      8652.00  1.598220E+01
      8654.00  1.588730E+01
      8656.00  1.600000E+01
      8658.00  1.623770E+01
      8660.00  1.644340E+01
      8662.00  1.667590E+01
      8664.00  1.693280E+01
      8666.00  1.729570E+01
      8668.00  1.752470E+01
      8670.00  1.762170E+01
      8672.00  1.760070E+01
      8674.00  1.741510E+01
      8676.00  1.705860E+01
      8678.00  1.687400E+01
      8680.00  1.681760E+01
      8682.00  1.666330E+01
      8684.00  1.637480E+01
      8686.00  1.617180E+01
      8688.00  1.615940E+01
      8690.00  1.625340E+01
      8692.00  1.633630E+01
      8694.00  1.648090E+01
      8696.00  1.656660E+01
      8698.00  1.665960E+01
      8700.00  1.667130E+01
      8702.00  1.656310E+01
      8704.00  1.642370E+01
      8706.00  1.634950E+01
      8708.00  1.630500E+01
      8710.00  1.620540E+01
      8712.00  1.610190E+01
      8714.00  1.591910E+01
      8716.00  1.561230E+01
      8718.00  1.533950E+01
      8720.00  1.519990E+01
      8722.00  1.510270E+01
      8724.00  1.484570E+01
      8726.00  1.442890E+01
      8728.00  1.415830E+01
      8730.00  1.395060E+01
      8732.00  1.377940E+01
      8734.00  1.366800E+01
      8736.00  1.356840E+01
      8738.00  1.341220E+01
      8740.00  1.322010E+01
      8742.00  1.310670E+01
      8744.00  1.302670E+01
      8746.00  1.300450E+01
      8748.00  1.305650E+01
      8750.00  1.312710E+01
      8752.00  1.320100E+01
      8754.00  1.328360E+01
      8756.00  1.334760E+01
      8758.00  1.343500E+01
      8760.00  1.341640E+01
      8762.00  1.331420E+01
      8764.00  1.317750E+01
      8766.00  1.298710E+01
      8768.00  1.278070E+01
      8770.00  1.261870E+01
      8772.00  1.248470E+01
      8774.00  1.226020E+01
      8776.00  1.194740E+01
      8778.00  1.166590E+01
      8780.00  1.136020E+01
      8782.00  1.111060E+01
      8784.00  1.095750E+01
      8786.00  1.087110E+01
      8788.00  1.081730E+01
      8790.00  1.082370E+01
      8792.00  1.082980E+01
      8794.00  1.087450E+01
      8796.00  1.089640E+01
      8798.00  1.089300E+01
      8800.00  1.087330E+01
      8802.00  1.083980E+01
      8804.00  1.079160E+01
      8806.00  1.072750E+01
      8808.00  1.065540E+01
      8810.00  1.055080E+01
      8812.00  1.039020E+01
      8814.00  1.024760E+01
      8816.00  1.015570E+01
      8818.00  1.009190E+01
      8820.00  1.004130E+01
      8822.00  1.004550E+01
      8824.00  9.959190E+00
      8826.00  9.784350E+00
      8828.00  9.643640E+00
      8830.00  9.566480E+00
      8832.00  9.484550E+00
      8834.00  9.319300E+00
      8836.00  9.089790E+00
      8838.00  8.966840E+00
      8840.00  8.933650E+00
      8842.00  8.862960E+00
      8844.00  8.785060E+00
      8846.00  8.688350E+00
      8848.00  8.550570E+00
      8850.00  8.396100E+00
      8852.00  8.307280E+00
      8854.00  8.294600E+00
      8856.00  8.195170E+00
      8858.00  8.013560E+00
      8860.00  7.880260E+00
      8862.00  7.834930E+00
      8864.00  7.788110E+00
      8866.00  7.641290E+00
      8868.00  7.426500E+00
      8870.00  7.262810E+00
      8872.00  7.085750E+00
      8874.00  6.977430E+00
      8876.00  6.927360E+00
      8878.00  6.919940E+00
      8880.00  6.959200E+00
      8882.00  7.036460E+00
      8884.00  7.105690E+00
      8886.00  7.194450E+00
      8888.00  7.260360E+00
      8890.00  7.292190E+00
      8892.00  7.360350E+00
      8894.00  7.493240E+00
      8896.00  7.628380E+00
      8898.00  7.694670E+00
      8900.00  7.716540E+00
      8902.00  7.763190E+00
      8904.00  7.834860E+00
      8906.00  7.857520E+00
      8908.00  7.827500E+00
      8910.00  7.792470E+00
      8912.00  7.771330E+00
      8914.00  7.752480E+00
      8916.00  7.734400E+00
      8918.00  7.710930E+00
      8920.00  7.708650E+00
      8922.00  7.728920E+00
      8924.00  7.744350E+00
      8926.00  7.769310E+00
      8928.00  7.774640E+00
      8930.00  7.707760E+00
      8932.00  7.576830E+00
      8934.00  7.535340E+00
      8936.00  7.535070E+00
      8938.00  7.569490E+00
      8940.00  7.685780E+00
      8942.00  7.765500E+00
      8944.00  7.748670E+00
      8946.00  7.677900E+00
      8948.00  7.602190E+00
      8950.00  7.472520E+00
      8952.00  7.410940E+00
      8954.00  7.390910E+00
      8956.00  7.383050E+00
      8958.00  7.398140E+00
      8960.00  7.414560E+00
      8962.00  7.397340E+00
      8964.00  7.357110E+00
      8966.00  7.340110E+00
      8968.00  7.336680E+00
      8970.00  7.329170E+00
      8972.00  7.313910E+00
      8974.00  7.309310E+00
      8976.00  7.324600E+00
      8978.00  7.353170E+00
      8980.00  7.388800E+00
      8982.00  7.474370E+00
      8984.00  7.451250E+00
      8986.00  7.317600E+00
      8988.00  7.217880E+00
      8990.00  7.168530E+00
      8992.00  7.131710E+00
      8994.00  7.075120E+00
      8996.00  7.004020E+00
      8998.00  7.005830E+00
      9000.00  7.109870E+00
      9002.00  7.129670E+00
      9004.00  7.078510E+00
      9006.00  7.015550E+00
      9008.00  6.958700E+00
      9010.00  6.900100E+00
      9012.00  6.864030E+00
      9014.00  6.861300E+00
      9016.00  6.815530E+00
      9018.00  6.720240E+00
      9020.00  6.661180E+00
      9022.00  6.663140E+00
      9024.00  6.672970E+00
      9026.00  6.634490E+00
      9028.00  6.568580E+00
      9030.00  6.507740E+00
      9032.00  6.448590E+00
      9034.00  6.367860E+00
      9036.00  6.246790E+00
      9038.00  6.145040E+00
      9040.00  6.085670E+00
      9042.00  6.056740E+00
      9044.00  6.073800E+00
      9046.00  6.150230E+00
      9048.00  6.212430E+00
      9050.00  6.284100E+00
      9052.00  6.360240E+00
      9054.00  6.454720E+00
      9056.00  6.538930E+00
      9058.00  6.563230E+00
      9060.00  6.533180E+00
      9062.00  6.601350E+00
      9064.00  6.748700E+00
      9066.00  6.876490E+00
      9068.00  7.040670E+00
      9070.00  7.146220E+00
      9072.00  7.120680E+00
      9074.00  7.024440E+00
      9076.00  7.010190E+00
      9078.00  7.039810E+00
      9080.00  7.046290E+00
      9082.00  7.044880E+00
      9084.00  7.049430E+00
      9086.00  7.072570E+00
      9088.00  7.088150E+00
      9090.00  7.064390E+00
      9092.00  7.014410E+00
      9094.00  6.942790E+00
      9096.00  6.840950E+00
      9098.00  6.731640E+00
      9100.00  6.571220E+00
      9102.00  6.460330E+00
      9104.00  6.464840E+00
      9106.00  6.533790E+00
      9108.00  6.558430E+00
      9110.00  6.575390E+00
      9112.00  6.595740E+00
      9114.00  6.644620E+00
      9116.00  6.639110E+00
      9118.00  6.539390E+00
      9120.00  6.427660E+00
      9122.00  6.401850E+00
      9124.00  6.426350E+00
      9126.00  6.442910E+00
      9128.00  6.482390E+00
      9130.00  6.506570E+00
      9132.00  6.533570E+00
      9134.00  6.535440E+00
      9136.00  6.504130E+00
      9138.00  6.441000E+00
      9140.00  6.312060E+00
      9142.00  6.049480E+00
      9144.00  5.957900E+00
      9146.00  5.978190E+00
      9148.00  6.018230E+00
      9150.00  6.110200E+00
      9152.00  6.188240E+00
      9154.00  6.141020E+00
      9156.00  6.003460E+00
      9158.00  5.890320E+00
      9160.00  5.712090E+00
      9162.00  5.636240E+00
      9164.00  5.669090E+00
      9166.00  5.715000E+00
      9168.00  5.741270E+00
      9170.00  5.762090E+00
      9172.00  5.730510E+00
      9174.00  5.600650E+00
      9176.00  5.610310E+00
      9178.00  5.706130E+00
      9180.00  5.837430E+00
      9182.00  6.030280E+00
      9184.00  6.231240E+00
      9186.00  6.363260E+00
      9188.00  6.463050E+00
      9190.00  6.495300E+00
      9192.00  6.421690E+00
      9194.00  6.401720E+00
      9196.00  6.400110E+00
      9198.00  6.431720E+00
      9200.00  6.512270E+00
      9202.00  6.629580E+00
      9204.00  6.755160E+00
      9206.00  6.918450E+00
      9208.00  7.047540E+00
      9210.00  7.163830E+00
      9212.00  7.267310E+00
      9214.00  7.345260E+00
      9216.00  7.423570E+00
      9218.00  7.547020E+00
      9220.00  7.711120E+00
      9222.00  7.787590E+00
      9224.00  7.804470E+00
      9226.00  7.805170E+00
      9228.00  7.782070E+00
      9230.00  7.734340E+00
      9232.00  7.653440E+00
      9234.00  7.549510E+00
      9236.00  7.472750E+00
      9238.00  7.390000E+00
      9240.00  7.357490E+00
      9242.00  7.357420E+00
      9244.00  7.392920E+00
      9246.00  7.481190E+00
      9248.00  7.587390E+00
      9250.00  7.665590E+00
      9252.00  7.736560E+00
      9254.00  7.788820E+00
      9256.00  7.833570E+00
      9258.00  7.846940E+00
      9260.00  7.818640E+00
      9262.00  7.785700E+00
      9264.00  7.769930E+00
      9266.00  7.756270E+00
      9268.00  7.718000E+00
      9270.00  7.639790E+00
      9272.00  7.614520E+00
      9274.00  7.643810E+00
      9276.00  7.643020E+00
      9278.00  7.603420E+00
      9280.00  7.541030E+00
      9282.00  7.460190E+00
      9284.00  7.355530E+00
      9286.00  7.257240E+00
      9288.00  7.123490E+00
      9290.00  7.056680E+00
      9292.00  7.063130E+00
      9294.00  7.080340E+00
      9296.00  7.080330E+00
      9298.00  7.079020E+00
      9300.00  7.076190E+00
      9302.00  7.063530E+00
      9304.00  7.072140E+00
      9306.00  7.102750E+00
      9308.00  7.126540E+00
      9310.00  7.150990E+00
      9312.00  7.160320E+00
      9314.00  7.129720E+00
      9316.00  7.073680E+00
      9318.00  6.958360E+00
      9320.00  6.738640E+00
      9322.00  6.593480E+00
      9324.00  6.494570E+00
      9326.00  6.433070E+00
      9328.00  6.444330E+00
      9330.00  6.489150E+00
      9332.00  6.361830E+00
      9334.00  6.044490E+00
      9336.00  5.875640E+00
      9338.00  5.718360E+00
      9340.00  5.678460E+00
      9342.00  5.809860E+00
      9344.00  6.007440E+00
      9346.00  6.157170E+00
      9348.00  6.329680E+00
      9350.00  6.337840E+00
      9352.00  6.108580E+00
      9354.00  6.067650E+00
      9356.00  6.191180E+00
      9358.00  6.350360E+00
      9360.00  6.518500E+00
      9362.00  6.696290E+00
      9364.00  6.724850E+00
      9366.00  6.562220E+00
      9368.00  6.571430E+00
      9370.00  6.696650E+00
      9372.00  6.788690E+00
      9374.00  6.848380E+00
      9376.00  6.868990E+00
      9378.00  6.785040E+00
      9380.00  6.578790E+00
      9382.00  6.617950E+00
      9384.00  6.883950E+00
      9386.00  7.057910E+00
      9388.00  7.241630E+00
      9390.00  7.318710E+00
      9392.00  7.167300E+00
      9394.00  6.884260E+00
      9396.00  6.789690E+00
      9398.00  6.792690E+00
      9400.00  6.805770E+00
      9402.00  6.937290E+00
      9404.00  6.949390E+00
      9406.00  6.746850E+00
      9408.00  6.510160E+00
      9410.00  6.459320E+00
      9412.00  6.514550E+00
      9414.00  6.576780E+00
      9416.00  6.769640E+00
      9418.00  6.801300E+00
      9420.00  6.651040E+00
      9422.00  6.497500E+00
      9424.00  6.416320E+00
      9426.00  6.369370E+00
      9428.00  6.405300E+00
      9430.00  6.566210E+00
      9432.00  6.636100E+00
      9434.00  6.674060E+00
      9436.00  6.693800E+00
      9438.00  6.681960E+00
      9440.00  6.665650E+00
      9442.00  6.698560E+00
      9444.00  6.778660E+00
      9446.00  6.745060E+00
      9448.00  6.590580E+00
      9450.00  6.502780E+00
      9452.00  6.454060E+00
      9454.00  6.433280E+00
      9456.00  6.458400E+00
      9458.00  6.510180E+00
      9460.00  6.476820E+00
      9462.00  6.328920E+00
      9464.00  6.317120E+00
      9466.00  6.422690E+00
      9468.00  6.486570E+00
      9470.00  6.509560E+00
      9472.00  6.482390E+00
      9474.00  6.337310E+00
      9476.00  6.063840E+00
      9478.00  5.962950E+00
      9480.00  5.934470E+00
      9482.00  5.989040E+00
      9484.00  6.215190E+00
      9486.00  6.386760E+00
      9488.00  6.328890E+00
      9490.00  6.165710E+00
      9492.00  6.238020E+00
      9494.00  6.570130E+00
      9496.00  6.636970E+00
      9498.00  6.489610E+00
      9500.00  6.426480E+00
      9502.00  6.516900E+00
      9504.00  6.640090E+00
      9506.00  6.675400E+00
      9508.00  6.666620E+00
      9510.00  6.663060E+00
      9512.00  6.648360E+00
      9514.00  6.624140E+00
      9516.00  6.565800E+00
      9518.00  6.534160E+00
      9520.00  6.574050E+00
      9522.00  6.654880E+00
      9524.00  6.701900E+00
      9526.00  6.768860E+00
      9528.00  6.759030E+00
      9530.00  6.631890E+00
      9532.00  6.585570E+00
      9534.00  6.691780E+00
      9536.00  6.821150E+00
      9538.00  6.815470E+00
      9540.00  6.729500E+00
      9542.00  6.645960E+00
      9544.00  6.479150E+00
      9546.00  6.416580E+00
      9548.00  6.507530E+00
      9550.00  6.551610E+00
      9552.00  6.400970E+00
      9554.00  6.157660E+00
      9556.00  6.099590E+00
      9558.00  6.183370E+00
      9560.00  6.210790E+00
      9562.00  6.258680E+00
      9564.00  6.274170E+00
      9566.00  6.248690E+00
      9568.00  6.195700E+00
      9570.00  6.126280E+00
      9572.00  6.040100E+00
      9574.00  5.905450E+00
      9576.00  5.631550E+00
      9578.00  5.538160E+00
      9580.00  5.670880E+00
      9582.00  5.785750E+00
      9584.00  5.732900E+00
      9586.00  5.606150E+00
      9588.00  5.569820E+00
      9590.00  5.558670E+00
      9592.00  5.596560E+00
      9594.00  5.753740E+00
      9596.00  5.809010E+00
      9598.00  5.674550E+00
      9600.00  5.506660E+00
      9602.00  5.505330E+00
      9604.00  5.604630E+00
      9606.00  5.681330E+00
      9608.00  5.778720E+00
      9610.00  5.884790E+00
      9612.00  6.030480E+00
      9614.00  6.143700E+00
      9616.00  6.182180E+00
      9618.00  6.169850E+00
      9620.00  6.119790E+00
      9622.00  5.975270E+00
      9624.00  5.919880E+00
      9626.00  5.934330E+00
      9628.00  5.919410E+00
      9630.00  5.842290E+00
      9632.00  5.759590E+00
      9634.00  5.741460E+00
      9636.00  5.768060E+00
      9638.00  5.773300E+00
      9640.00  5.726720E+00
      9642.00  5.791510E+00
      9644.00  6.040350E+00
      9646.00  6.228110E+00
      9648.00  6.168630E+00
      9650.00  5.985760E+00
      9652.00  6.021320E+00
      9654.00  6.264500E+00
      9656.00  6.327400E+00
      9658.00  6.310500E+00
      9660.00  6.252330E+00
      9662.00  6.129600E+00
      9664.00  5.990280E+00
      9666.00  5.923530E+00
      9668.00  5.902380E+00
      9670.00  5.857150E+00
      9672.00  5.788880E+00
      9674.00  5.764650E+00
      9676.00  5.757930E+00
      9678.00  5.808070E+00
      9680.00  5.963910E+00
      9682.00  6.189120E+00
      9684.00  6.330870E+00
      9686.00  6.483900E+00
      9688.00  6.506680E+00
      9690.00  6.387430E+00
      9692.00  6.278190E+00
      9694.00  6.199880E+00
      9696.00  6.124500E+00
      9698.00  6.030080E+00
      9700.00  5.896470E+00
      9702.00  5.929200E+00
      9704.00  6.189320E+00
      9706.00  6.277090E+00
      9708.00  6.193630E+00
      9710.00  6.090910E+00
      9712.00  6.037500E+00
      9714.00  5.998530E+00
      9716.00  6.004570E+00
      9718.00  6.122390E+00
      9720.00  6.082320E+00
      9722.00  5.863500E+00
      9724.00  5.750620E+00
      9726.00  5.827450E+00
      9728.00  5.957650E+00
      9730.00  5.993270E+00
      9732.00  6.002880E+00
      9734.00  5.931880E+00
      9736.00  5.706240E+00
      9738.00  5.614220E+00
      9740.00  5.646650E+00
      9742.00  5.716090E+00
      9744.00  5.796440E+00
      9746.00  5.896100E+00
      9748.00  5.922760E+00
      9750.00  5.856750E+00
      9752.00  5.879080E+00
      9754.00  5.983270E+00
      9756.00  6.036860E+00
      9758.00  6.011650E+00
      9760.00  5.949590E+00
      9762.00  5.876910E+00
      9764.00  5.760650E+00
      9766.00  5.753470E+00
      9768.00  5.841310E+00
      9770.00  5.915190E+00
      9772.00  6.049560E+00
      9774.00  6.102170E+00
      9776.00  5.931880E+00
      9778.00  5.633800E+00
      9780.00  5.556300E+00
      9782.00  5.659090E+00
      9784.00  5.657050E+00
      9786.00  5.578420E+00
      9788.00  5.580160E+00
      9790.00  5.743320E+00
      9792.00  5.928470E+00
      9794.00  5.933630E+00
      9796.00  5.815420E+00
      9798.00  5.749620E+00
      9800.00  5.664190E+00
      9802.00  5.609600E+00
      9804.00  5.591430E+00
      9806.00  5.577210E+00
      9808.00  5.541190E+00
      9810.00  5.500010E+00
      9812.00  5.508020E+00
      9814.00  5.581760E+00
      9816.00  5.598800E+00
      9818.00  5.581400E+00
      9820.00  5.568050E+00
      9822.00  5.572090E+00
      9824.00  5.572050E+00
      9826.00  5.534120E+00
      9828.00  5.453160E+00
      9830.00  5.455870E+00
      9832.00  5.548790E+00
      9834.00  5.584650E+00
      9836.00  5.586140E+00
      9838.00  5.551560E+00
      9840.00  5.460500E+00
      9842.00  5.328500E+00
      9844.00  5.246820E+00
      9846.00  5.139280E+00
      9848.00  5.156300E+00
      9850.00  5.341000E+00
      9852.00  5.446840E+00
      9854.00  5.390760E+00
      9856.00  5.304050E+00
      9858.00  5.364960E+00
      9860.00  5.551980E+00
      9862.00  5.527370E+00
      9864.00  5.288550E+00
      9866.00  5.180740E+00
      9868.00  5.225730E+00
      9870.00  5.245610E+00
      9872.00  5.103530E+00
      9874.00  4.885230E+00
      9876.00  4.868650E+00
      9878.00  4.978670E+00
      9880.00  5.137740E+00
      9882.00  5.496070E+00
      9884.00  5.692290E+00
      9886.00  5.614100E+00
      9888.00  5.433590E+00
      9890.00  5.345070E+00
      9892.00  5.259600E+00
      9894.00  5.242500E+00
      9896.00  5.299360E+00
      9898.00  5.347540E+00
      9900.00  5.420680E+00
      9902.00  5.466010E+00
      9904.00  5.443940E+00
      9906.00  5.376480E+00
      9908.00  5.290980E+00
      9910.00  5.162130E+00
      9912.00  5.043520E+00
      9914.00  4.864250E+00
      9916.00  4.780940E+00
      9918.00  4.858070E+00
      9920.00  4.992550E+00
      9922.00  5.056100E+00
      9924.00  5.120960E+00
      9926.00  5.056510E+00
      9928.00  4.726940E+00
      9930.00  4.687640E+00
      9932.00  5.061020E+00
      9934.00  5.353990E+00
      9936.00  5.205520E+00
      9938.00  4.827020E+00
      9940.00  4.738870E+00
      9942.00  4.837520E+00
      9944.00  4.853040E+00
      9946.00  4.821880E+00
      9948.00  4.860440E+00
      9950.00  5.044920E+00
      9952.00  5.246750E+00
      9954.00  5.262520E+00
      9956.00  5.147330E+00
      9958.00  5.075010E+00
      9960.00  4.931850E+00
      9962.00  4.901340E+00
      9964.00  5.013940E+00
      9966.00  5.132170E+00
      9968.00  5.163020E+00
      9970.00  5.158830E+00
      9972.00  5.216300E+00
      9974.00  5.341610E+00
      9976.00  5.398190E+00
      9978.00  5.427200E+00
      9980.00  5.422900E+00
      9982.00  5.333960E+00
      9984.00  5.254990E+00
      9986.00  5.376370E+00
      9988.00  5.687810E+00
      9990.00  5.768720E+00
      9992.00  5.574190E+00
      9994.00  5.661120E+00
      9996.00  6.159900E+00
      9998.00  6.564590E+00
