      3820.00  3.561860E+00
      3822.00  3.561860E+00
      3824.00  4.318920E+00
      3826.00  5.462800E+00
      3828.00  2.829180E+00
      3830.00  2.043960E+00
      3832.00  9.134490E-01
      3834.00  6.143610E-01
      3836.00  2.321570E+00
      3838.00  3.022990E+00
      3840.00  3.027030E+00
      3842.00  2.511070E+00
      3844.00  1.607660E+00
      3846.00  2.930170E+00
      3848.00  5.658020E-01
      3850.00  1.215570E+00
      3852.00  1.551740E+00
      3854.00  1.887910E+00
      3856.00  2.224080E+00
      3858.00  2.560250E+00
      3860.00  2.560250E+00
      3862.00  8.031440E-01
      3864.00  2.628550E+00
      3866.00  3.661190E+00
      3868.00  2.020670E+00
      3870.00  2.625040E+00
      3872.00  3.229420E+00
      3874.00  3.229420E+00
      3876.00  1.949390E+00
      3878.00  1.972850E+00
      3880.00  1.697450E+00
      3882.00  1.674080E+00
      3884.00  2.775040E+00
      3886.00  1.387940E+00
      3888.00  1.213450E+00
      3890.00  4.147380E+00
      3892.00  3.307340E+00
      3894.00  1.573180E+00
      3896.00  2.702060E+00
      3898.00  1.815020E+00
      3900.00  2.572050E+00
      3902.00  2.216860E+00
      3904.00  2.882700E+00
      3906.00  3.812210E+00
      3908.00  3.674580E+00
      3910.00  3.536960E+00
      3912.00  3.399330E+00
      3914.00  3.261700E+00
      3916.00  3.124070E+00
      3918.00  2.986440E+00
      3920.00  2.848820E+00
      3922.00  2.711190E+00
      3924.00  2.711190E+00
      3926.00  2.673680E+00
      3928.00  1.707890E+00
      3930.00  2.853490E+00
      3932.00  2.327740E+00
      3934.00  3.360870E+00
      3936.00  2.351660E+00
      3938.00  3.941850E+00
      3940.00  3.874300E+00
      3942.00  4.858150E+00
      3944.00  4.224270E+00
      3946.00  5.337820E+00
      3948.00  2.582030E+00
      3950.00  3.729020E+00
      3952.00  4.211140E+00
      3954.00  6.421030E+00
      3956.00  4.978320E+00
      3958.00  5.225070E+00
      3960.00  5.270660E+00
      3962.00  4.584060E+00
      3964.00  4.014420E+00
      3966.00  4.201010E+00
      3968.00  2.128370E+00
      3970.00  4.584580E+00
      3972.00  4.346910E+00
      3974.00  4.375460E+00
      3976.00  3.317420E+00
      3978.00  3.745500E+00
      3980.00  4.881980E+00
      3982.00  5.660630E+00
      3984.00  5.028550E+00
      3986.00  4.624280E+00
      3988.00  4.389390E+00
      3990.00  5.170250E+00
      3992.00  4.860630E+00
      3994.00  2.782250E+00
      3996.00  4.208640E+00
      3998.00  3.520530E+00
      4000.00  6.710320E+00
      4002.00  4.313580E+00
      4004.00  5.370250E+00
      4006.00  4.419190E+00
      4008.00  3.495630E+00
      4010.00  6.178210E+00
      4012.00  3.516130E+00
      4014.00  4.500810E+00
      4016.00  3.678830E+00
      4018.00  3.813020E+00
      4020.00  4.026100E+00
      4022.00  3.949620E+00
      4024.00  1.838400E+00
      4026.00  5.750820E+00
      4028.00  6.159650E+00
      4030.00  3.296970E+00
      4032.00  3.224630E+00
      4034.00  2.996740E+00
      4036.00  5.281170E+00
      4038.00  3.609600E+00
      4040.00  4.786420E+00
      4042.00  6.350300E+00
      4044.00  3.520470E+00
      4046.00  5.585400E+00
      4048.00  4.824950E+00
      4050.00  4.663270E+00
      4052.00  2.307810E+00
      4054.00  2.780120E+00
      4056.00  5.643590E+00
      4058.00  5.851550E+00
      4060.00  3.920990E+00
      4062.00  5.037200E+00
      4064.00  5.228070E+00
      4066.00  5.404940E+00
      4068.00  7.124650E+00
      4070.00  6.813090E+00
      4072.00  6.581610E+00
      4074.00  6.428430E+00
      4076.00  5.799320E+00
      4078.00  4.610270E+00
      4080.00  5.399520E+00
      4082.00  5.340320E+00
      4084.00  7.356450E+00
      4086.00  5.690880E+00
      4088.00  5.570000E+00
      4090.00  4.518270E+00
      4092.00  6.093430E+00
      4094.00  6.599010E+00
      4096.00  4.377440E+00
      4098.00  5.751540E+00
      4100.00  6.161430E+00
      4102.00  6.133390E+00
      4104.00  5.611310E+00
      4106.00  5.434850E+00
      4108.00  5.784990E+00
      4110.00  5.755870E+00
      4112.00  6.540000E+00
      4114.00  7.070640E+00
      4116.00  5.179070E+00
      4118.00  6.806180E+00
      4120.00  5.651330E+00
      4122.00  5.678460E+00
      4124.00  4.650940E+00
      4126.00  5.598500E+00
      4128.00  6.195410E+00
      4130.00  5.218360E+00
      4132.00  5.098570E+00
      4134.00  4.331310E+00
      4136.00  3.195000E+00
      4138.00  4.412590E+00
      4140.00  4.986550E+00
      4142.00  5.002260E+00
      4144.00  4.788560E+00
      4146.00  3.849770E+00
      4148.00  4.201000E+00
      4150.00  4.121290E+00
      4152.00  4.707270E+00
      4154.00  4.646470E+00
      4156.00  5.005310E+00
      4158.00  4.268340E+00
      4160.00  4.142870E+00
      4162.00  4.947900E+00
      4164.00  4.239310E+00
      4166.00  4.233730E+00
      4168.00  4.513170E+00
      4170.00  4.611890E+00
      4172.00  2.820680E+00
      4174.00  3.294340E+00
      4176.00  3.096470E+00
      4178.00  3.351150E+00
      4180.00  3.080880E+00
      4182.00  3.739880E+00
      4184.00  2.484270E+00
      4186.00  2.997890E+00
      4188.00  2.717540E+00
      4190.00  3.407260E+00
      4192.00  4.423000E+00
      4194.00  3.285240E+00
      4196.00  4.118870E+00
      4198.00  2.219570E+00
      4200.00  1.905170E+00
      4202.00  2.390680E+00
      4204.00  3.246110E+00
      4206.00  2.345210E+00
      4208.00  3.255260E+00
      4210.00  2.861440E+00
      4212.00  2.613590E+00
      4214.00  3.203810E+00
      4216.00  3.901070E+00
      4218.00  2.717690E+00
      4220.00  3.069510E+00
      4222.00  2.449150E+00
      4224.00  4.164000E+00
      4226.00  2.967530E+00
      4228.00  2.175470E+00
      4230.00  2.816270E+00
      4232.00  5.304720E+00
      4234.00  3.475610E+00
      4236.00  3.845850E+00
      4238.00  3.510960E+00
      4240.00  3.588470E+00
      4242.00  4.464970E+00
      4244.00  3.720470E+00
      4246.00  2.855510E+00
      4248.00  2.184950E+00
      4250.00  3.164860E+00
      4252.00  2.929100E+00
      4254.00  2.320680E+00
      4256.00  3.450970E+00
      4258.00  2.180770E+00
      4260.00  1.965220E+00
      4262.00  3.320240E+00
      4264.00  2.496060E+00
      4266.00  3.339670E+00
      4268.00  1.980340E+00
      4270.00  2.686010E+00
      4272.00  3.019080E+00
      4274.00  2.913000E+00
      4276.00  2.013510E+00
      4278.00  1.898200E+00
      4280.00  2.655630E+00
      4282.00  2.033160E+00
      4284.00  3.407450E+00
      4286.00  3.083630E+00
      4288.00  2.143810E+00
      4290.00  2.501090E+00
      4292.00  2.632300E+00
      4294.00  2.454380E+00
      4296.00  2.734720E+00
      4298.00  3.258460E+00
      4300.00  3.039050E+00
      4302.00  3.614320E+00
      4304.00  4.082650E+00
      4306.00  3.110520E+00
      4308.00  2.913330E+00
      4310.00  3.406790E+00
      4312.00  4.949350E+00
      4314.00  4.061250E+00
      4316.00  3.743760E+00
      4318.00  3.439570E+00
      4320.00  4.571520E+00
      4322.00  3.452290E+00
      4324.00  3.362560E+00
      4326.00  3.464410E+00
      4328.00  3.552440E+00
      4330.00  3.790190E+00
      4332.00  3.500680E+00
      4334.00  3.284260E+00
      4336.00  3.647400E+00
      4338.00  3.916340E+00
      4340.00  2.974720E+00
      4342.00  3.346660E+00
      4344.00  4.268480E+00
      4346.00  4.224870E+00
      4348.00  3.285730E+00
      4350.00  3.186370E+00
      4352.00  3.617230E+00
      4354.00  3.605610E+00
      4356.00  3.430960E+00
      4358.00  3.020550E+00
      4360.00  3.957550E+00
      4362.00  3.237110E+00
      4364.00  2.705740E+00
      4366.00  3.870960E+00
      4368.00  3.191720E+00
      4370.00  2.733390E+00
      4372.00  3.042480E+00
      4374.00  4.133580E+00
      4376.00  3.887990E+00
      4378.00  4.482900E+00
      4380.00  3.760120E+00
      4382.00  3.922600E+00
      4384.00  3.994660E+00
      4386.00  4.123110E+00
      4388.00  4.137890E+00
      4390.00  4.028190E+00
      4392.00  4.838130E+00
      4394.00  3.060860E+00
      4396.00  2.653510E+00
      4398.00  4.208490E+00
      4400.00  4.113100E+00
      4402.00  3.185450E+00
      4404.00  3.868380E+00
      4406.00  4.039300E+00
      4408.00  3.256880E+00
      4410.00  4.621510E+00
      4412.00  3.685100E+00
      4414.00  3.059490E+00
      4416.00  3.365550E+00
      4418.00  3.090540E+00
      4420.00  3.845440E+00
      4422.00  3.718480E+00
      4424.00  3.680900E+00
      4426.00  3.763230E+00
      4428.00  3.970940E+00
      4430.00  3.769600E+00
      4432.00  4.037080E+00
      4434.00  4.201500E+00
      4436.00  3.989160E+00
      4438.00  3.491310E+00
      4440.00  4.256060E+00
      4442.00  4.515600E+00
      4444.00  4.888070E+00
      4446.00  4.164550E+00
      4448.00  4.138580E+00
      4450.00  3.806440E+00
      4452.00  3.627760E+00
      4454.00  4.123590E+00
      4456.00  3.937750E+00
      4458.00  3.880150E+00
      4460.00  3.317190E+00
      4462.00  4.147740E+00
      4464.00  3.559750E+00
      4466.00  3.602910E+00
      4468.00  3.954370E+00
      4470.00  2.677930E+00
      4472.00  2.855570E+00
      4474.00  4.697430E+00
      4476.00  4.170220E+00
      4478.00  2.411470E+00
      4480.00  3.660210E+00
      4482.00  3.620450E+00
      4484.00  3.853330E+00
      4486.00  3.315120E+00
      4488.00  3.380760E+00
      4490.00  3.884680E+00
      4492.00  3.181140E+00
      4494.00  3.235220E+00
      4496.00  2.888420E+00
      4498.00  3.859240E+00
      4500.00  3.384940E+00
      4502.00  2.992540E+00
      4504.00  3.580290E+00
      4506.00  3.655080E+00
      4508.00  3.300890E+00
      4510.00  4.013440E+00
      4512.00  3.484920E+00
      4514.00  4.023880E+00
      4516.00  3.664220E+00
      4518.00  3.251660E+00
      4520.00  3.828900E+00
      4522.00  4.617890E+00
      4524.00  5.337950E+00
      4526.00  4.519580E+00
      4528.00  4.463500E+00
      4530.00  4.807800E+00
      4532.00  5.327720E+00
      4534.00  4.253390E+00
      4536.00  4.883210E+00
      4538.00  4.924250E+00
      4540.00  5.901730E+00
      4542.00  5.561960E+00
      4544.00  5.418710E+00
      4546.00  5.756760E+00
      4548.00  4.799270E+00
      4550.00  6.915910E+00
      4552.00  6.424760E+00
      4554.00  6.184090E+00
      4556.00  6.009830E+00
      4558.00  6.544800E+00
      4560.00  6.675590E+00
      4562.00  7.817770E+00
      4564.00  8.086190E+00
      4566.00  8.463290E+00
      4568.00  9.122000E+00
      4570.00  9.124120E+00
      4572.00  9.108240E+00
      4574.00  8.484180E+00
      4576.00  8.905930E+00
      4578.00  8.205790E+00
      4580.00  9.138310E+00
      4582.00  9.116570E+00
      4584.00  8.823120E+00
      4586.00  8.148190E+00
      4588.00  7.635890E+00
      4590.00  7.624200E+00
      4592.00  7.962670E+00
      4594.00  7.780240E+00
      4596.00  7.682130E+00
      4598.00  8.411220E+00
      4600.00  7.456790E+00
      4602.00  7.961230E+00
      4604.00  8.370980E+00
      4606.00  8.456470E+00
      4608.00  8.428580E+00
      4610.00  8.282160E+00
      4612.00  9.967010E+00
      4614.00  9.699890E+00
      4616.00  8.290040E+00
      4618.00  8.850710E+00
      4620.00  9.245320E+00
      4622.00  8.804130E+00
      4624.00  8.937250E+00
      4626.00  9.266810E+00
      4628.00  8.964390E+00
      4630.00  8.858220E+00
      4632.00  9.602230E+00
      4634.00  8.851750E+00
      4636.00  8.414440E+00
      4638.00  9.137010E+00
      4640.00  9.817700E+00
      4642.00  8.684900E+00
      4644.00  9.202730E+00
      4646.00  8.974630E+00
      4648.00  9.607400E+00
      4650.00  9.156680E+00
      4652.00  9.311110E+00
      4654.00  1.001180E+01
      4656.00  9.497630E+00
      4658.00  1.064810E+01
      4660.00  9.371430E+00
      4662.00  9.692510E+00
      4664.00  9.668670E+00
      4666.00  9.612310E+00
      4668.00  9.077200E+00
      4670.00  8.593720E+00
      4672.00  9.744920E+00
      4674.00  8.744970E+00
      4676.00  9.086270E+00
      4678.00  9.138990E+00
      4680.00  9.308780E+00
      4682.00  8.659550E+00
      4684.00  8.336220E+00
      4686.00  7.926820E+00
      4688.00  8.059840E+00
      4690.00  7.885430E+00
      4692.00  8.398530E+00
      4694.00  8.274400E+00
      4696.00  8.058920E+00
      4698.00  7.573150E+00
      4700.00  6.970300E+00
      4702.00  7.668610E+00
      4704.00  7.478710E+00
      4706.00  7.628600E+00
      4708.00  7.259090E+00
      4710.00  7.371810E+00
      4712.00  7.034530E+00
      4714.00  6.737220E+00
      4716.00  6.907190E+00
      4718.00  6.943020E+00
      4720.00  6.873790E+00
      4722.00  6.372310E+00
      4724.00  5.681370E+00
      4726.00  5.690750E+00
      4728.00  6.202120E+00
      4730.00  6.524780E+00
      4732.00  5.403290E+00
      4734.00  5.498470E+00
      4736.00  5.397760E+00
      4738.00  5.619140E+00
      4740.00  4.940970E+00
      4742.00  5.342430E+00
      4744.00  5.393640E+00
      4746.00  4.586420E+00
      4748.00  4.311240E+00
      4750.00  3.971290E+00
      4752.00  4.382600E+00
      4754.00  3.985170E+00
      4756.00  3.961360E+00
      4758.00  3.490120E+00
      4760.00  3.414340E+00
      4762.00  3.605930E+00
      4764.00  3.189120E+00
      4766.00  3.440220E+00
      4768.00  2.804280E+00
      4770.00  2.697420E+00
      4772.00  3.000260E+00
      4774.00  2.745870E+00
      4776.00  2.607680E+00
      4778.00  2.888340E+00
      4780.00  2.587270E+00
      4782.00  2.375900E+00
      4784.00  2.494640E+00
      4786.00  2.778820E+00
      4788.00  2.883490E+00
      4790.00  2.596050E+00
      4792.00  2.711520E+00
      4794.00  3.248210E+00
      4796.00  2.977380E+00
      4798.00  2.827460E+00
      4800.00  3.161280E+00
      4802.00  2.997210E+00
      4804.00  3.971480E+00
      4806.00  4.167610E+00
      4808.00  4.663450E+00
      4810.00  4.645150E+00
      4812.00  4.873150E+00
      4814.00  4.571010E+00
      4816.00  5.183830E+00
      4818.00  5.449270E+00
      4820.00  5.261320E+00
      4822.00  5.403900E+00
      4824.00  5.706490E+00
      4826.00  5.886740E+00
      4828.00  6.040000E+00
      4830.00  6.323960E+00
      4832.00  6.779910E+00
      4834.00  7.052370E+00
      4836.00  6.557740E+00
      4838.00  7.057460E+00
      4840.00  7.022630E+00
      4842.00  7.389380E+00
      4844.00  7.430440E+00
      4846.00  7.780170E+00
      4848.00  7.702910E+00
      4850.00  7.828140E+00
      4852.00  7.740760E+00
      4854.00  8.551420E+00
      4856.00  8.615050E+00
      4858.00  8.266930E+00
      4860.00  8.268310E+00
      4862.00  8.323860E+00
      4864.00  8.425130E+00
      4866.00  8.178790E+00
      4868.00  8.192940E+00
      4870.00  8.500570E+00
      4872.00  8.354600E+00
      4874.00  7.863950E+00
      4876.00  7.939520E+00
      4878.00  8.233610E+00
      4880.00  7.903800E+00
      4882.00  8.131480E+00
      4884.00  7.633610E+00
      4886.00  8.263020E+00
      4888.00  7.998710E+00
      4890.00  8.534260E+00
      4892.00  8.068160E+00
      4894.00  8.136080E+00
      4896.00  8.531670E+00
      4898.00  9.111010E+00
      4900.00  8.807900E+00
      4902.00  9.340430E+00
      4904.00  9.470720E+00
      4906.00  9.195890E+00
      4908.00  9.455540E+00
      4910.00  1.002850E+01
      4912.00  1.006440E+01
      4914.00  9.981180E+00
      4916.00  9.364900E+00
      4918.00  1.041770E+01
      4920.00  9.520600E+00
      4922.00  9.578070E+00
      4924.00  9.586590E+00
      4926.00  9.990630E+00
      4928.00  9.910630E+00
      4930.00  9.519610E+00
      4932.00  9.975360E+00
      4934.00  9.885120E+00
      4936.00  8.797950E+00
      4938.00  8.681810E+00
      4940.00  8.918430E+00
      4942.00  9.453090E+00
      4944.00  8.869290E+00
      4946.00  8.723570E+00
      4948.00  8.578050E+00
      4950.00  8.244730E+00
      4952.00  8.821560E+00
      4954.00  8.374800E+00
      4956.00  7.995130E+00
      4958.00  8.001530E+00
      4960.00  7.593470E+00
      4962.00  7.605730E+00
      4964.00  7.615510E+00
      4966.00  7.459260E+00
      4968.00  7.111400E+00
      4970.00  7.150090E+00
      4972.00  7.402850E+00
      4974.00  6.974200E+00
      4976.00  6.794090E+00
      4978.00  7.116870E+00
      4980.00  7.769380E+00
      4982.00  7.565790E+00
      4984.00  8.388980E+00
      4986.00  8.674390E+00
      4988.00  8.989370E+00
      4990.00  8.697420E+00
      4992.00  8.726760E+00
      4994.00  9.633390E+00
      4996.00  9.391200E+00
      4998.00  9.772280E+00
      5000.00  1.015280E+01
      5002.00  9.868450E+00
      5004.00  9.780280E+00
      5006.00  1.051270E+01
      5008.00  1.096020E+01
      5010.00  1.100420E+01
      5012.00  1.116140E+01
      5014.00  1.172020E+01
      5016.00  1.066280E+01
      5018.00  1.083980E+01
      5020.00  1.088520E+01
      5022.00  1.039080E+01
      5024.00  1.066610E+01
      5026.00  1.089480E+01
      5028.00  1.114150E+01
      5030.00  1.026420E+01
      5032.00  1.016860E+01
      5034.00  1.028460E+01
      5036.00  1.040420E+01
      5038.00  9.844570E+00
      5040.00  9.717640E+00
      5042.00  1.009530E+01
      5044.00  9.215800E+00
      5046.00  9.457560E+00
      5048.00  8.401610E+00
      5050.00  8.591130E+00
      5052.00  8.707980E+00
      5054.00  8.966310E+00
      5056.00  8.390920E+00
      5058.00  7.817100E+00
      5060.00  8.595670E+00
      5062.00  7.549960E+00
      5064.00  7.222680E+00
      5066.00  7.431390E+00
      5068.00  7.218950E+00
      5070.00  7.112140E+00
      5072.00  6.611150E+00
      5074.00  6.246780E+00
      5076.00  6.570350E+00
      5078.00  6.700880E+00
      5080.00  6.291670E+00
      5082.00  5.685730E+00
      5084.00  5.365160E+00
      5086.00  5.569310E+00
      5088.00  5.552060E+00
      5090.00  5.068240E+00
      5092.00  4.982300E+00
      5094.00  5.127380E+00
      5096.00  5.140450E+00
      5098.00  4.567070E+00
      5100.00  4.129730E+00
      5102.00  4.260490E+00
      5104.00  4.336210E+00
      5106.00  4.252140E+00
      5108.00  4.235450E+00
      5110.00  3.793640E+00
      5112.00  4.082910E+00
      5114.00  4.222900E+00
      5116.00  4.102810E+00
      5118.00  4.206340E+00
      5120.00  3.817530E+00
      5122.00  3.801490E+00
      5124.00  4.284800E+00
      5126.00  3.865250E+00
      5128.00  3.978320E+00
      5130.00  4.495080E+00
      5132.00  4.797810E+00
      5134.00  4.678580E+00
      5136.00  4.633100E+00
      5138.00  4.848200E+00
      5140.00  5.110380E+00
      5142.00  4.983210E+00
      5144.00  5.125930E+00
      5146.00  5.329800E+00
      5148.00  5.512070E+00
      5150.00  5.981270E+00
      5152.00  5.793010E+00
      5154.00  6.354370E+00
      5156.00  5.797990E+00
      5158.00  6.084520E+00
      5160.00  6.532890E+00
      5162.00  6.163720E+00
      5164.00  6.659350E+00
      5166.00  7.092470E+00
      5168.00  6.525200E+00
      5170.00  6.575810E+00
      5172.00  7.536170E+00
      5174.00  7.363170E+00
      5176.00  7.447410E+00
      5178.00  7.432940E+00
      5180.00  7.249160E+00
      5182.00  7.522780E+00
      5184.00  7.840550E+00
      5186.00  8.201000E+00
      5188.00  7.702600E+00
      5190.00  7.419060E+00
      5192.00  7.559130E+00
      5194.00  7.635950E+00
      5196.00  7.772440E+00
      5198.00  7.788980E+00
      5200.00  7.546470E+00
      5202.00  7.511220E+00
      5204.00  7.626250E+00
      5206.00  8.303240E+00
      5208.00  7.942650E+00
      5210.00  7.679230E+00
      5212.00  8.100730E+00
      5214.00  7.903330E+00
      5216.00  7.952350E+00
      5218.00  7.841880E+00
      5220.00  7.994540E+00
      5222.00  7.563240E+00
      5224.00  7.898070E+00
      5226.00  7.698030E+00
      5228.00  7.920200E+00
      5230.00  7.890820E+00
      5232.00  7.360480E+00
      5234.00  7.772830E+00
      5236.00  7.603930E+00
      5238.00  7.158490E+00
      5240.00  7.179120E+00
      5242.00  7.254090E+00
      5244.00  7.711130E+00
      5246.00  7.515030E+00
      5248.00  7.935780E+00
      5250.00  7.958970E+00
      5252.00  7.571050E+00
      5254.00  7.921180E+00
      5256.00  7.372880E+00
      5258.00  8.050000E+00
      5260.00  7.559120E+00
      5262.00  7.690560E+00
      5264.00  7.788920E+00
      5266.00  8.082390E+00
      5268.00  7.650430E+00
      5270.00  7.680530E+00
      5272.00  7.458490E+00
      5274.00  7.597290E+00
      5276.00  7.940590E+00
      5278.00  7.273800E+00
      5280.00  7.599450E+00
      5282.00  7.487000E+00
      5284.00  7.850490E+00
      5286.00  7.966610E+00
      5288.00  8.366390E+00
      5290.00  8.683450E+00
      5292.00  8.007500E+00
      5294.00  8.042740E+00
      5296.00  8.138280E+00
      5298.00  8.295960E+00
      5300.00  8.850310E+00
      5302.00  8.562560E+00
      5304.00  8.215800E+00
      5306.00  8.320740E+00
      5308.00  8.240180E+00
      5310.00  8.725730E+00
      5312.00  9.517320E+00
      5314.00  8.799470E+00
      5316.00  9.179000E+00
      5318.00  9.354130E+00
      5320.00  9.827510E+00
      5322.00  8.949100E+00
      5324.00  9.155100E+00
      5326.00  8.916130E+00
      5328.00  8.756700E+00
      5330.00  9.336040E+00
      5332.00  9.755710E+00
      5334.00  9.114100E+00
      5336.00  9.311140E+00
      5338.00  9.745680E+00
      5340.00  9.827620E+00
      5342.00  9.787280E+00
      5344.00  9.546410E+00
      5346.00  9.968000E+00
      5348.00  1.031520E+01
      5350.00  1.035370E+01
      5352.00  1.028010E+01
      5354.00  1.032530E+01
      5356.00  1.073850E+01
      5358.00  1.009500E+01
      5360.00  1.041170E+01
      5362.00  1.044630E+01
      5364.00  1.033970E+01
      5366.00  1.029550E+01
      5368.00  1.065390E+01
      5370.00  1.074990E+01
      5372.00  1.051940E+01
      5374.00  9.832260E+00
      5376.00  1.011880E+01
      5378.00  1.049590E+01
      5380.00  1.040210E+01
      5382.00  1.050540E+01
      5384.00  1.054420E+01
      5386.00  1.056120E+01
      5388.00  1.033990E+01
      5390.00  1.053950E+01
      5392.00  1.025030E+01
      5394.00  1.036340E+01
      5396.00  1.065870E+01
      5398.00  1.060570E+01
      5400.00  1.063070E+01
      5402.00  1.077610E+01
      5404.00  1.079320E+01
      5406.00  1.123190E+01
      5408.00  1.116940E+01
      5410.00  1.142530E+01
      5412.00  1.139850E+01
      5414.00  1.156320E+01
      5416.00  1.151210E+01
      5418.00  1.149420E+01
      5420.00  1.170460E+01
      5422.00  1.169710E+01
      5424.00  1.113450E+01
      5426.00  1.081840E+01
      5428.00  1.095580E+01
      5430.00  1.089650E+01
      5432.00  1.088750E+01
      5434.00  1.090120E+01
      5436.00  1.065780E+01
      5438.00  1.068650E+01
      5440.00  1.051640E+01
      5442.00  1.023970E+01
      5444.00  1.041170E+01
      5446.00  1.048090E+01
      5448.00  1.039410E+01
      5450.00  1.030270E+01
      5452.00  1.028590E+01
      5454.00  1.056980E+01
      5456.00  9.849910E+00
      5458.00  9.623020E+00
      5460.00  9.937620E+00
      5462.00  1.024830E+01
      5464.00  1.029300E+01
      5466.00  1.024060E+01
      5468.00  1.025940E+01
      5470.00  1.028690E+01
      5472.00  1.032880E+01
      5474.00  1.044230E+01
      5476.00  1.045530E+01
      5478.00  1.030200E+01
      5480.00  1.011790E+01
      5482.00  1.005980E+01
      5484.00  1.007360E+01
      5486.00  1.003590E+01
      5488.00  9.880540E+00
      5490.00  9.949800E+00
      5492.00  1.028220E+01
      5494.00  1.061030E+01
      5496.00  1.081640E+01
      5498.00  1.097490E+01
      5500.00  1.111990E+01
      5502.00  1.119650E+01
      5504.00  1.137050E+01
      5506.00  1.162830E+01
      5508.00  1.186430E+01
      5510.00  1.208900E+01
      5512.00  1.228370E+01
      5514.00  1.240850E+01
      5516.00  1.247880E+01
      5518.00  1.251530E+01
      5520.00  1.250160E+01
      5522.00  1.246880E+01
      5524.00  1.240490E+01
      5526.00  1.232490E+01
      5528.00  1.220890E+01
      5530.00  1.208790E+01
      5532.00  1.210200E+01
      5534.00  1.227720E+01
      5536.00  1.229960E+01
      5538.00  1.222380E+01
      5540.00  1.216730E+01
      5542.00  1.216040E+01
      5544.00  1.213120E+01
      5546.00  1.199330E+01
      5548.00  1.176690E+01
      5550.00  1.167070E+01
      5552.00  1.170040E+01
      5554.00  1.163560E+01
      5556.00  1.151920E+01
      5558.00  1.136020E+01
      5560.00  1.113130E+01
      5562.00  1.087060E+01
      5564.00  1.071230E+01
      5566.00  1.061190E+01
      5568.00  1.054690E+01
      5570.00  1.058940E+01
      5572.00  1.054520E+01
      5574.00  1.038970E+01
      5576.00  1.019400E+01
      5578.00  9.991910E+00
      5580.00  9.754590E+00
      5582.00  9.683820E+00
      5584.00  9.840460E+00
      5586.00  9.806480E+00
      5588.00  9.599930E+00
      5590.00  9.415850E+00
      5592.00  9.344270E+00
      5594.00  9.304470E+00
      5596.00  9.163820E+00
      5598.00  8.908500E+00
      5600.00  8.814740E+00
      5602.00  8.855300E+00
      5604.00  8.860530E+00
      5606.00  8.852460E+00
      5608.00  8.802690E+00
      5610.00  8.629880E+00
      5612.00  8.351760E+00
      5614.00  8.311130E+00
      5616.00  8.507870E+00
      5618.00  8.566020E+00
      5620.00  8.527430E+00
      5622.00  8.509740E+00
      5624.00  8.547280E+00
      5626.00  8.616290E+00
      5628.00  8.717480E+00
      5630.00  8.863550E+00
      5632.00  8.995700E+00
      5634.00  9.126790E+00
      5636.00  9.272190E+00
      5638.00  9.429130E+00
      5640.00  9.601550E+00
      5642.00  9.808750E+00
      5644.00  1.004740E+01
      5646.00  1.018700E+01
      5648.00  1.020490E+01
      5650.00  1.032050E+01
      5652.00  1.054300E+01
      5654.00  1.070770E+01
      5656.00  1.072730E+01
      5658.00  1.069960E+01
      5660.00  1.080740E+01
      5662.00  1.102810E+01
      5664.00  1.113950E+01
      5666.00  1.119550E+01
      5668.00  1.123950E+01
      5670.00  1.127220E+01
      5672.00  1.128400E+01
      5674.00  1.126310E+01
      5676.00  1.121340E+01
      5678.00  1.119160E+01
      5680.00  1.124440E+01
      5682.00  1.115330E+01
      5684.00  1.086610E+01
      5686.00  1.067050E+01
      5688.00  1.068260E+01
      5690.00  1.077870E+01
      5692.00  1.079690E+01
      5694.00  1.082900E+01
      5696.00  1.072940E+01
      5698.00  1.048820E+01
      5700.00  1.027290E+01
      5702.00  1.006610E+01
      5704.00  9.872900E+00
      5706.00  9.695810E+00
      5708.00  9.531750E+00
      5710.00  9.497510E+00
      5712.00  9.679140E+00
      5714.00  9.656330E+00
      5716.00  9.475010E+00
      5718.00  9.302190E+00
      5720.00  9.165420E+00
      5722.00  9.052220E+00
      5724.00  9.011450E+00
      5726.00  9.057250E+00
      5728.00  9.017870E+00
      5730.00  8.939730E+00
      5732.00  8.844010E+00
      5734.00  8.698370E+00
      5736.00  8.573280E+00
      5738.00  8.541910E+00
      5740.00  8.569120E+00
      5742.00  8.521120E+00
      5744.00  8.436810E+00
      5746.00  8.339560E+00
      5748.00  8.241470E+00
      5750.00  8.092200E+00
      5752.00  7.857040E+00
      5754.00  7.586600E+00
      5756.00  7.368060E+00
      5758.00  7.160720E+00
      5760.00  7.000040E+00
      5762.00  6.927360E+00
      5764.00  6.780900E+00
      5766.00  6.541940E+00
      5768.00  6.298510E+00
      5770.00  6.102700E+00
      5772.00  5.929050E+00
      5774.00  5.800610E+00
      5776.00  5.751140E+00
      5778.00  5.639850E+00
      5780.00  5.493650E+00
      5782.00  5.343720E+00
      5784.00  5.188790E+00
      5786.00  5.036110E+00
      5788.00  4.907230E+00
      5790.00  4.782690E+00
      5792.00  4.725570E+00
      5794.00  4.777880E+00
      5796.00  4.747690E+00
      5798.00  4.625690E+00
      5800.00  4.491900E+00
      5802.00  4.373060E+00
      5804.00  4.259120E+00
      5806.00  4.281790E+00
      5808.00  4.484950E+00
      5810.00  4.564500E+00
      5812.00  4.589660E+00
      5814.00  4.603960E+00
      5816.00  4.579550E+00
      5818.00  4.573340E+00
      5820.00  4.718470E+00
      5822.00  5.004920E+00
      5824.00  5.166750E+00
      5826.00  5.239370E+00
      5828.00  5.374350E+00
      5830.00  5.561630E+00
      5832.00  5.775410E+00
      5834.00  6.019100E+00
      5836.00  6.287250E+00
      5838.00  6.488820E+00
      5840.00  6.630650E+00
      5842.00  6.798110E+00
      5844.00  6.950840E+00
      5846.00  7.133780E+00
      5848.00  7.363120E+00
      5850.00  7.613810E+00
      5852.00  7.851840E+00
      5854.00  8.083500E+00
      5856.00  8.357980E+00
      5858.00  8.627800E+00
      5860.00  8.993090E+00
      5862.00  9.524430E+00
      5864.00  1.001250E+01
      5866.00  1.031180E+01
      5868.00  1.050760E+01
      5870.00  1.075530E+01
      5872.00  1.103330E+01
      5874.00  1.122730E+01
      5876.00  1.135900E+01
      5878.00  1.146170E+01
      5880.00  1.153730E+01
      5882.00  1.158560E+01
      5884.00  1.161420E+01
      5886.00  1.161960E+01
      5888.00  1.160480E+01
      5890.00  1.148820E+01
      5892.00  1.152460E+01
      5894.00  1.171290E+01
      5896.00  1.195620E+01
      5898.00  1.225740E+01
      5900.00  1.259350E+01
      5902.00  1.266080E+01
      5904.00  1.238510E+01
      5906.00  1.241060E+01
      5908.00  1.266220E+01
      5910.00  1.281220E+01
      5912.00  1.280550E+01
      5914.00  1.272840E+01
      5916.00  1.262650E+01
      5918.00  1.245520E+01
      5920.00  1.241080E+01
      5922.00  1.249520E+01
      5924.00  1.250170E+01
      5926.00  1.243770E+01
      5928.00  1.237150E+01
      5930.00  1.232730E+01
      5932.00  1.229430E+01
      5934.00  1.230580E+01
      5936.00  1.239900E+01
      5938.00  1.239530E+01
      5940.00  1.233720E+01
      5942.00  1.225450E+01
      5944.00  1.212990E+01
      5946.00  1.199930E+01
      5948.00  1.192130E+01
      5950.00  1.187500E+01
      5952.00  1.182950E+01
      5954.00  1.182740E+01
      5956.00  1.176450E+01
      5958.00  1.164400E+01
      5960.00  1.150480E+01
      5962.00  1.133460E+01
      5964.00  1.115660E+01
      5966.00  1.113250E+01
      5968.00  1.125090E+01
      5970.00  1.133560E+01
      5972.00  1.151400E+01
      5974.00  1.156780E+01
      5976.00  1.144430E+01
      5978.00  1.124930E+01
      5980.00  1.107650E+01
      5982.00  1.087320E+01
      5984.00  1.075710E+01
      5986.00  1.068820E+01
      5988.00  1.067240E+01
      5990.00  1.075400E+01
      5992.00  1.081650E+01
      5994.00  1.080950E+01
      5996.00  1.076110E+01
      5998.00  1.065750E+01
      6000.00  1.046080E+01
      6002.00  1.033720E+01
      6004.00  1.022230E+01
      6006.00  1.015910E+01
      6008.00  1.018530E+01
      6010.00  1.022150E+01
      6012.00  1.015860E+01
      6014.00  1.002510E+01
      6016.00  1.001360E+01
      6018.00  1.012730E+01
      6020.00  1.015270E+01
      6022.00  1.011820E+01
      6024.00  1.005960E+01
      6026.00  9.984870E+00
      6028.00  9.891340E+00
      6030.00  9.794170E+00
      6032.00  9.668900E+00
      6034.00  9.591080E+00
      6036.00  9.551260E+00
      6038.00  9.510460E+00
      6040.00  9.463760E+00
      6042.00  9.423500E+00
      6044.00  9.399390E+00
      6046.00  9.387860E+00
      6048.00  9.380970E+00
      6050.00  9.393440E+00
      6052.00  9.385910E+00
      6054.00  9.353120E+00
      6056.00  9.330130E+00
      6058.00  9.338430E+00
      6060.00  9.358330E+00
      6062.00  9.346550E+00
      6064.00  9.301050E+00
      6066.00  9.296490E+00
      6068.00  9.345000E+00
      6070.00  9.343760E+00
      6072.00  9.289590E+00
      6074.00  9.197400E+00
      6076.00  9.051830E+00
      6078.00  8.845030E+00
      6080.00  8.778490E+00
      6082.00  8.833040E+00
      6084.00  8.853570E+00
      6086.00  8.907840E+00
      6088.00  8.905660E+00
      6090.00  8.779630E+00
      6092.00  8.599490E+00
      6094.00  8.524420E+00
      6096.00  8.513320E+00
      6098.00  8.487650E+00
      6100.00  8.438730E+00
      6102.00  8.463600E+00
      6104.00  8.600670E+00
      6106.00  8.755200E+00
      6108.00  8.822860E+00
      6110.00  8.840110E+00
      6112.00  8.980840E+00
      6114.00  9.298580E+00
      6116.00  9.427520E+00
      6118.00  9.380100E+00
      6120.00  9.342480E+00
      6122.00  9.383000E+00
      6124.00  9.446680E+00
      6126.00  9.482540E+00
      6128.00  9.491590E+00
      6130.00  9.554920E+00
      6132.00  9.691490E+00
      6134.00  9.770020E+00
      6136.00  9.788670E+00
      6138.00  9.769680E+00
      6140.00  9.704940E+00
      6142.00  9.590610E+00
      6144.00  9.585540E+00
      6146.00  9.736430E+00
      6148.00  9.713480E+00
      6150.00  9.534740E+00
      6152.00  9.359030E+00
      6154.00  9.227600E+00
      6156.00  9.114640E+00
      6158.00  9.034060E+00
      6160.00  8.961950E+00
      6162.00  8.984990E+00
      6164.00  9.163230E+00
      6166.00  9.234690E+00
      6168.00  9.170040E+00
      6170.00  9.079640E+00
      6172.00  9.045720E+00
      6174.00  9.031520E+00
      6176.00  8.995180E+00
      6178.00  8.955890E+00
      6180.00  8.896880E+00
      6182.00  8.809860E+00
      6184.00  8.728300E+00
      6186.00  8.656100E+00
      6188.00  8.594810E+00
      6190.00  8.566950E+00
      6192.00  8.571690E+00
      6194.00  8.571070E+00
      6196.00  8.587460E+00
      6198.00  8.588380E+00
      6200.00  8.563050E+00
      6202.00  8.542650E+00
      6204.00  8.541400E+00
      6206.00  8.550820E+00
      6208.00  8.653690E+00
      6210.00  8.876870E+00
      6212.00  9.037040E+00
      6214.00  9.177010E+00
      6216.00  9.305730E+00
      6218.00  9.422120E+00
      6220.00  9.529210E+00
      6222.00  9.639170E+00
      6224.00  9.758500E+00
      6226.00  9.830070E+00
      6228.00  9.845370E+00
      6230.00  9.884650E+00
      6232.00  9.959310E+00
      6234.00  1.002450E+01
      6236.00  1.003780E+01
      6238.00  1.001900E+01
      6240.00  1.006430E+01
      6242.00  1.018500E+01
      6244.00  1.023310E+01
      6246.00  1.021900E+01
      6248.00  1.021980E+01
      6250.00  1.027270E+01
      6252.00  1.032880E+01
      6254.00  1.030850E+01
      6256.00  1.022970E+01
      6258.00  1.016330E+01
      6260.00  1.005680E+01
      6262.00  1.000400E+01
      6264.00  1.003700E+01
      6266.00  1.005600E+01
      6268.00  9.961450E+00
      6270.00  9.803730E+00
      6272.00  9.818350E+00
      6274.00  1.001640E+01
      6276.00  1.008740E+01
      6278.00  1.011140E+01
      6280.00  1.009690E+01
      6282.00  1.004440E+01
      6284.00  9.953830E+00
      6286.00  9.810840E+00
      6288.00  9.563710E+00
      6290.00  9.537160E+00
      6292.00  9.748350E+00
      6294.00  9.828960E+00
      6296.00  9.811630E+00
      6298.00  9.725170E+00
      6300.00  9.532520E+00
      6302.00  9.257990E+00
      6304.00  9.179200E+00
      6306.00  9.314860E+00
      6308.00  9.275790E+00
      6310.00  9.115900E+00
      6312.00  8.984550E+00
      6314.00  8.909080E+00
      6316.00  8.862280E+00
      6318.00  8.844150E+00
      6320.00  8.869210E+00
      6322.00  8.850450E+00
      6324.00  8.808350E+00
      6326.00  8.764480E+00
      6328.00  8.719720E+00
      6330.00  8.665010E+00
      6332.00  8.597320E+00
      6334.00  8.517730E+00
      6336.00  8.412980E+00
      6338.00  8.289420E+00
      6340.00  8.141180E+00
      6342.00  7.922360E+00
      6344.00  7.766950E+00
      6346.00  7.741600E+00
      6348.00  7.739510E+00
      6350.00  7.606650E+00
      6352.00  7.397610E+00
      6354.00  7.160870E+00
      6356.00  6.850640E+00
      6358.00  6.562370E+00
      6360.00  6.261570E+00
      6362.00  5.999070E+00
      6364.00  5.815530E+00
      6366.00  5.687780E+00
      6368.00  5.577730E+00
      6370.00  5.525370E+00
      6372.00  5.439740E+00
      6374.00  5.345050E+00
      6376.00  5.247790E+00
      6378.00  5.165170E+00
      6380.00  5.065070E+00
      6382.00  4.875670E+00
      6384.00  4.579320E+00
      6386.00  4.498100E+00
      6388.00  4.629180E+00
      6390.00  4.657930E+00
      6392.00  4.628000E+00
      6394.00  4.551260E+00
      6396.00  4.394620E+00
      6398.00  4.187760E+00
      6400.00  4.114990E+00
      6402.00  4.191590E+00
      6404.00  4.135230E+00
      6406.00  3.977970E+00
      6408.00  3.865080E+00
      6410.00  3.836590E+00
      6412.00  3.825460E+00
      6414.00  3.754140E+00
      6416.00  3.641460E+00
      6418.00  3.585170E+00
      6420.00  3.541740E+00
      6422.00  3.549870E+00
      6424.00  3.629010E+00
      6426.00  3.714630E+00
      6428.00  3.774130E+00
      6430.00  3.825040E+00
      6432.00  3.863090E+00
      6434.00  3.893780E+00
      6436.00  3.902800E+00
      6438.00  3.833990E+00
      6440.00  3.861240E+00
      6442.00  4.041510E+00
      6444.00  4.269790E+00
      6446.00  4.427090E+00
      6448.00  4.560070E+00
      6450.00  4.693540E+00
      6452.00  4.791350E+00
      6454.00  4.943280E+00
      6456.00  5.156210E+00
      6458.00  5.373180E+00
      6460.00  5.539630E+00
      6462.00  5.701970E+00
      6464.00  6.025360E+00
      6466.00  6.511990E+00
      6468.00  6.933320E+00
      6470.00  7.393460E+00
      6472.00  7.786970E+00
      6474.00  8.049110E+00
      6476.00  8.309230E+00
      6478.00  8.741660E+00
      6480.00  9.298150E+00
      6482.00  9.751970E+00
      6484.00  1.014550E+01
      6486.00  1.057850E+01
      6488.00  1.106420E+01
      6490.00  1.152220E+01
      6492.00  1.188070E+01
      6494.00  1.220410E+01
      6496.00  1.270030E+01
      6498.00  1.341820E+01
      6500.00  1.388280E+01
      6502.00  1.415030E+01
      6504.00  1.446980E+01
      6506.00  1.488570E+01
      6508.00  1.530380E+01
      6510.00  1.563550E+01
      6512.00  1.590840E+01
      6514.00  1.622560E+01
      6516.00  1.646260E+01
      6518.00  1.691280E+01
      6520.00  1.760400E+01
      6522.00  1.831750E+01
      6524.00  1.898980E+01
      6526.00  1.964230E+01
      6528.00  2.014120E+01
      6530.00  2.048300E+01
      6532.00  2.087460E+01
      6534.00  2.130690E+01
      6536.00  2.162450E+01
      6538.00  2.179000E+01
      6540.00  2.188830E+01
      6542.00  2.199760E+01
      6544.00  2.208300E+01
      6546.00  2.215550E+01
      6548.00  2.211220E+01
      6550.00  2.227480E+01
      6552.00  2.274150E+01
      6554.00  2.308640E+01
      6556.00  2.309650E+01
      6558.00  2.293830E+01
      6560.00  2.284640E+01
      6562.00  2.265000E+01
      6564.00  2.269350E+01
      6566.00  2.302120E+01
      6568.00  2.319510E+01
      6570.00  2.316460E+01
      6572.00  2.306740E+01
      6574.00  2.300620E+01
      6576.00  2.293920E+01
      6578.00  2.282130E+01
      6580.00  2.260920E+01
      6582.00  2.249260E+01
      6584.00  2.252160E+01
      6586.00  2.245860E+01
      6588.00  2.216110E+01
      6590.00  2.176440E+01
      6592.00  2.154530E+01
      6594.00  2.142130E+01
      6596.00  2.130590E+01
      6598.00  2.126330E+01
      6600.00  2.118030E+01
      6602.00  2.105000E+01
      6604.00  2.089850E+01
      6606.00  2.074120E+01
      6608.00  2.057160E+01
      6610.00  2.038520E+01
      6612.00  2.022780E+01
      6614.00  1.995420E+01
      6616.00  1.949570E+01
      6618.00  1.912000E+01
      6620.00  1.893850E+01
      6622.00  1.885920E+01
      6624.00  1.879020E+01
      6626.00  1.884960E+01
      6628.00  1.866940E+01
      6630.00  1.826310E+01
      6632.00  1.792620E+01
      6634.00  1.762400E+01
      6636.00  1.739560E+01
      6638.00  1.735580E+01
      6640.00  1.747540E+01
      6642.00  1.731160E+01
      6644.00  1.687500E+01
      6646.00  1.661840E+01
      6648.00  1.649420E+01
      6650.00  1.635000E+01
      6652.00  1.611180E+01
      6654.00  1.585620E+01
      6656.00  1.572700E+01
      6658.00  1.574860E+01
      6660.00  1.555980E+01
      6662.00  1.514090E+01
      6664.00  1.488490E+01
      6666.00  1.486330E+01
      6668.00  1.485360E+01
      6670.00  1.466700E+01
      6672.00  1.438440E+01
      6674.00  1.416810E+01
      6676.00  1.390710E+01
      6678.00  1.378800E+01
      6680.00  1.385780E+01
      6682.00  1.386920E+01
      6684.00  1.372220E+01
      6686.00  1.351630E+01
      6688.00  1.338410E+01
      6690.00  1.328730E+01
      6692.00  1.316650E+01
      6694.00  1.303060E+01
      6696.00  1.290810E+01
      6698.00  1.280760E+01
      6700.00  1.270400E+01
      6702.00  1.257840E+01
      6704.00  1.243990E+01
      6706.00  1.228080E+01
      6708.00  1.207530E+01
      6710.00  1.191810E+01
      6712.00  1.178640E+01
      6714.00  1.167850E+01
      6716.00  1.161770E+01
      6718.00  1.156600E+01
      6720.00  1.142120E+01
      6722.00  1.117600E+01
      6724.00  1.106410E+01
      6726.00  1.105330E+01
      6728.00  1.102130E+01
      6730.00  1.099450E+01
      6732.00  1.093860E+01
      6734.00  1.079550E+01
      6736.00  1.059070E+01
      6738.00  1.049890E+01
      6740.00  1.048160E+01
      6742.00  1.046770E+01
      6744.00  1.054220E+01
      6746.00  1.052190E+01
      6748.00  1.030010E+01
      6750.00  1.001960E+01
      6752.00  9.934780E+00
      6754.00  9.988710E+00
      6756.00  9.959160E+00
      6758.00  9.898600E+00
      6760.00  9.858160E+00
      6762.00  9.857710E+00
      6764.00  9.837960E+00
      6766.00  9.738970E+00
      6768.00  9.590110E+00
      6770.00  9.529220E+00
      6772.00  9.542110E+00
      6774.00  9.517320E+00
      6776.00  9.445870E+00
      6778.00  9.434270E+00
      6780.00  9.566800E+00
      6782.00  9.715750E+00
      6784.00  9.635560E+00
      6786.00  9.358040E+00
      6788.00  9.242590E+00
      6790.00  9.206790E+00
      6792.00  9.158120E+00
      6794.00  9.081630E+00
      6796.00  9.038560E+00
      6798.00  9.093720E+00
      6800.00  9.211940E+00
      6802.00  9.201700E+00
      6804.00  9.069360E+00
      6806.00  9.017230E+00
      6808.00  8.988180E+00
      6810.00  8.987530E+00
      6812.00  9.044940E+00
      6814.00  9.108330E+00
      6816.00  9.068760E+00
      6818.00  8.938280E+00
      6820.00  8.900440E+00
      6822.00  8.909500E+00
      6824.00  8.928310E+00
      6826.00  8.982040E+00
      6828.00  9.021670E+00
      6830.00  9.020270E+00
      6832.00  8.989870E+00
      6834.00  8.876360E+00
      6836.00  8.582170E+00
      6838.00  8.502730E+00
      6840.00  8.598580E+00
      6842.00  8.668620E+00
      6844.00  8.675390E+00
      6846.00  8.660640E+00
      6848.00  8.640360E+00
      6850.00  8.606530E+00
      6852.00  8.569080E+00
      6854.00  8.532050E+00
      6856.00  8.472970E+00
      6858.00  8.394950E+00
      6860.00  8.298040E+00
      6862.00  8.166460E+00
      6864.00  8.012840E+00
      6866.00  7.936830E+00
      6868.00  7.878960E+00
      6870.00  7.922950E+00
      6872.00  8.125700E+00
      6874.00  8.257750E+00
      6876.00  8.290110E+00
      6878.00  8.251960E+00
      6880.00  8.113930E+00
      6882.00  7.843810E+00
      6884.00  7.736620E+00
      6886.00  7.723390E+00
      6888.00  7.726070E+00
      6890.00  7.724650E+00
      6892.00  7.797220E+00
      6894.00  8.062570E+00
      6896.00  8.428800E+00
      6898.00  8.411040E+00
      6900.00  8.013150E+00
      6902.00  7.816210E+00
      6904.00  7.608940E+00
      6906.00  7.508360E+00
      6908.00  7.580070E+00
      6910.00  7.707300E+00
      6912.00  7.727800E+00
      6914.00  7.698900E+00
      6916.00  7.688230E+00
      6918.00  7.695070E+00
      6920.00  7.653290E+00
      6922.00  7.520290E+00
      6924.00  7.428550E+00
      6926.00  7.475800E+00
      6928.00  7.596490E+00
      6930.00  7.624310E+00
      6932.00  7.591890E+00
      6934.00  7.594020E+00
      6936.00  7.615440E+00
      6938.00  7.619820E+00
      6940.00  7.599520E+00
      6942.00  7.567530E+00
      6944.00  7.527390E+00
      6946.00  7.462970E+00
      6948.00  7.488740E+00
      6950.00  7.610190E+00
      6952.00  7.692710E+00
      6954.00  7.765340E+00
      6956.00  7.812920E+00
      6958.00  7.810920E+00
      6960.00  7.779990E+00
      6962.00  7.797830E+00
      6964.00  7.860670E+00
      6966.00  7.880090E+00
      6968.00  7.863050E+00
      6970.00  7.865090E+00
      6972.00  7.893900E+00
      6974.00  7.935640E+00
      6976.00  7.993450E+00
      6978.00  8.084520E+00
      6980.00  8.050360E+00
      6982.00  7.835450E+00
      6984.00  7.781480E+00
      6986.00  7.890690E+00
      6988.00  8.000320E+00
      6990.00  8.032060E+00
      6992.00  8.036010E+00
      6994.00  8.060240E+00
      6996.00  8.076750E+00
      6998.00  8.125710E+00
      7000.00  8.221010E+00
      7002.00  8.287340E+00
      7004.00  8.299190E+00
      7006.00  8.308860E+00
      7008.00  8.384530E+00
      7010.00  8.513540E+00
      7012.00  8.539900E+00
      7014.00  8.469960E+00
      7016.00  8.446600E+00
      7018.00  8.447720E+00
      7020.00  8.460110E+00
      7022.00  8.490110E+00
      7024.00  8.527870E+00
      7026.00  8.522470E+00
      7028.00  8.477750E+00
      7030.00  8.451110E+00
      7032.00  8.425630E+00
      7034.00  8.400600E+00
      7036.00  8.368190E+00
      7038.00  8.344800E+00
      7040.00  8.354930E+00
      7042.00  8.393020E+00
      7044.00  8.405270E+00
      7046.00  8.405590E+00
      7048.00  8.405990E+00
      7050.00  8.401770E+00
      7052.00  8.398890E+00
      7054.00  8.408880E+00
      7056.00  8.418460E+00
      7058.00  8.381770E+00
      7060.00  8.307570E+00
      7062.00  8.228520E+00
      7064.00  8.097430E+00
      7066.00  8.024660E+00
      7068.00  8.031230E+00
      7070.00  8.066060E+00
      7072.00  8.091290E+00
      7074.00  8.128970E+00
      7076.00  8.112460E+00
      7078.00  8.033330E+00
      7080.00  7.990430E+00
      7082.00  7.979310E+00
      7084.00  7.957380E+00
      7086.00  7.905940E+00
      7088.00  7.839750E+00
      7090.00  7.776800E+00
      7092.00  7.698630E+00
      7094.00  7.654520E+00
      7096.00  7.630170E+00
      7098.00  7.623840E+00
      7100.00  7.653140E+00
      7102.00  7.680070E+00
      7104.00  7.656000E+00
      7106.00  7.597200E+00
      7108.00  7.581080E+00
      7110.00  7.597520E+00
      7112.00  7.595700E+00
      7114.00  7.591070E+00
      7116.00  7.572140E+00
      7118.00  7.525050E+00
      7120.00  7.466220E+00
      7122.00  7.439520E+00
      7124.00  7.434540E+00
      7126.00  7.425210E+00
      7128.00  7.403940E+00
      7130.00  7.417110E+00
      7132.00  7.490570E+00
      7134.00  7.562030E+00
      7136.00  7.566140E+00
      7138.00  7.528370E+00
      7140.00  7.520170E+00
      7142.00  7.528290E+00
      7144.00  7.517950E+00
      7146.00  7.465660E+00
      7148.00  7.455180E+00
      7150.00  7.539500E+00
      7152.00  7.660660E+00
      7154.00  7.698440E+00
      7156.00  7.678090E+00
      7158.00  7.690370E+00
      7160.00  7.706550E+00
      7162.00  7.729750E+00
      7164.00  7.792360E+00
      7166.00  7.821500E+00
      7168.00  7.714100E+00
      7170.00  7.503540E+00
      7172.00  7.506730E+00
      7174.00  7.696800E+00
      7176.00  7.810950E+00
      7178.00  7.877760E+00
      7180.00  7.987560E+00
      7182.00  8.217600E+00
      7184.00  8.467930E+00
      7186.00  8.501790E+00
      7188.00  8.327600E+00
      7190.00  8.329980E+00
      7192.00  8.456780E+00
      7194.00  8.508330E+00
      7196.00  8.458520E+00
      7198.00  8.401850E+00
      7200.00  8.408800E+00
      7202.00  8.447260E+00
      7204.00  8.491590E+00
      7206.00  8.607520E+00
      7208.00  8.605510E+00
      7210.00  8.467340E+00
      7212.00  8.368490E+00
      7214.00  8.377500E+00
      7216.00  8.423050E+00
      7218.00  8.410500E+00
      7220.00  8.366080E+00
      7222.00  8.339800E+00
      7224.00  8.316690E+00
      7226.00  8.295370E+00
      7228.00  8.270540E+00
      7230.00  8.254710E+00
      7232.00  8.248810E+00
      7234.00  8.251020E+00
      7236.00  8.340160E+00
      7238.00  8.632930E+00
      7240.00  8.650100E+00
      7242.00  8.379570E+00
      7244.00  8.186970E+00
      7246.00  8.208200E+00
      7248.00  8.291750E+00
      7250.00  8.233000E+00
      7252.00  8.058000E+00
      7254.00  8.042320E+00
      7256.00  8.178470E+00
      7258.00  8.227210E+00
      7260.00  8.152540E+00
      7262.00  8.095170E+00
      7264.00  8.176210E+00
      7266.00  8.337840E+00
      7268.00  8.371240E+00
      7270.00  8.303480E+00
      7272.00  8.283820E+00
      7274.00  8.228590E+00
      7276.00  8.260730E+00
      7278.00  8.462790E+00
      7280.00  8.716200E+00
      7282.00  8.808830E+00
      7284.00  8.800940E+00
      7286.00  8.817100E+00
      7288.00  8.798280E+00
      7290.00  8.806670E+00
      7292.00  8.867630E+00
      7294.00  8.904580E+00
      7296.00  8.841510E+00
      7298.00  8.717730E+00
      7300.00  8.708890E+00
      7302.00  8.796950E+00
      7304.00  8.838400E+00
      7306.00  8.877960E+00
      7308.00  8.899020E+00
      7310.00  8.871900E+00
      7312.00  8.846310E+00
      7314.00  8.926020E+00
      7316.00  9.105870E+00
      7318.00  9.179300E+00
      7320.00  9.237360E+00
      7322.00  9.198510E+00
      7324.00  8.989560E+00
      7326.00  8.809990E+00
      7328.00  8.815010E+00
      7330.00  8.922610E+00
      7332.00  8.974230E+00
      7334.00  9.038990E+00
      7336.00  9.069220E+00
      7338.00  9.094320E+00
      7340.00  9.069070E+00
      7342.00  8.966360E+00
      7344.00  8.829050E+00
      7346.00  8.720730E+00
      7348.00  8.609000E+00
      7350.00  8.536120E+00
      7352.00  8.525430E+00
      7354.00  8.462480E+00
      7356.00  8.330490E+00
      7358.00  8.207660E+00
      7360.00  8.139080E+00
      7362.00  8.101630E+00
      7364.00  8.097160E+00
      7366.00  8.153240E+00
      7368.00  8.173680E+00
      7370.00  8.203160E+00
      7372.00  8.193160E+00
      7374.00  8.107360E+00
      7376.00  8.007800E+00
      7378.00  7.994850E+00
      7380.00  8.042810E+00
      7382.00  8.054390E+00
      7384.00  8.083410E+00
      7386.00  8.057760E+00
      7388.00  7.943860E+00
      7390.00  7.849860E+00
      7392.00  7.851190E+00
      7394.00  7.903560E+00
      7396.00  7.921740E+00
      7398.00  7.947370E+00
      7400.00  7.940540E+00
      7402.00  7.899270E+00
      7404.00  7.862390E+00
      7406.00  7.830480E+00
      7408.00  7.806090E+00
      7410.00  7.807740E+00
      7412.00  7.838510E+00
      7414.00  7.823820E+00
      7416.00  7.792070E+00
      7418.00  7.728720E+00
      7420.00  7.581840E+00
      7422.00  7.485840E+00
      7424.00  7.543490E+00
      7426.00  7.687520E+00
      7428.00  7.745960E+00
      7430.00  7.779980E+00
      7432.00  7.789200E+00
      7434.00  7.735340E+00
      7436.00  7.728370E+00
      7438.00  7.809930E+00
      7440.00  7.905930E+00
      7442.00  7.922350E+00
      7444.00  7.887780E+00
      7446.00  7.880690E+00
      7448.00  7.867670E+00
      7450.00  7.874870E+00
      7452.00  7.922220E+00
      7454.00  7.948860E+00
      7456.00  7.916130E+00
      7458.00  7.849170E+00
      7460.00  7.791320E+00
      7462.00  7.683470E+00
      7464.00  7.683900E+00
      7466.00  7.775610E+00
      7468.00  7.872740E+00
      7470.00  7.989590E+00
      7472.00  8.094080E+00
      7474.00  8.123750E+00
      7476.00  8.104860E+00
      7478.00  8.036880E+00
      7480.00  7.864710E+00
      7482.00  7.764860E+00
      7484.00  7.703300E+00
      7486.00  7.686980E+00
      7488.00  7.741970E+00
      7490.00  7.842990E+00
      7492.00  7.885970E+00
      7494.00  7.915950E+00
      7496.00  7.904880E+00
      7498.00  7.829470E+00
      7500.00  7.781580E+00
      7502.00  7.784930E+00
      7504.00  7.792210E+00
      7506.00  7.747530E+00
      7508.00  7.662340E+00
      7510.00  7.648830E+00
      7512.00  7.734270E+00
      7514.00  7.714100E+00
      7516.00  7.583050E+00
      7518.00  7.452540E+00
      7520.00  7.353700E+00
      7522.00  7.277860E+00
      7524.00  7.311450E+00
      7526.00  7.501070E+00
      7528.00  7.545810E+00
      7530.00  7.524460E+00
      7532.00  7.469220E+00
      7534.00  7.352940E+00
      7536.00  7.231550E+00
      7538.00  7.196330E+00
      7540.00  7.226980E+00
      7542.00  7.129740E+00
      7544.00  6.845320E+00
      7546.00  6.769530E+00
      7548.00  6.915510E+00
      7550.00  7.048050E+00
      7552.00  7.066400E+00
      7554.00  7.037220E+00
      7556.00  7.002870E+00
      7558.00  6.917150E+00
      7560.00  6.902300E+00
      7562.00  6.972340E+00
      7564.00  6.977990E+00
      7566.00  6.862070E+00
      7568.00  6.752510E+00
      7570.00  6.807130E+00
      7572.00  6.984370E+00
      7574.00  6.966730E+00
      7576.00  6.781760E+00
      7578.00  6.678820E+00
      7580.00  6.602750E+00
      7582.00  6.563290E+00
      7584.00  6.585980E+00
      7586.00  6.641640E+00
      7588.00  6.643950E+00
      7590.00  6.660820E+00
      7592.00  6.715650E+00
      7594.00  6.770490E+00
      7596.00  6.825320E+00
      7598.00  6.880160E+00
      7600.00  6.934990E+00
      7602.00  6.989830E+00
      7604.00  7.044660E+00
      7606.00  7.099490E+00
      7608.00  7.154330E+00
      7610.00  7.209160E+00
      7612.00  7.264000E+00
      7614.00  7.264000E+00
      7616.00  7.285100E+00
      7618.00  7.201470E+00
      7620.00  7.043970E+00
      7622.00  6.736180E+00
      7624.00  6.555780E+00
      7626.00  6.412860E+00
      7628.00  6.324550E+00
      7630.00  6.318410E+00
      7632.00  6.332330E+00
      7634.00  6.300570E+00
      7636.00  6.250590E+00
      7638.00  6.216360E+00
      7640.00  6.183690E+00
      7642.00  6.162080E+00
      7644.00  6.177320E+00
      7646.00  6.155180E+00
      7648.00  6.058380E+00
      7650.00  5.922440E+00
      7652.00  5.801960E+00
      7654.00  5.649080E+00
      7656.00  5.585270E+00
      7658.00  5.605760E+00
      7660.00  5.613750E+00
      7662.00  5.624420E+00
      7664.00  5.617110E+00
      7666.00  5.557660E+00
      7668.00  5.459500E+00
      7670.00  5.366690E+00
      7672.00  5.221250E+00
      7674.00  5.165730E+00
      7676.00  5.188880E+00
      7678.00  5.231660E+00
      7680.00  5.285010E+00
      7682.00  5.348840E+00
      7684.00  5.389010E+00
      7686.00  5.412300E+00
      7688.00  5.447360E+00
      7690.00  5.455860E+00
      7692.00  5.527110E+00
      7694.00  5.691420E+00
      7696.00  5.865570E+00
      7698.00  5.985330E+00
      7700.00  6.081710E+00
      7702.00  6.120530E+00
      7704.00  6.056620E+00
      7706.00  6.077950E+00
      7708.00  6.182820E+00
      7710.00  6.252770E+00
      7712.00  6.224710E+00
      7714.00  6.172370E+00
      7716.00  6.230010E+00
      7718.00  6.369150E+00
      7720.00  6.478690E+00
      7722.00  6.620050E+00
      7724.00  6.710480E+00
      7726.00  6.740140E+00
      7728.00  6.747750E+00
      7730.00  6.745720E+00
      7732.00  6.725480E+00
      7734.00  6.808640E+00
      7736.00  7.020970E+00
      7738.00  7.139070E+00
      7740.00  7.202330E+00
      7742.00  7.255980E+00
      7744.00  7.298410E+00
      7746.00  7.341350E+00
      7748.00  7.436270E+00
      7750.00  7.584440E+00
      7752.00  7.678510E+00
      7754.00  7.732500E+00
      7756.00  7.805260E+00
      7758.00  7.932890E+00
      7760.00  8.018240E+00
      7762.00  7.964140E+00
      7764.00  7.815640E+00
      7766.00  7.760440E+00
      7768.00  7.695990E+00
      7770.00  7.750990E+00
      7772.00  7.979600E+00
      7774.00  8.141260E+00
      7776.00  8.160350E+00
      7778.00  8.118370E+00
      7780.00  8.093420E+00
      7782.00  8.037520E+00
      7784.00  8.043890E+00
      7786.00  8.151100E+00
      7788.00  8.151050E+00
      7790.00  8.001970E+00
      7792.00  7.855490E+00
      7794.00  7.816260E+00
      7796.00  7.832920E+00
      7798.00  7.881710E+00
      7800.00  8.030950E+00
      7802.00  8.078120E+00
      7804.00  8.070440E+00
      7806.00  8.026940E+00
      7808.00  7.933150E+00
      7810.00  7.817520E+00
      7812.00  7.747230E+00
      7814.00  7.704730E+00
      7816.00  7.639630E+00
      7818.00  7.542660E+00
      7820.00  7.491390E+00
      7822.00  7.514740E+00
      7824.00  7.521550E+00
      7826.00  7.436400E+00
      7828.00  7.299130E+00
      7830.00  7.221070E+00
      7832.00  7.171220E+00
      7834.00  7.123970E+00
      7836.00  7.049130E+00
      7838.00  7.050750E+00
      7840.00  7.198950E+00
      7842.00  7.383040E+00
      7844.00  7.421480E+00
      7846.00  7.376420E+00
      7848.00  7.309020E+00
      7850.00  7.130120E+00
      7852.00  7.057520E+00
      7854.00  7.103380E+00
      7856.00  7.169230E+00
      7858.00  7.207000E+00
      7860.00  7.239580E+00
      7862.00  7.219120E+00
      7864.00  7.104840E+00
      7866.00  7.092290E+00
      7868.00  7.178620E+00
      7870.00  7.216080E+00
      7872.00  7.173550E+00
      7874.00  7.089630E+00
      7876.00  6.976150E+00
      7878.00  6.788420E+00
      7880.00  6.780090E+00
      7882.00  6.966320E+00
      7884.00  7.048020E+00
      7886.00  7.060410E+00
      7888.00  7.021510E+00
      7890.00  6.898650E+00
      7892.00  6.719140E+00
      7894.00  6.693830E+00
      7896.00  6.795280E+00
      7898.00  6.863940E+00
      7900.00  6.980020E+00
      7902.00  7.047530E+00
      7904.00  7.017570E+00
      7906.00  6.973050E+00
      7908.00  7.039880E+00
      7910.00  7.195830E+00
      7912.00  7.242600E+00
      7914.00  7.255560E+00
      7916.00  7.196180E+00
      7918.00  6.996380E+00
      7920.00  6.838780E+00
      7922.00  6.856630E+00
      7924.00  6.966960E+00
      7926.00  6.984290E+00
      7928.00  6.961530E+00
      7930.00  6.943320E+00
      7932.00  6.901870E+00
      7934.00  6.879180E+00
      7936.00  6.900150E+00
      7938.00  6.919670E+00
      7940.00  6.866380E+00
      7942.00  6.748010E+00
      7944.00  6.724120E+00
      7946.00  6.790880E+00
      7948.00  6.798500E+00
      7950.00  6.754350E+00
      7952.00  6.701150E+00
      7954.00  6.650870E+00
      7956.00  6.600070E+00
      7958.00  6.588110E+00
      7960.00  6.594260E+00
      7962.00  6.642530E+00
      7964.00  6.792460E+00
      7966.00  6.852290E+00
      7968.00  6.771320E+00
      7970.00  6.640570E+00
      7972.00  6.539400E+00
      7974.00  6.409930E+00
      7976.00  6.450160E+00
      7978.00  6.704440E+00
      7980.00  6.828180E+00
      7982.00  6.861060E+00
      7984.00  6.853900E+00
      7986.00  6.814950E+00
      7988.00  6.744130E+00
      7990.00  6.689070E+00
      7992.00  6.613360E+00
      7994.00  6.588290E+00
      7996.00  6.632360E+00
      7998.00  6.630730E+00
      8000.00  6.528000E+00
      8002.00  6.433870E+00
      8004.00  6.497820E+00
      8006.00  6.686910E+00
      8008.00  6.735020E+00
      8010.00  6.696430E+00
      8012.00  6.673480E+00
      8014.00  6.655110E+00
      8016.00  6.621630E+00
      8018.00  6.541060E+00
      8020.00  6.447070E+00
      8022.00  6.479710E+00
      8024.00  6.644810E+00
      8026.00  6.726550E+00
      8028.00  6.803760E+00
      8030.00  6.834010E+00
      8032.00  6.794650E+00
      8034.00  6.732750E+00
      8036.00  6.694130E+00
      8038.00  6.649680E+00
      8040.00  6.692100E+00
      8042.00  6.876990E+00
      8044.00  6.927810E+00
      8046.00  6.879910E+00
      8048.00  6.779860E+00
      8050.00  6.605100E+00
      8052.00  6.394000E+00
      8054.00  6.348240E+00
      8056.00  6.463810E+00
      8058.00  6.466410E+00
      8060.00  6.418290E+00
      8062.00  6.377850E+00
      8064.00  6.345420E+00
      8066.00  6.318250E+00
      8068.00  6.301340E+00
      8070.00  6.292300E+00
      8072.00  6.293450E+00
      8074.00  6.351890E+00
      8076.00  6.312570E+00
      8078.00  6.115290E+00
      8080.00  5.998330E+00
      8082.00  6.101540E+00
      8084.00  6.305360E+00
      8086.00  6.375700E+00
      8088.00  6.408340E+00
      8090.00  6.364460E+00
      8092.00  6.163980E+00
      8094.00  6.078370E+00
      8096.00  6.174210E+00
      8098.00  6.291400E+00
      8100.00  6.267970E+00
      8102.00  6.161340E+00
      8104.00  6.148850E+00
      8106.00  6.221150E+00
      8108.00  6.218070E+00
      8110.00  6.125070E+00
      8112.00  6.069510E+00
      8114.00  6.111860E+00
      8116.00  6.201870E+00
      8118.00  6.269810E+00
      8120.00  6.382880E+00
      8122.00  6.366880E+00
      8124.00  6.211010E+00
      8126.00  6.104340E+00
      8128.00  6.058160E+00
      8130.00  6.030040E+00
      8132.00  5.989640E+00
      8134.00  5.945760E+00
      8136.00  5.970570E+00
      8138.00  6.083210E+00
      8140.00  6.142510E+00
      8142.00  6.195290E+00
      8144.00  6.200250E+00
      8146.00  6.115750E+00
      8148.00  5.990210E+00
      8150.00  5.945560E+00
      8152.00  5.955100E+00
      8154.00  5.935510E+00
      8156.00  5.897990E+00
      8158.00  5.884930E+00
      8160.00  5.881990E+00
      8162.00  5.915600E+00
      8164.00  6.035240E+00
      8166.00  6.228190E+00
      8168.00  6.312020E+00
      8170.00  6.304160E+00
      8172.00  6.347930E+00
      8174.00  6.411730E+00
      8176.00  6.491850E+00
      8178.00  6.630010E+00
      8180.00  6.762780E+00
      8182.00  6.697950E+00
      8184.00  6.442400E+00
      8186.00  6.296520E+00
      8188.00  6.179080E+00
      8190.00  6.058060E+00
      8192.00  5.897660E+00
      8194.00  5.783220E+00
      8196.00  5.815220E+00
      8198.00  5.956120E+00
      8200.00  5.988070E+00
      8202.00  5.976270E+00
      8204.00  5.947390E+00
      8206.00  5.836420E+00
      8208.00  5.801490E+00
      8210.00  5.943440E+00
      8212.00  6.141740E+00
      8214.00  6.158280E+00
      8216.00  6.053750E+00
      8218.00  5.972000E+00
      8220.00  5.815440E+00
      8222.00  5.746070E+00
      8224.00  5.778240E+00
      8226.00  5.849330E+00
      8228.00  5.927290E+00
      8230.00  6.029460E+00
      8232.00  6.071420E+00
      8234.00  6.088750E+00
      8236.00  6.058160E+00
      8238.00  5.942160E+00
      8240.00  5.858370E+00
      8242.00  5.846100E+00
      8244.00  5.867640E+00
      8246.00  5.895650E+00
      8248.00  5.983910E+00
      8250.00  5.916870E+00
      8252.00  5.683710E+00
      8254.00  5.520860E+00
      8256.00  5.406350E+00
      8258.00  5.340070E+00
      8260.00  5.362950E+00
      8262.00  5.458190E+00
      8264.00  5.425710E+00
      8266.00  5.298600E+00
      8268.00  5.194250E+00
      8270.00  5.085180E+00
      8272.00  4.964390E+00
      8274.00  4.824720E+00
      8276.00  4.677200E+00
      8278.00  4.541490E+00
      8280.00  4.395680E+00
      8282.00  4.314340E+00
      8284.00  4.333950E+00
      8286.00  4.271250E+00
      8288.00  4.124700E+00
      8290.00  3.942890E+00
      8292.00  3.720790E+00
      8294.00  3.460880E+00
      8296.00  3.405050E+00
      8298.00  3.563640E+00
      8300.00  3.622860E+00
      8302.00  3.714210E+00
      8304.00  3.703310E+00
      8306.00  3.517770E+00
      8308.00  3.257930E+00
      8310.00  3.081060E+00
      8312.00  2.917670E+00
      8314.00  2.809970E+00
      8316.00  2.745190E+00
      8318.00  2.722000E+00
      8320.00  2.762830E+00
      8322.00  2.814860E+00
      8324.00  2.850060E+00
      8326.00  2.881270E+00
      8328.00  2.833440E+00
      8330.00  2.688630E+00
      8332.00  2.595050E+00
      8334.00  2.487400E+00
      8336.00  2.435230E+00
      8338.00  2.481540E+00
      8340.00  2.560940E+00
      8342.00  2.569710E+00
      8344.00  2.551540E+00
      8346.00  2.492000E+00
      8348.00  2.332310E+00
      8350.00  2.269290E+00
      8352.00  2.345860E+00
      8354.00  2.398660E+00
      8356.00  2.313070E+00
      8358.00  2.149890E+00
      8360.00  2.006360E+00
      8362.00  1.761340E+00
      8364.00  1.711230E+00
      8366.00  1.860070E+00
      8368.00  1.963460E+00
      8370.00  1.963260E+00
      8372.00  1.932550E+00
      8374.00  1.926110E+00
      8376.00  1.905000E+00
      8378.00  1.974330E+00
      8380.00  2.209390E+00
      8382.00  2.270930E+00
      8384.00  2.120810E+00
      8386.00  1.965930E+00
      8388.00  1.924340E+00
      8390.00  1.934550E+00
      8392.00  1.986260E+00
      8394.00  2.129270E+00
      8396.00  2.205960E+00
      8398.00  2.273260E+00
      8400.00  2.298460E+00
      8402.00  2.255640E+00
      8404.00  2.189870E+00
      8406.00  2.160050E+00
      8408.00  2.119180E+00
      8410.00  2.220570E+00
      8412.00  2.529540E+00
      8414.00  2.687480E+00
      8416.00  2.687450E+00
      8418.00  2.678050E+00
      8420.00  2.740400E+00
      8422.00  2.829190E+00
      8424.00  2.903760E+00
      8426.00  2.975570E+00
      8428.00  3.054680E+00
      8430.00  3.140710E+00
      8432.00  3.226350E+00
      8434.00  3.312680E+00
      8436.00  3.396960E+00
      8438.00  3.467550E+00
      8440.00  3.517450E+00
      8442.00  3.630900E+00
      8444.00  3.861930E+00
      8446.00  3.954540E+00
      8448.00  3.884700E+00
      8450.00  3.813820E+00
      8452.00  3.823650E+00
      8454.00  3.869510E+00
      8456.00  3.947090E+00
      8458.00  4.076930E+00
      8460.00  4.191420E+00
      8462.00  4.330510E+00
      8464.00  4.436640E+00
      8466.00  4.501070E+00
      8468.00  4.537550E+00
      8470.00  4.555600E+00
      8472.00  4.553470E+00
      8474.00  4.514080E+00
      8476.00  4.356750E+00
      8478.00  4.355520E+00
      8480.00  4.521110E+00
      8482.00  4.709530E+00
      8484.00  4.874620E+00
      8486.00  5.031430E+00
      8488.00  5.056930E+00
      8490.00  4.876940E+00
      8492.00  4.924330E+00
      8494.00  5.146640E+00
      8496.00  5.325390E+00
      8498.00  5.455690E+00
      8500.00  5.540280E+00
      8502.00  5.524250E+00
      8504.00  5.403680E+00
      8506.00  5.407910E+00
      8508.00  5.507340E+00
      8510.00  5.559490E+00
      8512.00  5.594590E+00
      8514.00  5.600990E+00
      8516.00  5.542060E+00
      8518.00  5.454990E+00
      8520.00  5.497100E+00
      8522.00  5.663220E+00
      8524.00  5.758470E+00
      8526.00  5.877730E+00
      8528.00  5.913430E+00
      8530.00  5.807070E+00
      8532.00  5.678210E+00
      8534.00  5.673280E+00
      8536.00  5.740210E+00
      8538.00  5.781810E+00
      8540.00  5.820410E+00
      8542.00  5.885870E+00
      8544.00  5.982310E+00
      8546.00  6.084590E+00
      8548.00  6.191490E+00
      8550.00  6.297720E+00
      8552.00  6.351130E+00
      8554.00  6.331770E+00
      8556.00  6.391170E+00
      8558.00  6.500570E+00
      8560.00  6.611560E+00
      8562.00  6.732060E+00
      8564.00  6.846690E+00
      8566.00  6.921050E+00
      8568.00  6.960930E+00
      8570.00  7.061930E+00
      8572.00  7.194250E+00
      8574.00  7.353090E+00
      8576.00  7.524800E+00
      8578.00  7.747240E+00
      8580.00  8.082830E+00
      8582.00  8.460970E+00
      8584.00  8.638510E+00
      8586.00  8.648970E+00
      8588.00  8.716750E+00
      8590.00  8.744680E+00
      8592.00  8.820610E+00
      8594.00  8.948010E+00
      8596.00  9.114750E+00
      8598.00  9.332010E+00
      8600.00  9.607100E+00
      8602.00  9.792540E+00
      8604.00  9.915690E+00
      8606.00  1.004540E+01
      8608.00  1.012780E+01
      8610.00  1.026640E+01
      8612.00  1.054430E+01
      8614.00  1.087750E+01
      8616.00  1.105500E+01
      8618.00  1.112540E+01
      8620.00  1.121170E+01
      8622.00  1.124160E+01
      8624.00  1.131960E+01
      8626.00  1.145790E+01
      8628.00  1.162130E+01
      8630.00  1.179600E+01
      8632.00  1.199700E+01
      8634.00  1.209780E+01
      8636.00  1.206440E+01
      8638.00  1.214500E+01
      8640.00  1.233690E+01
      8642.00  1.250430E+01
      8644.00  1.259250E+01
      8646.00  1.264500E+01
      8648.00  1.270850E+01
      8650.00  1.277760E+01
      8652.00  1.280080E+01
      8654.00  1.277410E+01
      8656.00  1.275610E+01
      8658.00  1.274540E+01
      8660.00  1.273860E+01
      8662.00  1.274930E+01
      8664.00  1.277740E+01
      8666.00  1.271850E+01
      8668.00  1.255550E+01
      8670.00  1.245880E+01
      8672.00  1.238320E+01
      8674.00  1.234610E+01
      8676.00  1.237570E+01
      8678.00  1.243570E+01
      8680.00  1.243180E+01
      8682.00  1.238440E+01
      8684.00  1.236170E+01
      8686.00  1.235450E+01
      8688.00  1.232790E+01
      8690.00  1.226900E+01
      8692.00  1.221150E+01
      8694.00  1.219820E+01
      8696.00  1.221550E+01
      8698.00  1.213420E+01
      8700.00  1.194490E+01
      8702.00  1.182220E+01
      8704.00  1.170140E+01
      8706.00  1.164550E+01
      8708.00  1.172780E+01
      8710.00  1.185070E+01
      8712.00  1.177470E+01
      8714.00  1.152680E+01
      8716.00  1.140790E+01
      8718.00  1.135990E+01
      8720.00  1.127920E+01
      8722.00  1.115100E+01
      8724.00  1.102710E+01
      8726.00  1.095700E+01
      8728.00  1.092080E+01
      8730.00  1.081590E+01
      8732.00  1.062410E+01
      8734.00  1.052060E+01
      8736.00  1.046720E+01
      8738.00  1.045170E+01
      8740.00  1.051400E+01
      8742.00  1.058800E+01
      8744.00  1.049160E+01
      8746.00  1.023660E+01
      8748.00  1.010780E+01
      8750.00  1.005140E+01
      8752.00  9.963530E+00
      8754.00  9.834090E+00
      8756.00  9.707190E+00
      8758.00  9.611400E+00
      8760.00  9.533040E+00
      8762.00  9.478560E+00
      8764.00  9.503580E+00
      8766.00  9.415120E+00
      8768.00  9.198510E+00
      8770.00  9.027230E+00
      8772.00  8.962300E+00
      8774.00  8.938330E+00
      8776.00  8.879810E+00
      8778.00  8.820810E+00
      8780.00  8.736750E+00
      8782.00  8.594970E+00
      8784.00  8.518970E+00
      8786.00  8.510950E+00
      8788.00  8.536860E+00
      8790.00  8.611640E+00
      8792.00  8.729410E+00
      8794.00  8.622470E+00
      8796.00  8.252390E+00
      8798.00  8.055530E+00
      8800.00  7.916310E+00
      8802.00  7.839220E+00
      8804.00  7.867480E+00
      8806.00  7.928660E+00
      8808.00  7.861050E+00
      8810.00  7.692890E+00
      8812.00  7.614110E+00
      8814.00  7.625920E+00
      8816.00  7.541970E+00
      8818.00  7.320280E+00
      8820.00  7.109290E+00
      8822.00  7.006080E+00
      8824.00  6.963000E+00
      8826.00  6.993510E+00
      8828.00  7.200860E+00
      8830.00  7.221280E+00
      8832.00  7.136760E+00
      8834.00  6.991640E+00
      8836.00  6.739580E+00
      8838.00  6.469680E+00
      8840.00  6.385960E+00
      8842.00  6.442410E+00
      8844.00  6.440540E+00
      8846.00  6.471860E+00
      8848.00  6.445560E+00
      8850.00  6.359550E+00
      8852.00  6.245610E+00
      8854.00  6.100510E+00
      8856.00  5.929350E+00
      8858.00  5.880460E+00
      8860.00  5.971390E+00
      8862.00  5.968120E+00
      8864.00  5.916290E+00
      8866.00  5.869750E+00
      8868.00  5.838410E+00
      8870.00  5.811950E+00
      8872.00  5.788970E+00
      8874.00  5.774680E+00
      8876.00  5.740800E+00
      8878.00  5.647950E+00
      8880.00  5.646840E+00
      8882.00  5.779480E+00
      8884.00  5.895130E+00
      8886.00  5.886050E+00
      8888.00  5.811890E+00
      8890.00  5.787720E+00
      8892.00  5.779410E+00
      8894.00  5.766180E+00
      8896.00  5.770670E+00
      8898.00  5.745690E+00
      8900.00  5.642860E+00
      8902.00  5.546680E+00
      8904.00  5.607490E+00
      8906.00  5.804960E+00
      8908.00  5.877130E+00
      8910.00  5.888860E+00
      8912.00  5.897270E+00
      8914.00  5.877290E+00
      8916.00  5.869990E+00
      8918.00  5.922850E+00
      8920.00  6.003920E+00
      8922.00  5.979630E+00
      8924.00  5.808780E+00
      8926.00  5.793870E+00
      8928.00  5.896330E+00
      8930.00  5.974470E+00
      8932.00  6.009090E+00
      8934.00  6.023150E+00
      8936.00  6.015210E+00
      8938.00  5.977520E+00
      8940.00  5.968120E+00
      8942.00  6.000730E+00
      8944.00  5.973610E+00
      8946.00  5.866770E+00
      8948.00  5.768970E+00
      8950.00  5.737090E+00
      8952.00  5.736300E+00
      8954.00  5.703940E+00
      8956.00  5.670750E+00
      8958.00  5.606770E+00
      8960.00  5.478560E+00
      8962.00  5.407060E+00
      8964.00  5.408950E+00
      8966.00  5.460090E+00
      8968.00  5.568110E+00
      8970.00  5.764380E+00
      8972.00  5.789470E+00
      8974.00  5.654710E+00
      8976.00  5.588250E+00
      8978.00  5.569100E+00
      8980.00  5.554880E+00
      8982.00  5.528820E+00
      8984.00  5.500640E+00
      8986.00  5.475550E+00
      8988.00  5.440900E+00
      8990.00  5.435790E+00
      8992.00  5.462390E+00
      8994.00  5.481150E+00
      8996.00  5.499010E+00
      8998.00  5.500410E+00
      9000.00  5.444730E+00
      9002.00  5.331530E+00
      9004.00  5.303910E+00
      9006.00  5.316850E+00
      9008.00  5.366700E+00
      9010.00  5.530090E+00
      9012.00  5.614790E+00
      9014.00  5.472800E+00
      9016.00  5.218000E+00
      9018.00  5.156890E+00
      9020.00  5.251760E+00
      9022.00  5.231400E+00
      9024.00  5.148520E+00
      9026.00  5.083810E+00
      9028.00  5.043970E+00
      9030.00  5.016540E+00
      9032.00  4.999760E+00
      9034.00  4.995370E+00
      9036.00  4.994290E+00
      9038.00  4.979650E+00
      9040.00  5.015050E+00
      9042.00  5.113840E+00
      9044.00  5.211600E+00
      9046.00  5.293490E+00
      9048.00  5.359930E+00
      9050.00  5.335570E+00
      9052.00  5.180380E+00
      9054.00  5.153580E+00
      9056.00  5.195120E+00
      9058.00  5.254490E+00
      9060.00  5.356910E+00
      9062.00  5.450710E+00
      9064.00  5.453720E+00
      9066.00  5.390440E+00
      9068.00  5.370380E+00
      9070.00  5.368310E+00
      9072.00  5.350300E+00
      9074.00  5.295030E+00
      9076.00  5.274710E+00
      9078.00  5.342950E+00
      9080.00  5.451530E+00
      9082.00  5.478420E+00
      9084.00  5.472810E+00
      9086.00  5.416850E+00
      9088.00  5.251760E+00
      9090.00  5.166340E+00
      9092.00  5.204080E+00
      9094.00  5.264860E+00
      9096.00  5.256780E+00
      9098.00  5.219780E+00
      9100.00  5.155100E+00
      9102.00  4.999030E+00
      9104.00  4.956970E+00
      9106.00  5.031700E+00
      9108.00  5.106010E+00
      9110.00  5.140760E+00
      9112.00  5.157580E+00
      9114.00  5.133420E+00
      9116.00  5.025440E+00
      9118.00  5.044820E+00
      9120.00  5.240300E+00
      9122.00  5.278830E+00
      9124.00  5.070610E+00
      9126.00  4.833020E+00
      9128.00  4.777870E+00
      9130.00  4.821490E+00
      9132.00  4.830830E+00
      9134.00  4.870890E+00
      9136.00  4.873100E+00
      9138.00  4.847860E+00
      9140.00  4.806540E+00
      9142.00  4.747930E+00
      9144.00  4.676260E+00
      9146.00  4.614040E+00
      9148.00  4.566030E+00
      9150.00  4.476240E+00
      9152.00  4.278950E+00
      9154.00  4.220780E+00
      9156.00  4.375400E+00
      9158.00  4.556450E+00
      9160.00  4.587250E+00
      9162.00  4.540630E+00
      9164.00  4.519400E+00
      9166.00  4.464300E+00
      9168.00  4.457530E+00
      9170.00  4.483990E+00
      9172.00  4.534970E+00
      9174.00  4.629400E+00
      9176.00  4.737620E+00
      9178.00  4.760970E+00
      9180.00  4.710080E+00
      9182.00  4.702130E+00
      9184.00  4.662880E+00
      9186.00  4.708050E+00
      9188.00  4.906450E+00
      9190.00  5.089920E+00
      9192.00  5.068060E+00
      9194.00  4.909760E+00
      9196.00  4.973360E+00
      9198.00  5.217170E+00
      9200.00  5.383200E+00
      9202.00  5.541790E+00
      9204.00  5.665220E+00
      9206.00  5.746000E+00
      9208.00  5.786880E+00
      9210.00  5.766650E+00
      9212.00  5.637600E+00
      9214.00  5.657000E+00
      9216.00  5.777600E+00
      9218.00  5.904190E+00
      9220.00  6.046120E+00
      9222.00  6.197820E+00
      9224.00  6.369380E+00
      9226.00  6.563930E+00
      9228.00  6.570120E+00
      9230.00  6.346560E+00
      9232.00  6.266400E+00
      9234.00  6.265690E+00
      9236.00  6.273940E+00
      9238.00  6.293580E+00
      9240.00  6.305750E+00
      9242.00  6.218800E+00
      9244.00  6.013570E+00
      9246.00  5.951480E+00
      9248.00  5.983960E+00
      9250.00  6.014050E+00
      9252.00  6.082080E+00
      9254.00  6.114520E+00
      9256.00  6.017300E+00
      9258.00  5.830020E+00
      9260.00  5.752270E+00
      9262.00  5.707840E+00
      9264.00  5.725090E+00
      9266.00  5.844520E+00
      9268.00  5.936410E+00
      9270.00  5.974540E+00
      9272.00  5.973560E+00
      9274.00  5.902780E+00
      9276.00  5.748140E+00
      9278.00  5.640500E+00
      9280.00  5.501140E+00
      9282.00  5.446970E+00
      9284.00  5.506440E+00
      9286.00  5.587500E+00
      9288.00  5.635950E+00
      9290.00  5.678750E+00
      9292.00  5.618760E+00
      9294.00  5.439690E+00
      9296.00  5.307160E+00
      9298.00  5.118340E+00
      9300.00  5.038290E+00
      9302.00  5.147400E+00
      9304.00  5.342520E+00
      9306.00  5.469940E+00
      9308.00  5.617400E+00
      9310.00  5.637690E+00
      9312.00  5.493820E+00
      9314.00  5.440550E+00
      9316.00  5.498900E+00
      9318.00  5.554830E+00
      9320.00  5.548250E+00
      9322.00  5.508210E+00
      9324.00  5.351720E+00
      9326.00  4.940910E+00
      9328.00  4.835870E+00
      9330.00  4.948010E+00
      9332.00  5.109520E+00
      9334.00  5.392640E+00
      9336.00  5.641550E+00
      9338.00  5.429110E+00
      9340.00  4.758840E+00
      9342.00  4.553910E+00
      9344.00  4.573070E+00
      9346.00  4.668990E+00
      9348.00  4.946990E+00
      9350.00  5.198280E+00
      9352.00  5.281220E+00
      9354.00  5.264560E+00
      9356.00  5.045950E+00
      9358.00  4.311000E+00
      9360.00  4.243110E+00
      9362.00  4.757670E+00
      9364.00  5.184440E+00
      9366.00  5.351960E+00
      9368.00  5.465780E+00
      9370.00  5.719300E+00
      9372.00  6.080090E+00
      9374.00  6.283420E+00
      9376.00  6.471690E+00
      9378.00  6.460840E+00
      9380.00  6.149700E+00
      9382.00  5.839900E+00
      9384.00  5.741740E+00
      9386.00  5.743920E+00
      9388.00  5.715490E+00
      9390.00  5.777980E+00
      9392.00  5.673450E+00
      9394.00  5.364460E+00
      9396.00  5.161160E+00
      9398.00  5.157750E+00
      9400.00  5.220830E+00
      9402.00  5.202140E+00
      9404.00  5.164920E+00
      9406.00  5.086950E+00
      9408.00  4.852970E+00
      9410.00  4.845950E+00
      9412.00  5.136880E+00
      9414.00  5.420630E+00
      9416.00  5.537850E+00
      9418.00  5.566900E+00
      9420.00  5.411620E+00
      9422.00  4.889430E+00
      9424.00  4.739640E+00
      9426.00  4.873110E+00
      9428.00  4.934900E+00
      9430.00  4.848260E+00
      9432.00  4.720910E+00
      9434.00  4.618090E+00
      9436.00  4.457370E+00
      9438.00  4.616710E+00
      9440.00  5.234440E+00
      9442.00  5.496000E+00
      9444.00  5.436290E+00
      9446.00  5.274780E+00
      9448.00  5.046590E+00
      9450.00  4.758190E+00
      9452.00  4.814930E+00
      9454.00  5.343580E+00
      9456.00  5.402130E+00
      9458.00  5.100770E+00
      9460.00  4.913620E+00
      9462.00  4.931600E+00
      9464.00  5.016360E+00
      9466.00  5.052350E+00
      9468.00  5.070210E+00
      9470.00  5.193830E+00
      9472.00  5.401340E+00
      9474.00  5.636430E+00
      9476.00  6.112180E+00
      9478.00  6.320030E+00
      9480.00  5.809990E+00
      9482.00  4.909140E+00
      9484.00  4.667730E+00
      9486.00  4.890110E+00
      9488.00  4.935500E+00
      9490.00  5.045700E+00
      9492.00  5.068440E+00
      9494.00  4.892080E+00
      9496.00  4.729810E+00
      9498.00  4.905940E+00
      9500.00  5.360460E+00
      9502.00  5.496250E+00
      9504.00  5.422520E+00
      9506.00  5.403730E+00
      9508.00  5.412940E+00
      9510.00  5.402960E+00
      9512.00  5.347560E+00
      9514.00  5.266430E+00
      9516.00  5.209440E+00
      9518.00  5.049650E+00
      9520.00  5.189140E+00
      9522.00  5.742150E+00
      9524.00  6.032770E+00
      9526.00  5.911700E+00
      9528.00  5.664100E+00
      9530.00  5.560470E+00
      9532.00  5.490710E+00
      9534.00  5.418780E+00
      9536.00  5.359050E+00
      9538.00  5.302880E+00
      9540.00  5.260060E+00
      9542.00  5.209650E+00
      9544.00  5.125590E+00
      9546.00  5.032530E+00
      9548.00  5.019620E+00
      9550.00  5.072530E+00
      9552.00  5.122970E+00
      9554.00  5.299620E+00
      9556.00  5.286440E+00
      9558.00  4.893490E+00
      9560.00  4.513580E+00
      9562.00  4.661150E+00
      9564.00  5.192140E+00
      9566.00  5.370270E+00
      9568.00  5.432980E+00
      9570.00  5.388050E+00
      9572.00  5.124340E+00
      9574.00  4.923930E+00
      9576.00  4.965110E+00
      9578.00  5.105500E+00
      9580.00  5.050820E+00
      9582.00  4.863830E+00
      9584.00  4.719940E+00
      9586.00  4.491010E+00
      9588.00  4.399190E+00
      9590.00  4.493680E+00
      9592.00  4.663850E+00
      9594.00  4.822480E+00
      9596.00  5.022190E+00
      9598.00  5.101290E+00
      9600.00  5.052970E+00
      9602.00  5.070910E+00
      9604.00  5.173610E+00
      9606.00  5.211400E+00
      9608.00  5.111210E+00
      9610.00  4.929090E+00
      9612.00  4.741610E+00
      9614.00  4.486210E+00
      9616.00  4.302390E+00
      9618.00  4.097060E+00
      9620.00  4.021400E+00
      9622.00  4.088550E+00
      9624.00  4.261060E+00
      9626.00  4.542230E+00
      9628.00  4.953100E+00
      9630.00  5.210490E+00
      9632.00  5.444750E+00
      9634.00  5.535530E+00
      9636.00  5.482140E+00
      9638.00  5.353060E+00
      9640.00  5.143710E+00
      9642.00  4.878510E+00
      9644.00  4.688040E+00
      9646.00  4.455430E+00
      9648.00  4.468340E+00
      9650.00  4.788330E+00
      9652.00  4.973390E+00
      9654.00  5.031820E+00
      9656.00  4.986120E+00
      9658.00  4.734780E+00
      9660.00  4.271970E+00
      9662.00  4.359180E+00
      9664.00  5.095960E+00
      9666.00  5.329320E+00
      9668.00  5.204150E+00
      9670.00  5.009530E+00
      9672.00  4.725690E+00
      9674.00  4.450390E+00
      9676.00  4.715560E+00
      9678.00  5.666130E+00
      9680.00  5.798900E+00
      9682.00  5.307160E+00
      9684.00  4.980500E+00
      9686.00  4.785230E+00
      9688.00  4.699700E+00
      9690.00  4.828910E+00
      9692.00  5.149280E+00
      9694.00  5.220680E+00
      9696.00  5.088160E+00
      9698.00  5.087160E+00
      9700.00  5.241090E+00
      9702.00  5.281960E+00
      9704.00  5.049400E+00
      9706.00  4.719040E+00
      9708.00  4.646820E+00
      9710.00  4.762180E+00
      9712.00  4.774360E+00
      9714.00  4.675100E+00
      9716.00  4.757080E+00
      9718.00  5.163170E+00
      9720.00  5.528610E+00
      9722.00  5.516290E+00
      9724.00  5.273040E+00
      9726.00  5.000440E+00
      9728.00  4.438670E+00
      9730.00  4.223030E+00
      9732.00  4.269650E+00
      9734.00  4.396930E+00
      9736.00  4.600160E+00
      9738.00  4.845760E+00
      9740.00  4.955470E+00
      9742.00  5.022960E+00
      9744.00  4.926460E+00
      9746.00  4.447920E+00
      9748.00  4.362160E+00
      9750.00  4.868150E+00
      9752.00  5.372170E+00
      9754.00  5.390090E+00
      9756.00  5.142500E+00
      9758.00  4.842710E+00
      9760.00  4.173640E+00
      9762.00  3.949660E+00
      9764.00  4.133050E+00
      9766.00  4.280410E+00
      9768.00  4.229820E+00
      9770.00  4.147600E+00
      9772.00  4.248910E+00
      9774.00  4.521670E+00
      9776.00  4.614650E+00
      9778.00  4.500860E+00
      9780.00  4.593770E+00
      9782.00  5.063180E+00
      9784.00  5.429490E+00
      9786.00  5.253020E+00
      9788.00  4.734200E+00
      9790.00  4.479090E+00
      9792.00  4.232600E+00
      9794.00  4.157370E+00
      9796.00  4.295470E+00
      9798.00  4.417910E+00
      9800.00  4.516860E+00
      9802.00  4.558140E+00
      9804.00  4.332020E+00
      9806.00  3.771640E+00
      9808.00  3.650190E+00
      9810.00  3.847850E+00
      9812.00  3.995240E+00
      9814.00  4.115530E+00
      9816.00  4.244190E+00
      9818.00  4.407880E+00
      9820.00  4.593870E+00
      9822.00  4.626400E+00
      9824.00  4.416320E+00
      9826.00  4.465630E+00
      9828.00  4.773100E+00
      9830.00  4.976940E+00
      9832.00  4.923540E+00
      9834.00  4.812680E+00
      9836.00  4.965130E+00
      9838.00  5.382450E+00
      9840.00  5.364540E+00
      9842.00  4.886330E+00
      9844.00  4.700520E+00
      9846.00  4.949640E+00
      9848.00  5.090440E+00
      9850.00  4.636290E+00
      9852.00  3.840920E+00
      9854.00  3.705280E+00
      9856.00  4.022190E+00
      9858.00  4.324040E+00
      9860.00  5.012570E+00
      9862.00  5.322720E+00
      9864.00  4.861330E+00
      9866.00  4.203250E+00
      9868.00  4.283540E+00
      9870.00  4.936090E+00
      9872.00  4.970480E+00
      9874.00  4.561190E+00
      9876.00  4.327450E+00
      9878.00  4.221160E+00
      9880.00  4.169780E+00
      9882.00  4.163400E+00
      9884.00  4.205210E+00
      9886.00  4.229050E+00
      9888.00  4.191010E+00
      9890.00  4.318180E+00
      9892.00  4.746680E+00
      9894.00  4.916580E+00
      9896.00  4.605710E+00
      9898.00  4.142420E+00
      9900.00  3.970920E+00
      9902.00  3.939290E+00
      9904.00  3.885260E+00
      9906.00  4.029340E+00
      9908.00  3.842530E+00
      9910.00  2.996540E+00
      9912.00  2.464960E+00
      9914.00  3.054190E+00
      9916.00  4.288460E+00
      9918.00  4.748480E+00
      9920.00  4.880410E+00
      9922.00  4.858270E+00
      9924.00  4.382190E+00
      9926.00  4.158610E+00
      9928.00  4.497830E+00
      9930.00  4.898770E+00
      9932.00  4.588800E+00
      9934.00  3.624660E+00
      9936.00  3.699330E+00
      9938.00  4.856710E+00
      9940.00  5.268950E+00
      9942.00  4.941910E+00
      9944.00  4.526650E+00
      9946.00  4.360760E+00
      9948.00  4.259390E+00
      9950.00  4.106280E+00
      9952.00  3.737740E+00
      9954.00  3.860580E+00
      9956.00  4.496420E+00
      9958.00  4.994450E+00
      9960.00  5.274580E+00
      9962.00  5.432370E+00
      9964.00  5.474770E+00
      9966.00  5.421690E+00
      9968.00  5.111700E+00
      9970.00  4.235930E+00
      9972.00  3.933750E+00
      9974.00  4.229540E+00
      9976.00  4.613540E+00
      9978.00  4.893250E+00
      9980.00  5.148830E+00
      9982.00  5.042420E+00
      9984.00  4.336760E+00
      9986.00  4.299660E+00
      9988.00  4.841980E+00
      9990.00  5.149520E+00
      9992.00  5.050010E+00
      9994.00  4.831030E+00
      9996.00  4.768240E+00
      9998.00  4.781570E+00
