      3385.80  2.196045E-15
      3389.95  2.395379E-15
      3394.09  2.508737E-15
      3398.24  2.287424E-15
      3402.38  2.543458E-15
      3406.52  2.150107E-15
      3410.67  2.637657E-15
      3414.81  3.103771E-15
      3418.96  3.228247E-15
      3423.10  3.171349E-15
      3427.25  3.243652E-15
      3431.39  3.239847E-15
      3435.53  3.253394E-15
      3439.68  3.519295E-15
      3443.82  3.348745E-15
      3447.97  3.487716E-15
      3452.11  3.816659E-15
      3456.26  3.556557E-15
      3460.40  3.683325E-15
      3464.55  4.081409E-15
      3468.69  4.263624E-15
      3472.83  4.158637E-15
      3476.98  3.953793E-15
      3481.12  3.611299E-15
      3485.27  3.735138E-15
      3489.41  3.863223E-15
      3493.56  3.403826E-15
      3497.70  3.732830E-15
      3501.84  3.712266E-15
      3505.99  3.259482E-15
      3510.13  3.229253E-15
      3514.28  3.279247E-15
      3518.42  3.020399E-15
      3522.57  2.910681E-15
      3526.71  3.407458E-15
      3530.86  3.583984E-15
      3535.00  3.459640E-15
      3539.14  3.655625E-15
      3543.29  3.865147E-15
      3547.43  3.718775E-15
      3551.58  3.644955E-15
      3555.72  3.673528E-15
      3559.87  3.843037E-15
      3564.01  3.827402E-15
      3568.16  3.837514E-15
      3572.30  3.798575E-15
      3576.44  3.717744E-15
      3580.59  3.831314E-15
      3584.73  4.082851E-15
      3588.88  4.058271E-15
      3593.02  4.198386E-15
      3597.17  4.111267E-15
      3601.31  4.167172E-15
      3605.45  4.091549E-15
      3609.60  4.301502E-15
      3613.74  4.051108E-15
      3617.89  3.894343E-15
      3622.03  4.021450E-15
      3626.18  4.081086E-15
      3630.32  4.029646E-15
      3634.47  3.937127E-15
      3638.61  3.705007E-15
      3642.75  3.832013E-15
      3646.90  3.798054E-15
      3651.04  3.759206E-15
      3655.19  3.728242E-15
      3659.33  3.536884E-15
      3663.48  3.787311E-15
      3667.62  3.957175E-15
      3671.76  3.914703E-15
      3675.91  4.164628E-15
      3680.05  4.061544E-15
      3684.20  4.163653E-15
      3688.34  4.697476E-15
      3692.49  4.776260E-15
      3696.63  5.048997E-15
      3700.78  5.539133E-15
      3704.92  5.815014E-15
      3709.06  6.110824E-15
      3713.21  6.396465E-15
      3717.35  6.885806E-15
      3721.50  7.121540E-15
      3725.64  7.183078E-15
      3729.79  7.582144E-15
      3733.93  7.642722E-15
      3738.07  7.621056E-15
      3742.22  7.867558E-15
      3746.36  7.830809E-15
      3750.51  7.838871E-15
      3754.65  7.834372E-15
      3758.80  7.653271E-15
      3762.94  7.398774E-15
      3767.09  7.228620E-15
      3771.23  7.260441E-15
      3775.37  7.307515E-15
      3779.52  7.404770E-15
      3783.66  7.271112E-15
      3787.81  7.170611E-15
      3791.95  7.208111E-15
      3796.10  7.069145E-15
      3800.24  6.835351E-15
      3804.39  6.790437E-15
      3808.53  6.425784E-15
      3812.67  6.034075E-15
      3816.82  5.818421E-15
      3820.96  5.564434E-15
      3825.11  5.319676E-15
      3829.25  4.962422E-15
      3833.40  4.682553E-15
      3837.54  4.540117E-15
      3841.68  4.345933E-15
      3845.83  4.197900E-15
      3849.97  3.973775E-15
      3854.12  3.851908E-15
      3858.26  3.907663E-15
      3862.41  4.071030E-15
      3866.55  4.403241E-15
      3870.70  4.597077E-15
      3874.84  4.845064E-15
      3878.98  5.287543E-15
      3883.13  5.394372E-15
      3887.27  5.908284E-15
      3891.42  6.174959E-15
      3895.56  6.591944E-15
      3899.71  7.043344E-15
      3903.85  7.605557E-15
      3907.99  7.933824E-15
      3912.14  8.809120E-15
      3916.28  9.625586E-15
      3920.43  1.046054E-14
      3924.57  1.136174E-14
      3928.72  1.251153E-14
      3932.86  1.367632E-14
      3937.01  1.470510E-14
      3941.15  1.593985E-14
      3945.29  1.687414E-14
      3949.44  1.776520E-14
      3953.58  1.856595E-14
      3957.73  1.915929E-14
      3961.87  1.923504E-14
      3966.02  1.927768E-14
      3970.16  1.943636E-14
      3974.30  1.979313E-14
      3978.45  1.982074E-14
      3982.59  1.977357E-14
      3986.74  2.024098E-14
      3990.88  2.036126E-14
      3995.03  2.038398E-14
      3999.17  2.041076E-14
      4003.32  2.037120E-14
      4007.46  2.007094E-14
      4011.60  1.966269E-14
      4015.75  1.931892E-14
      4019.89  1.879195E-14
      4024.04  1.818699E-14
      4028.18  1.743689E-14
      4032.33  1.711274E-14
      4036.47  1.692459E-14
      4040.61  1.681306E-14
      4044.76  1.706949E-14
      4048.90  1.743603E-14
      4053.05  1.794273E-14
      4057.19  1.894450E-14
      4061.34  1.981683E-14
      4065.48  2.047169E-14
      4069.63  2.118119E-14
      4073.77  2.163297E-14
      4077.91  2.200841E-14
      4082.06  2.233974E-14
      4086.20  2.234787E-14
      4090.35  2.244249E-14
      4094.49  2.248575E-14
      4098.64  2.251518E-14
      4102.78  2.236622E-14
      4106.93  2.222450E-14
      4111.07  2.174082E-14
      4115.21  2.106980E-14
      4119.36  2.039822E-14
      4123.50  2.003141E-14
      4127.65  1.961563E-14
      4131.79  1.921654E-14
      4135.94  1.935231E-14
      4140.08  1.934572E-14
      4144.22  1.931773E-14
      4148.37  1.910441E-14
      4152.51  1.894227E-14
      4156.66  1.811488E-14
      4160.80  1.732980E-14
      4164.95  1.708052E-14
      4169.09  1.601948E-14
      4173.24  1.491992E-14
      4177.38  1.465111E-14
      4181.52  1.409731E-14
      4185.67  1.334048E-14
      4189.81  1.287135E-14
      4193.96  1.256219E-14
      4198.10  1.245716E-14
      4202.25  1.250280E-14
      4206.39  1.240164E-14
      4210.53  1.256133E-14
      4214.68  1.281633E-14
      4218.82  1.257872E-14
      4222.97  1.211713E-14
      4227.11  1.197966E-14
      4231.26  1.161304E-14
      4235.40  1.101009E-14
      4239.55  1.060242E-14
      4243.69  1.030951E-14
      4247.83  1.002358E-14
      4251.98  9.758219E-15
      4256.12  9.612363E-15
      4260.27  9.467858E-15
      4264.41  9.536581E-15
      4268.56  9.684166E-15
      4272.70  9.929106E-15
      4276.84  1.020334E-14
      4280.99  1.048817E-14
      4285.13  1.093033E-14
      4289.28  1.149987E-14
      4293.42  1.199407E-14
      4297.57  1.254446E-14
      4301.71  1.319037E-14
      4305.86  1.383057E-14
      4310.00  1.423617E-14
      4314.14  1.455783E-14
      4318.29  1.471832E-14
      4322.43  1.473569E-14
      4326.58  1.458314E-14
      4330.72  1.444191E-14
      4334.87  1.441194E-14
      4339.01  1.452178E-14
      4343.16  1.448740E-14
      4347.30  1.445515E-14
      4351.44  1.454676E-14
      4355.59  1.481832E-14
      4359.73  1.510775E-14
      4363.88  1.537438E-14
      4368.02  1.585025E-14
      4372.17  1.622827E-14
      4376.31  1.648513E-14
      4380.45  1.661292E-14
      4384.60  1.668719E-14
      4388.74  1.672193E-14
      4392.89  1.667006E-14
      4397.03  1.652564E-14
      4401.18  1.665574E-14
      4405.32  1.662033E-14
      4409.47  1.654300E-14
      4413.61  1.654620E-14
      4417.75  1.636792E-14
      4421.90  1.613205E-14
      4426.04  1.632485E-14
      4430.19  1.623825E-14
      4434.33  1.595750E-14
      4438.48  1.585848E-14
      4442.62  1.593888E-14
      4446.76  1.573805E-14
      4450.91  1.533074E-14
      4455.05  1.513804E-14
      4459.20  1.502853E-14
      4463.34  1.477489E-14
      4467.49  1.465700E-14
      4471.63  1.489041E-14
      4475.78  1.487862E-14
      4479.92  1.474273E-14
      4484.06  1.486951E-14
      4488.21  1.510694E-14
      4492.35  1.525717E-14
      4496.50  1.562077E-14
      4500.64  1.633792E-14
      4504.79  1.712429E-14
      4508.93  1.789324E-14
      4513.07  1.889181E-14
      4517.22  2.007684E-14
      4521.36  2.124550E-14
      4525.51  2.245626E-14
      4529.65  2.368227E-14
      4533.80  2.518634E-14
      4537.94  2.668666E-14
      4542.09  2.791661E-14
      4546.23  2.916048E-14
      4550.37  3.053699E-14
      4554.52  3.151972E-14
      4558.66  3.219080E-14
      4562.81  3.284117E-14
      4566.95  3.327470E-14
      4571.10  3.337292E-14
      4575.24  3.354310E-14
      4579.38  3.391858E-14
      4583.53  3.415977E-14
      4587.67  3.461702E-14
      4591.82  3.550043E-14
      4595.96  3.642519E-14
      4600.11  3.717112E-14
      4604.25  3.801634E-14
      4608.40  3.876595E-14
      4612.54  3.936309E-14
      4616.68  3.974558E-14
      4620.83  3.982440E-14
      4624.97  3.985697E-14
      4629.12  3.990246E-14
      4633.26  3.983598E-14
      4637.41  4.001024E-14
      4641.55  4.025536E-14
      4645.70  4.037033E-14
      4649.84  4.012292E-14
      4653.98  3.957063E-14
      4658.13  3.934193E-14
      4662.27  3.825286E-14
      4666.42  3.756290E-14
      4670.56  3.669875E-14
      4674.71  3.516627E-14
      4678.85  3.392947E-14
      4682.99  3.275887E-14
      4687.14  3.151365E-14
      4691.28  3.049951E-14
      4695.43  2.967368E-14
      4699.57  2.868376E-14
      4703.72  2.752671E-14
      4707.86  2.656932E-14
      4712.01  2.575774E-14
      4716.15  2.498134E-14
      4720.29  2.437669E-14
      4724.44  2.365946E-14
      4728.58  2.318016E-14
      4732.73  2.255106E-14
      4736.87  2.192629E-14
      4741.02  2.102116E-14
      4745.16  2.018168E-14
      4749.30  1.959725E-14
      4753.45  1.882401E-14
      4757.59  1.793255E-14
      4761.74  1.727392E-14
      4765.88  1.682402E-14
      4770.03  1.635140E-14
      4774.17  1.636700E-14
      4778.32  1.686049E-14
      4782.46  1.749993E-14
      4786.60  1.828353E-14
      4790.75  1.956455E-14
      4794.89  2.108200E-14
      4799.04  2.264299E-14
      4803.18  2.444224E-14
      4807.33  2.636448E-14
      4811.47  2.807149E-14
      4815.61  2.962507E-14
      4819.76  3.115190E-14
      4823.90  3.234378E-14
      4828.05  3.311946E-14
      4832.19  3.398538E-14
      4836.34  3.482417E-14
      4840.48  3.522058E-14
      4844.63  3.547005E-14
      4848.77  3.597915E-14
      4852.91  3.639697E-14
      4857.06  3.661112E-14
      4861.20  3.718372E-14
      4865.35  3.807261E-14
      4869.49  3.904011E-14
      4873.64  4.032904E-14
      4877.78  4.157686E-14
      4881.93  4.243725E-14
      4886.07  4.301535E-14
      4890.21  4.363124E-14
      4894.36  4.365383E-14
      4898.50  4.296935E-14
      4902.65  4.235503E-14
      4906.79  4.134584E-14
      4910.94  4.017894E-14
      4915.08  3.918280E-14
      4919.22  3.786535E-14
      4923.37  3.674941E-14
      4927.51  3.561039E-14
      4931.66  3.470106E-14
      4935.80  3.429999E-14
      4939.95  3.373045E-14
      4944.09  3.356196E-14
      4948.24  3.363528E-14
      4952.38  3.390054E-14
      4956.52  3.452570E-14
      4960.67  3.571496E-14
      4964.81  3.709836E-14
      4968.96  3.853363E-14
      4973.10  3.999299E-14
      4977.25  4.099112E-14
      4981.39  4.217498E-14
      4985.53  4.253595E-14
      4989.68  4.303697E-14
      4993.82  4.340776E-14
      4997.97  4.286432E-14
      5002.11  4.316425E-14
      5006.26  4.303890E-14
      5010.40  4.280062E-14
      5014.55  4.207076E-14
      5018.69  4.147648E-14
      5022.83  4.022181E-14
      5026.98  3.890220E-14
      5031.12  3.751491E-14
      5035.27  3.603992E-14
      5039.41  3.464999E-14
      5043.56  3.307471E-14
      5047.70  3.156833E-14
      5051.84  2.998446E-14
      5055.99  2.877533E-14
      5060.13  2.750384E-14
      5064.28  2.646841E-14
      5068.42  2.544697E-14
      5072.57  2.432078E-14
      5076.71  2.348127E-14
      5080.86  2.283363E-14
      5085.00  2.197143E-14
      5089.14  2.136287E-14
      5093.29  2.092498E-14
      5097.43  2.075311E-14
      5101.58  2.078992E-14
      5105.72  2.103965E-14
      5109.87  2.142747E-14
      5114.01  2.188683E-14
      5118.15  2.257821E-14
      5122.30  2.341844E-14
      5126.44  2.419533E-14
      5130.59  2.514697E-14
      5134.73  2.614967E-14
      5138.88  2.725066E-14
      5143.02  2.838898E-14
      5147.17  2.923493E-14
      5151.31  2.995287E-14
      5155.45  3.058191E-14
      5159.60  3.111343E-14
      5163.74  3.161369E-14
      5167.89  3.205677E-14
      5172.03  3.216281E-14
      5176.18  3.227225E-14
      5180.32  3.266898E-14
      5184.47  3.330632E-14
      5188.61  3.372891E-14
      5192.75  3.417733E-14
      5196.90  3.432701E-14
      5201.04  3.443234E-14
      5205.19  3.438154E-14
      5209.33  3.396171E-14
      5213.48  3.357420E-14
      5217.62  3.349864E-14
      5221.76  3.296343E-14
      5225.91  3.286497E-14
      5230.05  3.290428E-14
      5234.20  3.265701E-14
      5238.34  3.253274E-14
      5242.49  3.251474E-14
      5246.63  3.256866E-14
      5250.78  3.278288E-14
      5254.92  3.267583E-14
      5259.06  3.317330E-14
      5263.21  3.387552E-14
      5267.35  3.445862E-14
      5271.50  3.478205E-14
      5275.64  3.512421E-14
      5279.79  3.576359E-14
      5283.93  3.614879E-14
      5288.07  3.653656E-14
      5292.22  3.670329E-14
      5296.36  3.668557E-14
      5300.51  3.716962E-14
      5304.65  3.783286E-14
      5308.80  3.832070E-14
      5312.94  3.866359E-14
      5317.09  3.880929E-14
      5321.23  3.906309E-14
      5325.37  3.937594E-14
      5329.52  3.947408E-14
      5333.66  3.981096E-14
      5337.81  4.031021E-14
      5341.95  4.085992E-14
      5346.10  4.124642E-14
      5350.24  4.173201E-14
      5354.38  4.201840E-14
      5358.53  4.236054E-14
      5362.67  4.284892E-14
      5366.82  4.314240E-14
      5370.96  4.340923E-14
      5375.11  4.368047E-14
      5379.25  4.374434E-14
      5383.40  4.353122E-14
      5387.54  4.322718E-14
      5391.68  4.290410E-14
      5395.83  4.237998E-14
      5399.97  4.190707E-14
      5404.12  4.147897E-14
      5408.26  4.098374E-14
      5412.41  4.074006E-14
      5416.55  4.036490E-14
      5420.70  4.011561E-14
      5424.84  3.997402E-14
      5428.98  3.956447E-14
      5433.13  3.949288E-14
      5437.27  3.941664E-14
      5441.42  3.955043E-14
      5445.56  3.956225E-14
      5449.71  3.997435E-14
      5453.85  4.046644E-14
      5457.99  4.075195E-14
      5462.14  4.156496E-14
      5466.28  4.230581E-14
      5470.43  4.364452E-14
      5474.57  4.435257E-14
      5478.72  4.559205E-14
      5482.86  4.631113E-14
      5487.01  4.687270E-14
      5491.15  4.766680E-14
      5495.29  4.801016E-14
      5499.44  4.809183E-14
      5503.58  4.819815E-14
      5507.73  4.803969E-14
      5511.87  4.791165E-14
      5516.02  4.804781E-14
      5520.16  4.763563E-14
      5524.30  4.704385E-14
      5528.45  4.624252E-14
      5532.59  4.531183E-14
      5536.74  4.477578E-14
      5540.88  4.367898E-14
      5545.03  4.236469E-14
      5549.17  4.127356E-14
      5553.32  4.007571E-14
      5557.46  3.905241E-14
      5561.60  3.835041E-14
      5565.75  3.763223E-14
      5569.89  3.687754E-14
      5574.04  3.612522E-14
      5578.18  3.585848E-14
      5582.33  3.606189E-14
      5586.47  3.614717E-14
      5590.61  3.644245E-14
      5594.76  3.696076E-14
      5598.90  3.764508E-14
      5603.05  3.840614E-14
      5607.19  3.897555E-14
      5611.34  3.980148E-14
      5615.48  4.074381E-14
      5619.63  4.161251E-14
      5623.77  4.256803E-14
      5627.91  4.307048E-14
      5632.06  4.339730E-14
      5636.20  4.390852E-14
      5640.35  4.423712E-14
      5644.49  4.456660E-14
      5648.64  4.464252E-14
      5652.78  4.464844E-14
      5656.92  4.469508E-14
      5661.07  4.467649E-14
      5665.21  4.453350E-14
      5669.36  4.418749E-14
      5673.50  4.381992E-14
      5677.65  4.323999E-14
      5681.79  4.261249E-14
      5685.94  4.216272E-14
      5690.08  4.166496E-14
      5694.22  4.121548E-14
      5698.37  4.053478E-14
      5702.51  4.002333E-14
      5706.66  3.944815E-14
      5710.80  3.934543E-14
      5714.95  3.895981E-14
      5719.09  3.870636E-14
      5723.24  3.852375E-14
      5727.38  3.829650E-14
      5731.52  3.766330E-14
      5735.67  3.702755E-14
      5739.81  3.693385E-14
      5743.96  3.642438E-14
      5748.10  3.562676E-14
      5752.25  3.504640E-14
      5756.39  3.427530E-14
      5760.53  3.380165E-14
      5764.68  3.305508E-14
      5768.82  3.200770E-14
      5772.97  3.143516E-14
      5777.11  3.060646E-14
      5781.26  2.970036E-14
      5785.40  2.952641E-14
      5789.55  2.915496E-14
      5793.69  2.878736E-14
      5797.83  2.882769E-14
      5801.98  2.937574E-14
      5806.12  3.001139E-14
      5810.27  3.061840E-14
      5814.41  3.130503E-14
      5818.56  3.208459E-14
      5822.70  3.317436E-14
      5826.84  3.421317E-14
      5830.99  3.519620E-14
      5835.13  3.638420E-14
      5839.28  3.763597E-14
      5843.42  3.864147E-14
      5847.57  3.932665E-14
      5851.71  4.026969E-14
      5855.86  4.095592E-14
      5860.00  4.179019E-14
      5864.14  4.256456E-14
      5868.29  4.296053E-14
      5872.43  4.321454E-14
      5876.58  4.317502E-14
      5880.72  4.301372E-14
      5884.87  4.273249E-14
      5889.01  4.250549E-14
      5893.15  4.250164E-14
      5897.30  4.262190E-14
      5901.44  4.282335E-14
      5905.59  4.256748E-14
      5909.73  4.272971E-14
      5913.88  4.290744E-14
      5918.02  4.274437E-14
      5922.17  4.264373E-14
      5926.31  4.240770E-14
      5930.45  4.196060E-14
      5934.60  4.151508E-14
      5938.74  4.145377E-14
      5942.89  4.144999E-14
      5947.03  4.131888E-14
      5951.18  4.134059E-14
      5955.32  4.119901E-14
      5959.47  4.105816E-14
      5963.61  4.109113E-14
      5967.75  4.095660E-14
      5971.90  4.083292E-14
      5976.04  4.054835E-14
      5980.19  4.048868E-14
      5984.33  4.017202E-14
      5988.48  3.979380E-14
      5992.62  3.965172E-14
      5996.76  3.920999E-14
      6000.91  3.898783E-14
      6005.05  3.878247E-14
      6009.20  3.850030E-14
      6013.34  3.851474E-14
      6017.49  3.847673E-14
      6021.63  3.838022E-14
      6025.78  3.817781E-14
      6029.92  3.762051E-14
      6034.06  3.761080E-14
      6038.21  3.696943E-14
      6042.35  3.672070E-14
      6046.50  3.641946E-14
      6050.64  3.614987E-14
      6054.79  3.585639E-14
      6058.93  3.559041E-14
      6063.07  3.555935E-14
      6067.22  3.566332E-14
      6071.36  3.577542E-14
      6075.51  3.604676E-14
      6079.65  3.651841E-14
      6083.80  3.702709E-14
      6087.94  3.735930E-14
      6092.09  3.762837E-14
      6096.23  3.799056E-14
      6100.37  3.813593E-14
      6104.52  3.805422E-14
      6108.66  3.787271E-14
      6112.81  3.764607E-14
      6116.95  3.724809E-14
      6121.10  3.688780E-14
      6125.24  3.648065E-14
      6129.38  3.581509E-14
      6133.53  3.524754E-14
      6137.67  3.472528E-14
      6141.82  3.434267E-14
      6145.96  3.404990E-14
      6150.11  3.394134E-14
      6154.25  3.392636E-14
      6158.40  3.400183E-14
      6162.54  3.416413E-14
      6166.68  3.453099E-14
      6170.83  3.496397E-14
      6174.97  3.538841E-14
      6179.12  3.583752E-14
      6183.26  3.632145E-14
      6187.41  3.674185E-14
      6191.55  3.712273E-14
      6195.69  3.754139E-14
      6199.84  3.788682E-14
      6203.98  3.802541E-14
      6208.13  3.840600E-14
      6212.27  3.874815E-14
      6216.42  3.874003E-14
      6220.56  3.887974E-14
      6224.71  3.883727E-14
      6228.85  3.878338E-14
      6232.99  3.867248E-14
      6237.14  3.849913E-14
      6241.28  3.826841E-14
      6245.43  3.803354E-14
      6249.57  3.764705E-14
      6253.72  3.723909E-14
      6257.86  3.693905E-14
      6262.01  3.636980E-14
      6266.15  3.576879E-14
      6270.29  3.541688E-14
      6274.44  3.497129E-14
      6278.58  3.476742E-14
      6282.73  3.464721E-14
      6286.87  3.478439E-14
      6291.02  3.458940E-14
      6295.16  3.463272E-14
      6299.30  3.444910E-14
      6303.45  3.410883E-14
      6307.59  3.383434E-14
      6311.74  3.347757E-14
      6315.88  3.279393E-14
      6320.03  3.198969E-14
      6324.17  3.129403E-14
      6328.32  3.047484E-14
      6332.46  2.966340E-14
      6336.60  2.861924E-14
      6340.75  2.757002E-14
      6344.89  2.630612E-14
      6349.04  2.485477E-14
      6353.18  2.350863E-14
      6357.33  2.240577E-14
      6361.47  2.148631E-14
      6365.61  2.076714E-14
      6369.76  2.033901E-14
      6373.90  1.992065E-14
      6378.05  1.949172E-14
      6382.19  1.916424E-14
      6386.34  1.884028E-14
      6390.48  1.853685E-14
      6394.63  1.832898E-14
      6398.77  1.821897E-14
      6402.91  1.811900E-14
      6407.06  1.813526E-14
      6411.20  1.824263E-14
      6415.35  1.846478E-14
      6419.49  1.871178E-14
      6423.64  1.915566E-14
      6427.78  1.986951E-14
      6431.92  2.071533E-14
      6436.07  2.170812E-14
      6440.21  2.298535E-14
      6444.36  2.458728E-14
      6448.50  2.644410E-14
      6452.65  2.863388E-14
      6456.79  3.114706E-14
      6460.94  3.402576E-14
      6465.08  3.702477E-14
      6469.22  4.007180E-14
      6473.37  4.321833E-14
      6477.51  4.640986E-14
      6481.66  4.953677E-14
      6485.80  5.255983E-14
      6489.95  5.491489E-14
      6494.09  5.748760E-14
      6498.24  5.959753E-14
      6502.38  6.172108E-14
      6506.52  6.348071E-14
      6510.67  6.534998E-14
      6514.81  6.709107E-14
      6518.96  6.855715E-14
      6523.10  6.986761E-14
      6527.25  7.093505E-14
      6531.39  7.174897E-14
      6535.53  7.247229E-14
      6539.68  7.270962E-14
      6543.82  7.300068E-14
      6547.97  7.310579E-14
      6552.11  7.307644E-14
      6556.26  7.283069E-14
      6560.40  7.214566E-14
      6564.55  7.157138E-14
      6568.69  7.055319E-14
      6572.83  6.970032E-14
      6576.98  6.880145E-14
      6581.12  6.780781E-14
      6585.27  6.674367E-14
      6589.41  6.561567E-14
      6593.56  6.473004E-14
      6597.70  6.384020E-14
      6601.84  6.278320E-14
      6605.99  6.201747E-14
      6610.13  6.093007E-14
      6614.28  5.986489E-14
      6618.42  5.900296E-14
      6622.57  5.803746E-14
      6626.71  5.720897E-14
      6630.86  5.642508E-14
      6635.00  5.569704E-14
      6639.14  5.473197E-14
      6643.29  5.395570E-14
      6647.43  5.326172E-14
      6651.58  5.237869E-14
      6655.72  5.181113E-14
      6659.87  5.117531E-14
      6664.01  5.037915E-14
      6668.15  4.959919E-14
      6672.30  4.891282E-14
      6676.44  4.818622E-14
      6680.59  4.751032E-14
      6684.73  4.672570E-14
      6688.88  4.589416E-14
      6693.02  4.514491E-14
      6697.17  4.445703E-14
      6701.31  4.369298E-14
      6705.45  4.309957E-14
      6709.60  4.251031E-14
      6713.74  4.183134E-14
      6717.89  4.112407E-14
      6722.03  4.056770E-14
      6726.18  4.008031E-14
      6730.32  3.971730E-14
      6734.46  3.927838E-14
      6738.61  3.896515E-14
      6742.75  3.868007E-14
      6746.90  3.838280E-14
      6751.04  3.803420E-14
      6755.19  3.773171E-14
      6759.33  3.755486E-14
      6763.48  3.743434E-14
      6767.62  3.727562E-14
      6771.76  3.706409E-14
      6775.91  3.683855E-14
      6780.05  3.676554E-14
      6784.20  3.655387E-14
      6788.34  3.634162E-14
      6792.49  3.607160E-14
      6796.63  3.588568E-14
      6800.78  3.571086E-14
      6804.92  3.545728E-14
      6809.06  3.525017E-14
      6813.21  3.496730E-14
      6817.35  3.482069E-14
      6821.50  3.446496E-14
      6825.64  3.421292E-14
      6829.79  3.377950E-14
      6833.93  3.348659E-14
      6838.07  3.326115E-14
      6842.22  3.310780E-14
      6846.36  3.282121E-14
      6850.51  3.243858E-14
      6854.65  3.167585E-14
      6858.80  3.060097E-14
      6862.94  2.974376E-14
      6867.09  2.991704E-14
      6871.23  3.036138E-14
      6875.37  3.014497E-14
      6879.52  2.945475E-14
      6883.66  2.896136E-14
      6887.81  2.850578E-14
      6891.95  2.834696E-14
      6896.10  2.837390E-14
      6900.24  2.844355E-14
      6904.38  2.851475E-14
      6908.53  2.867967E-14
      6912.67  2.904315E-14
      6916.82  2.933929E-14
      6920.96  2.955232E-14
      6925.11  2.997458E-14
      6929.25  3.028876E-14
      6933.40  3.041953E-14
      6937.54  3.060073E-14
      6941.68  3.082051E-14
      6945.83  3.098134E-14
      6949.97  3.109901E-14
      6954.12  3.133071E-14
      6958.26  3.155328E-14
      6962.41  3.163400E-14
      6966.55  3.163980E-14
      6970.69  3.172403E-14
      6974.84  3.186013E-14
      6978.98  3.204808E-14
      6983.13  3.219233E-14
      6987.27  3.223984E-14
      6991.42  3.219680E-14
      6995.56  3.235205E-14
      6999.71  3.261281E-14
      7003.85  3.261638E-14
      7007.99  3.266151E-14
      7012.14  3.257315E-14
      7016.28  3.239309E-14
      7020.43  3.236165E-14
      7024.57  3.222926E-14
      7028.72  3.208858E-14
      7032.86  3.193538E-14
      7037.01  3.165643E-14
      7041.15  3.183458E-14
      7045.29  3.155269E-14
      7049.44  3.129699E-14
      7053.58  3.109226E-14
      7057.73  3.072924E-14
      7061.87  3.053987E-14
      7066.02  3.040461E-14
      7070.16  3.025882E-14
      7074.30  2.995652E-14
      7078.45  2.945741E-14
      7082.59  2.897945E-14
      7086.74  2.859443E-14
      7090.88  2.846308E-14
      7095.03  2.799493E-14
      7099.17  2.777143E-14
      7103.32  2.757174E-14
      7107.46  2.749160E-14
      7111.60  2.776300E-14
      7115.75  2.801892E-14
      7119.89  2.814735E-14
      7124.04  2.816855E-14
      7128.18  2.856450E-14
      7132.33  2.886777E-14
      7136.47  2.917206E-14
      7140.61  2.938516E-14
      7144.76  2.966054E-14
      7148.90  2.981641E-14
      7153.05  2.994594E-14
      7157.19  3.009977E-14
      7161.34  2.987645E-14
      7165.48  2.951518E-14
      7169.63  2.933911E-14
      7173.77  2.921412E-14
      7177.91  2.919033E-14
      7182.06  2.908399E-14
      7186.20  2.882790E-14
      7190.35  2.860144E-14
      7194.49  2.868047E-14
      7198.64  2.889458E-14
      7202.78  2.896365E-14
      7206.92  2.889458E-14
      7211.07  2.885196E-14
      7215.21  2.876686E-14
      7219.36  2.867214E-14
      7223.50  2.854546E-14
      7227.65  2.838029E-14
      7231.79  2.837450E-14
      7235.94  2.849162E-14
      7240.08  2.867464E-14
      7244.22  2.885541E-14
      7248.37  2.890161E-14
      7252.51  2.889233E-14
      7256.66  2.920839E-14
      7260.80  2.982074E-14
      7264.95  3.034638E-14
      7269.09  3.050846E-14
      7273.23  3.058611E-14
      7277.38  3.086640E-14
      7281.52  3.097904E-14
      7285.67  3.096025E-14
      7289.81  3.093984E-14
      7293.96  3.109570E-14
      7298.10  3.120642E-14
      7302.25  3.128454E-14
      7306.39  3.109082E-14
      7310.53  3.066042E-14
      7314.68  3.031677E-14
      7318.82  3.050545E-14
      7322.97  3.052200E-14
      7327.11  3.024161E-14
      7331.26  3.003983E-14
      7335.40  2.977420E-14
      7339.55  2.977946E-14
      7343.69  2.954247E-14
      7347.83  2.907680E-14
      7351.98  2.888244E-14
      7356.12  2.890330E-14
      7360.27  2.932117E-14
      7364.41  2.937508E-14
      7368.56  2.916721E-14
      7372.70  2.902182E-14
      7376.84  2.928031E-14
      7380.99  2.959930E-14
      7385.13  2.939917E-14
      7389.28  2.945583E-14
      7393.42  2.969842E-14
      7397.57  2.968984E-14
      7401.71  2.937014E-14
      7405.86  2.898932E-14
      7410.00  2.894566E-14
      7414.14  2.912150E-14
      7418.29  2.907016E-14
      7422.43  2.877157E-14
      7426.58  2.882729E-14
      7430.72  2.854693E-14
      7434.87  2.847210E-14
      7439.01  2.867050E-14
      7443.15  2.881956E-14
      7447.30  2.883968E-14
      7451.44  2.865136E-14
      7455.59  2.834504E-14
      7459.73  2.824867E-14
      7463.88  2.837227E-14
      7468.02  2.865634E-14
      7472.17  2.905852E-14
      7476.31  2.926620E-14
      7480.45  2.915424E-14
      7484.60  2.896805E-14
      7488.74  2.874094E-14
      7492.89  2.863438E-14
      7497.03  2.881812E-14
      7501.18  2.903968E-14
      7505.32  2.914468E-14
      7509.46  2.886909E-14
      7513.61  2.853589E-14
      7517.75  2.819616E-14
      7521.90  2.773641E-14
      7526.04  2.764374E-14
      7530.19  2.771324E-14
      7534.33  2.765582E-14
      7538.48  2.778660E-14
      7542.62  2.754765E-14
      7546.76  2.702100E-14
      7550.91  2.662452E-14
      7555.05  2.628798E-14
      7559.20  2.634973E-14
      7563.34  2.644921E-14
      7567.49  2.663635E-14
      7571.63  2.667573E-14
      7575.78  2.660309E-14
      7579.92  2.569098E-14
      7584.06  2.351085E-14
      7588.21  2.082437E-14
      7592.35  1.853711E-14
      7596.50  1.735325E-14
      7600.64  1.862374E-14
      7604.79  2.387184E-14
      7608.93  2.722917E-14
      7613.07  2.576395E-14
      7617.22  2.320553E-14
      7621.36  2.094156E-14
      7625.51  1.946891E-14
      7629.65  1.889569E-14
      7633.80  1.920687E-14
      7637.94  1.970693E-14
      7642.09  1.999950E-14
      7646.23  1.993096E-14
      7650.37  1.987025E-14
      7654.52  1.972414E-14
      7658.66  1.964821E-14
      7662.81  1.976731E-14
      7666.95  2.025818E-14
      7671.10  2.076941E-14
      7675.24  2.151789E-14
      7679.38  2.237083E-14
      7683.53  2.307881E-14
      7687.67  2.363391E-14
      7691.82  2.407438E-14
      7695.96  2.458991E-14
      7700.11  2.502690E-14
      7704.25  2.569385E-14
      7708.40  2.645973E-14
      7712.54  2.714201E-14
      7716.68  2.768683E-14
      7720.83  2.787778E-14
      7724.97  2.806221E-14
      7729.12  2.810412E-14
      7733.26  2.802875E-14
      7737.41  2.830314E-14
      7741.55  2.877747E-14
      7745.69  2.915157E-14
      7749.84  2.941315E-14
      7753.98  2.944001E-14
      7758.13  2.914311E-14
      7762.27  2.884338E-14
      7766.42  2.855422E-14
      7770.56  2.834839E-14
      7774.71  2.832940E-14
      7778.85  2.837427E-14
      7782.99  2.850518E-14
      7787.14  2.835706E-14
      7791.28  2.800252E-14
      7795.43  2.759248E-14
      7799.57  2.704500E-14
      7803.72  2.707016E-14
      7807.86  2.697023E-14
      7812.00  2.710460E-14
      7816.15  2.731268E-14
      7820.29  2.729686E-14
      7824.44  2.705325E-14
      7828.58  2.662331E-14
      7832.73  2.642832E-14
      7836.87  2.610500E-14
      7841.02  2.605152E-14
      7845.16  2.630149E-14
      7849.30  2.665425E-14
      7853.45  2.681600E-14
      7857.59  2.638593E-14
      7861.74  2.610358E-14
      7865.88  2.602148E-14
      7870.03  2.590231E-14
      7874.17  2.612245E-14
      7878.32  2.642668E-14
      7882.46  2.656934E-14
      7886.60  2.633617E-14
      7890.75  2.586997E-14
      7894.89  2.558728E-14
      7899.04  2.576358E-14
      7903.18  2.609293E-14
      7907.33  2.613691E-14
      7911.47  2.617096E-14
      7915.61  2.586887E-14
      7919.76  2.536898E-14
      7923.90  2.537140E-14
      7928.05  2.547569E-14
      7932.19  2.584578E-14
      7936.34  2.601253E-14
      7940.48  2.570181E-14
      7944.63  2.541028E-14
      7948.77  2.510080E-14
      7952.91  2.491244E-14
      7957.06  2.496878E-14
      7961.20  2.513297E-14
      7965.35  2.530833E-14
      7969.49  2.524227E-14
      7973.64  2.504213E-14
      7977.78  2.495612E-14
      7981.92  2.492725E-14
      7986.07  2.485983E-14
      7990.21  2.475433E-14
      7994.36  2.481455E-14
      7998.50  2.486356E-14
      8002.65  2.472889E-14
      8006.79  2.461911E-14
      8010.94  2.460956E-14
      8015.08  2.462103E-14
      8019.22  2.447173E-14
      8023.37  2.432085E-14
      8027.51  2.444243E-14
      8031.66  2.462890E-14
      8035.80  2.468799E-14
      8039.95  2.448120E-14
      8044.09  2.420791E-14
      8048.23  2.407019E-14
      8052.38  2.385429E-14
      8056.52  2.368782E-14
      8060.67  2.365082E-14
      8064.81  2.346971E-14
      8068.96  2.322026E-14
      8073.10  2.298715E-14
      8077.25  2.285547E-14
      8081.39  2.273004E-14
      8085.53  2.267360E-14
      8089.68  2.270967E-14
      8093.82  2.280654E-14
      8097.97  2.277108E-14
      8102.11  2.268628E-14
      8106.26  2.272509E-14
      8110.40  2.245247E-14
      8114.55  2.204050E-14
      8118.69  2.173375E-14
      8122.83  2.160970E-14
      8126.98  2.144357E-14
      8131.12  2.147519E-14
      8135.27  2.169664E-14
      8139.41  2.166207E-14
      8143.56  2.173032E-14
      8147.70  2.171905E-14
      8151.84  2.143340E-14
      8155.99  2.132904E-14
      8160.13  2.125853E-14
      8164.28  2.123251E-14
      8168.42  2.151268E-14
      8172.57  2.195396E-14
      8176.71  2.236174E-14
      8180.86  2.252695E-14
      8185.00  2.239737E-14
      8189.14  2.227009E-14
      8193.29  2.212845E-14
      8197.43  2.197521E-14
      8201.58  2.170142E-14
      8205.72  2.157064E-14
      8209.87  2.139206E-14
      8214.01  2.083393E-14
      8218.15  2.038050E-14
      8222.30  2.024290E-14
      8226.44  2.020551E-14
      8230.59  1.997400E-14
      8234.73  1.960968E-14
      8238.88  1.918648E-14
      8243.02  1.849611E-14
      8247.17  1.772285E-14
      8251.31  1.703204E-14
      8255.45  1.635416E-14
      8259.60  1.558609E-14
      8263.74  1.476892E-14
      8267.89  1.393535E-14
      8272.03  1.314319E-14
      8276.18  1.233939E-14
      8280.32  1.151469E-14
      8284.46  1.079522E-14
      8288.61  1.017748E-14
      8292.75  9.665414E-15
      8296.90  9.260153E-15
      8301.04  8.905293E-15
      8305.19  8.572451E-15
      8309.33  8.261162E-15
      8313.48  7.965732E-15
      8317.62  7.652435E-15
      8321.76  7.405808E-15
      8325.91  7.166453E-15
      8330.05  6.931441E-15
      8334.20  6.691912E-15
      8338.34  6.541843E-15
      8342.49  6.560591E-15
      8346.63  6.683125E-15
      8350.77  6.681396E-15
      8354.92  6.799627E-15
      8359.06  6.876409E-15
      8363.21  7.145446E-15
      8367.35  7.218793E-15
      8371.50  7.397588E-15
      8375.64  7.694147E-15
      8379.79  8.037556E-15
      8383.93  8.650597E-15
      8388.07  9.238899E-15
      8392.22  9.748448E-15
      8396.36  1.039565E-14
      8400.51  1.083473E-14
      8404.65  1.116914E-14
      8408.80  1.156271E-14
      8412.94  1.184524E-14
      8417.09  1.195437E-14
      8421.23  1.215041E-14
      8425.37  1.242053E-14
      8429.52  1.287510E-14
      8433.66  1.348361E-14
      8437.81  1.394491E-14
      8441.95  1.436447E-14
      8446.10  1.472505E-14
      8450.24  1.484111E-14
      8454.38  1.490437E-14
      8458.53  1.493350E-14
      8462.67  1.502737E-14
      8466.82  1.506468E-14
      8470.96  1.527977E-14
      8475.11  1.561374E-14
      8479.25  1.592610E-14
      8483.40  1.630604E-14
      8487.54  1.662424E-14
      8491.68  1.680610E-14
      8495.83  1.690496E-14
      8499.97  1.706457E-14
      8504.12  1.713156E-14
      8508.26  1.740436E-14
      8512.41  1.773287E-14
      8516.55  1.818233E-14
      8520.69  1.911420E-14
      8524.84  2.020823E-14
      8528.98  2.113020E-14
      8533.13  2.211269E-14
      8537.27  2.302366E-14
      8541.42  2.355327E-14
      8545.56  2.399259E-14
      8549.71  2.462314E-14
      8553.85  2.545475E-14
      8557.99  2.642108E-14
      8562.14  2.753849E-14
      8566.28  2.882942E-14
      8570.43  3.030143E-14
      8574.57  3.172128E-14
      8578.72  3.276800E-14
      8582.86  3.362864E-14
      8587.00  3.408221E-14
      8591.15  3.424072E-14
      8595.29  3.445564E-14
      8599.44  3.489761E-14
      8603.58  3.551854E-14
      8607.73  3.650689E-14
      8611.87  3.751369E-14
      8616.02  3.813435E-14
      8620.16  3.857780E-14
      8624.30  3.870033E-14
      8628.45  3.843643E-14
      8632.59  3.805519E-14
      8636.74  3.785910E-14
      8640.88  3.766735E-14
      8645.03  3.730717E-14
      8649.17  3.771001E-14
      8653.32  3.840981E-14
      8657.46  3.882024E-14
      8661.60  3.899549E-14
      8665.75  3.845952E-14
      8669.89  3.817806E-14
      8674.04  3.752567E-14
      8678.18  3.670895E-14
      8682.33  3.618385E-14
      8686.47  3.564049E-14
      8690.61  3.581915E-14
      8694.76  3.563965E-14
      8698.90  3.587966E-14
      8703.05  3.609665E-14
      8707.19  3.556829E-14
      8711.34  3.498134E-14
      8715.48  3.421767E-14
      8719.63  3.320886E-14
      8723.77  3.245292E-14
      8727.91  3.215052E-14
      8732.06  3.182283E-14
      8736.20  3.201384E-14
      8740.35  3.176506E-14
      8744.49  3.136182E-14
      8748.64  3.084899E-14
      8752.78  3.017441E-14
      8756.92  2.930467E-14
      8761.07  2.834650E-14
      8765.21  2.747048E-14
      8769.36  2.669170E-14
      8773.50  2.607775E-14
      8777.65  2.557998E-14
      8781.79  2.519782E-14
      8785.94  2.491734E-14
      8790.08  2.461396E-14
      8794.22  2.412303E-14
      8798.37  2.337317E-14
      8802.51  2.271479E-14
      8806.66  2.230029E-14
      8810.80  2.187838E-14
      8814.95  2.142218E-14
      8819.09  2.125350E-14
      8823.23  2.131764E-14
      8827.38  2.136314E-14
      8831.52  2.141162E-14
      8835.67  2.133942E-14
      8839.81  2.110982E-14
      8843.96  2.082476E-14
      8848.10  2.059191E-14
      8852.25  2.037451E-14
      8856.39  2.005750E-14
      8860.53  2.009729E-14
      8864.68  2.030553E-14
      8868.82  2.065648E-14
      8872.97  2.091853E-14
      8877.11  2.098789E-14
      8881.26  2.112791E-14
      8885.40  2.108076E-14
      8889.54  2.098502E-14
      8893.69  2.081000E-14
      8897.83  2.022985E-14
      8901.98  1.995018E-14
      8906.12  1.990905E-14
      8910.27  1.980572E-14
      8914.41  1.981960E-14
      8918.56  1.978138E-14
      8922.70  1.979643E-14
      8926.84  1.973444E-14
      8930.99  1.975114E-14
      8935.13  1.977620E-14
      8939.28  1.921763E-14
      8943.42  1.883557E-14
      8947.57  1.850261E-14
      8951.71  1.808399E-14
      8955.86  1.744276E-14
      8960.00  1.724678E-14
      8964.14  1.716242E-14
      8968.29  1.703141E-14
      8972.43  1.693129E-14
      8976.58  1.690992E-14
      8980.72  1.714719E-14
      8984.87  1.749046E-14
      8989.01  1.767861E-14
      8993.15  1.790881E-14
      8997.30  1.806011E-14
      9001.44  1.803615E-14
      9005.59  1.782245E-14
      9009.73  1.773749E-14
      9013.88  1.774499E-14
      9018.02  1.796878E-14
      9022.17  1.829904E-14
      9026.31  1.874161E-14
      9030.45  1.885161E-14
      9034.60  1.903097E-14
      9038.74  1.910549E-14
      9042.89  1.896826E-14
      9047.03  1.878863E-14
      9051.18  1.838205E-14
      9055.32  1.773742E-14
      9059.46  1.712062E-14
      9063.61  1.668217E-14
      9067.75  1.632369E-14
      9071.90  1.597034E-14
      9076.04  1.566031E-14
      9080.19  1.553021E-14
      9084.33  1.543745E-14
      9088.48  1.537878E-14
      9092.62  1.531335E-14
      9096.76  1.511177E-14
      9100.91  1.491053E-14
      9105.05  1.459494E-14
      9109.20  1.428922E-14
      9113.34  1.412994E-14
      9117.49  1.391542E-14
      9121.63  1.376777E-14
      9125.77  1.384032E-14
      9129.92  1.428589E-14
      9134.06  1.474447E-14
      9138.21  1.514627E-14
      9142.35  1.535603E-14
      9146.50  1.576909E-14
      9150.64  1.633656E-14
      9154.79  1.686780E-14
      9158.93  1.704014E-14
      9163.07  1.688861E-14
      9167.22  1.720743E-14
      9171.36  1.732309E-14
      9175.51  1.740917E-14
      9179.65  1.755576E-14
      9183.80  1.792738E-14
      9187.94  1.831330E-14
      9192.09  1.860804E-14
      9196.23  1.891547E-14
      9200.37  1.884057E-14
      9204.52  1.881560E-14
      9208.66  1.882028E-14
      9212.81  1.878804E-14
      9216.95  1.857301E-14
      9221.10  1.821531E-14
      9225.24  1.808197E-14
      9229.38  1.777728E-14
      9233.53  1.778803E-14
      9237.67  1.756026E-14
      9241.82  1.782389E-14
      9245.96  1.771059E-14
      9250.11  1.775418E-14
      9254.25  1.754155E-14
      9258.40  1.724185E-14
      9262.54  1.677597E-14
      9266.68  1.619213E-14
      9270.83  1.571672E-14
      9274.97  1.499904E-14
      9279.12  1.450769E-14
      9283.26  1.428039E-14
      9287.41  1.387081E-14
      9291.55  1.383431E-14
      9295.69  1.381710E-14
      9299.84  1.344371E-14
      9303.98  1.320917E-14
      9308.13  1.290913E-14
      9312.27  1.268400E-14
      9316.42  1.269122E-14
      9320.56  1.258891E-14
      9324.71  1.231781E-14
      9328.85  1.186846E-14
      9332.99  1.176111E-14
      9337.14  1.211851E-14
      9341.28  1.232074E-14
      9345.43  1.257386E-14
      9349.57  1.304186E-14
      9353.72  1.338419E-14
      9357.86  1.329072E-14
      9362.00  1.301876E-14
      9366.15  1.273799E-14
      9370.29  1.259455E-14
      9374.44  1.274965E-14
      9378.58  1.300828E-14
      9382.73  1.325464E-14
      9386.87  1.332601E-14
      9391.02  1.317417E-14
      9395.16  1.297270E-14
      9399.30  1.283198E-14
      9403.45  1.269376E-14
      9407.59  1.266599E-14
      9411.74  1.252870E-14
      9415.88  1.204674E-14
      9420.03  1.188760E-14
      9424.17  1.178066E-14
      9428.31  1.134756E-14
      9432.46  1.130991E-14
      9436.60  1.159013E-14
      9440.75  1.188450E-14
      9444.89  1.192496E-14
      9449.04  1.191040E-14
      9453.18  1.225187E-14
      9457.33  1.257276E-14
      9461.47  1.275168E-14
      9465.61  1.256235E-14
      9469.76  1.231378E-14
      9473.90  1.231027E-14
      9478.05  1.230505E-14
      9482.19  1.188403E-14
      9486.34  1.163124E-14
      9490.48  1.142903E-14
      9494.63  1.204249E-14
      9498.77  1.256819E-14
      9502.91  1.242069E-14
      9507.06  1.230911E-14
      9511.20  1.218336E-14
      9515.35  1.203270E-14
      9519.49  1.208316E-14
      9523.64  1.235214E-14
      9527.78  1.217316E-14
      9531.92  1.211727E-14
      9536.07  1.219844E-14
      9540.21  1.202463E-14
      9544.36  1.217526E-14
      9548.50  1.227683E-14
      9552.65  1.245940E-14
      9556.79  1.260694E-14
      9560.94  1.296432E-14
      9565.08  1.318844E-14
      9569.22  1.299825E-14
      9573.37  1.297033E-14
      9577.51  1.290280E-14
      9581.66  1.259926E-14
      9585.80  1.256106E-14
      9589.95  1.277845E-14
      9594.09  1.326781E-14
      9598.23  1.366374E-14
      9602.38  1.364413E-14
      9606.52  1.360970E-14
      9610.67  1.360091E-14
      9614.81  1.379941E-14
      9618.96  1.402441E-14
      9623.10  1.407874E-14
      9627.25  1.394384E-14
      9631.39  1.379816E-14
      9635.53  1.398500E-14
      9639.68  1.450908E-14
      9643.82  1.484920E-14
      9647.97  1.486936E-14
      9652.11  1.504201E-14
      9656.26  1.537608E-14
      9660.40  1.568602E-14
      9664.54  1.591972E-14
      9668.69  1.599962E-14
      9672.83  1.593197E-14
      9676.98  1.573730E-14
      9681.12  1.575616E-14
      9685.27  1.581257E-14
      9689.41  1.568999E-14
      9693.56  1.574933E-14
      9697.70  1.604843E-14
      9701.84  1.625770E-14
      9705.99  1.625032E-14
      9710.13  1.612430E-14
      9714.28  1.585944E-14
      9718.42  1.562507E-14
      9722.57  1.541623E-14
      9726.71  1.517168E-14
      9730.86  1.516202E-14
      9735.00  1.490848E-14
      9739.14  1.474786E-14
      9743.29  1.533338E-14
      9747.43  1.519834E-14
      9751.58  1.504894E-14
      9755.72  1.553616E-14
      9759.87  1.556012E-14
      9764.01  1.549969E-14
      9768.15  1.514676E-14
      9772.30  1.503491E-14
      9776.44  1.507942E-14
      9780.59  1.482097E-14
      9784.73  1.485466E-14
      9788.88  1.509815E-14
      9793.02  1.518118E-14
      9797.17  1.540377E-14
      9801.31  1.544026E-14
      9805.45  1.514975E-14
      9809.60  1.514689E-14
      9813.74  1.508491E-14
      9817.89  1.452155E-14
      9822.03  1.461408E-14
      9826.18  1.475274E-14
      9830.32  1.432576E-14
      9834.46  1.421336E-14
      9838.61  1.411788E-14
      9842.75  1.444189E-14
      9846.90  1.489602E-14
      9851.04  1.493012E-14
      9855.19  1.483877E-14
      9859.33  1.468691E-14
      9863.48  1.419392E-14
      9867.62  1.398374E-14
      9871.76  1.384317E-14
      9875.91  1.365322E-14
      9880.05  1.375979E-14
      9884.20  1.389667E-14
      9888.34  1.387137E-14
      9892.49  1.394804E-14
      9896.63  1.410024E-14
      9900.77  1.394721E-14
      9904.92  1.399124E-14
      9909.06  1.384954E-14
      9913.21  1.367971E-14
      9917.35  1.394845E-14
      9921.50  1.391504E-14
      9925.64  1.387499E-14
      9929.79  1.415955E-14
      9933.93  1.460948E-14
      9938.07  1.518623E-14
      9942.22  1.569639E-14
